# Layer profile at T = 0.300000
# input   = bicrystal_Sigma139_theta25.4611deg.dat
# seed    = 1000785
# n_samples = 1000
# Lx = 81.538649  Ly = 47.076361
# columns : x rho coord psi6 psi4
0.679489 0.83004936 5.782084 0.790984 0.129960
2.038466 0.84283546 5.841175 0.822203 0.115945
3.397444 0.85013510 5.911414 0.862252 0.098750
4.756421 0.86439051 5.965877 0.891947 0.085173
6.115399 0.86804815 5.991141 0.905056 0.078636
7.474376 0.87054910 5.997792 0.909042 0.076311
8.833354 0.86965814 5.999209 0.909528 0.075523
10.192331 0.87001765 5.999281 0.911080 0.075247
11.551309 0.86931426 5.999443 0.910521 0.075501
12.910286 0.87051784 5.999354 0.910730 0.075378
14.269263 0.87050221 5.999264 0.910364 0.075338
15.628241 0.87028337 5.999389 0.910856 0.074973
16.987218 0.87061162 5.999408 0.911192 0.075339
18.346196 0.86886096 5.999532 0.910383 0.075303
19.705173 0.87039279 5.999515 0.910308 0.075400
21.064151 0.87051784 5.999372 0.910457 0.075307
22.423128 0.86947056 5.999227 0.910557 0.075401
23.782106 0.87093987 5.999318 0.910043 0.075245
25.141083 0.87117434 5.999444 0.910867 0.075003
26.500061 0.86843892 5.999442 0.911071 0.074977
27.859038 0.86976755 5.999245 0.910486 0.075388
29.218016 0.87028337 5.999515 0.909639 0.075598
30.576993 0.86904853 5.999119 0.909999 0.075513
31.935971 0.86898601 5.997877 0.909500 0.075669
33.294948 0.86856397 5.992370 0.907453 0.077539
34.653926 0.86718845 5.978965 0.902570 0.080576
36.012903 0.86356207 5.960016 0.890243 0.085837
37.371881 0.85433982 5.919461 0.865181 0.096880
38.730858 0.83950607 5.844641 0.825100 0.115037
40.089836 0.82726705 5.772036 0.780896 0.132113
41.448813 0.82509435 5.772667 0.780257 0.132946
42.807790 0.84050645 5.836365 0.818404 0.118091
44.166768 0.85382400 5.909088 0.858262 0.099705
45.525745 0.86074850 5.957724 0.885983 0.087116
46.884723 0.86879843 5.985949 0.901510 0.079922
48.243700 0.86937678 5.996818 0.907187 0.076924
49.602678 0.86928299 5.998633 0.909803 0.076024
50.961655 0.87139317 5.999318 0.910320 0.075624
52.320633 0.86947056 5.999155 0.909916 0.075773
53.679610 0.86942367 5.999209 0.910799 0.075248
55.038588 0.87025211 5.999587 0.910773 0.075331
56.397565 0.87137754 5.999408 0.910988 0.075193
57.756543 0.87053347 5.999048 0.910157 0.075519
59.115520 0.87008017 5.999228 0.911020 0.075308
60.474498 0.86943930 5.999317 0.910820 0.075202
61.833475 0.87158074 5.999552 0.911563 0.074975
63.192453 0.87062725 5.999497 0.911314 0.074831
64.551430 0.87012706 5.999443 0.911525 0.075029
65.910408 0.87029900 5.999300 0.910986 0.075011
67.269385 0.87039279 5.999461 0.910876 0.075279
68.628363 0.87112744 5.999533 0.910609 0.075414
69.987340 0.86957998 5.999371 0.910873 0.075467
71.346317 0.86997075 5.999120 0.910111 0.075282
72.705295 0.87018959 5.998312 0.909876 0.076048
74.064272 0.86817320 5.993572 0.906387 0.077871
75.423250 0.86532837 5.977980 0.896801 0.082157
76.782227 0.85841950 5.943680 0.878406 0.090439
78.141205 0.85221402 5.895692 0.851842 0.102526
79.500182 0.84030325 5.836958 0.819677 0.117343
80.859160 0.82775161 5.783877 0.792385 0.128947
