# Layer profile at T = 0.340000
# input   = bicrystal_Sigma139_theta25.4611deg.dat
# seed    = 3000791
# n_samples = 1000
# Lx = 82.190395  Ly = 47.452646
# columns : x rho coord psi6 psi4
0.684920 0.84758241 5.943842 0.859145 0.098055
2.054760 0.84695166 5.934646 0.853993 0.099822
3.424600 0.84390563 5.923162 0.848939 0.102905
4.794440 0.84379794 5.914292 0.843442 0.104400
6.164280 0.84259798 5.919848 0.844435 0.103409
7.534120 0.84925926 5.939099 0.855035 0.098703
8.903959 0.85195147 5.965727 0.869682 0.092733
10.273799 0.85541287 5.983958 0.878910 0.088282
11.643639 0.85890504 5.993158 0.884120 0.086138
13.013479 0.85687435 5.995942 0.885624 0.084764
14.383319 0.85912042 5.996759 0.885923 0.084920
15.753159 0.85890504 5.997564 0.886314 0.084803
17.122999 0.85808969 5.997275 0.886173 0.084731
18.492839 0.85773586 5.996987 0.885789 0.084944
19.862679 0.85845891 5.997007 0.886555 0.084739
21.232519 0.85928964 5.996939 0.886600 0.084650
22.602359 0.85927426 5.996759 0.886058 0.085117
23.972198 0.85636668 5.997072 0.886699 0.084553
25.342038 0.85910503 5.996777 0.886380 0.084916
26.711878 0.85858198 5.996882 0.885885 0.085103
28.081718 0.85810507 5.997185 0.887093 0.084352
29.451558 0.85778201 5.997077 0.887010 0.084597
30.821398 0.85816661 5.996217 0.887140 0.084611
32.191238 0.85899735 5.995200 0.886941 0.084529
33.561078 0.85839737 5.993351 0.885746 0.085401
34.930918 0.85722818 5.992463 0.884728 0.085976
36.300758 0.85564363 5.987468 0.883297 0.086789
37.670598 0.85590516 5.982673 0.882182 0.087952
39.040437 0.85648975 5.978356 0.876925 0.090093
40.410277 0.85042845 5.958140 0.866841 0.095189
41.780117 0.84290566 5.924130 0.848361 0.102873
43.149957 0.83538288 5.878163 0.822136 0.114712
44.519797 0.82578325 5.828105 0.798357 0.125274
45.889637 0.82241415 5.803850 0.784016 0.131277
47.259477 0.82113728 5.800922 0.784355 0.132204
48.629317 0.82575249 5.827893 0.797186 0.126505
49.999157 0.83433677 5.860844 0.813991 0.118373
51.368997 0.83993655 5.899062 0.835183 0.108981
52.738837 0.84527480 5.926472 0.850991 0.102065
54.108677 0.84870544 5.947705 0.861825 0.097115
55.478516 0.85230530 5.965055 0.871584 0.092357
56.848356 0.85548979 5.979716 0.879523 0.088830
58.218196 0.85635130 5.988988 0.883704 0.086673
59.588036 0.85730510 5.993468 0.884932 0.085780
60.957876 0.85844352 5.996828 0.886824 0.084768
62.327716 0.85919734 5.997457 0.885665 0.085239
63.697556 0.85696666 5.997056 0.886422 0.084863
65.067396 0.86022807 5.995887 0.885518 0.085531
66.437236 0.85639745 5.989419 0.882213 0.086799
67.807076 0.85232068 5.972691 0.872474 0.091326
69.176916 0.84769009 5.942144 0.856531 0.098972
70.546755 0.84207493 5.908088 0.839106 0.106272
71.916595 0.83775202 5.881188 0.825847 0.112900
73.286435 0.83435215 5.873071 0.820957 0.114982
74.656275 0.83593671 5.877728 0.823006 0.113637
76.026115 0.83604439 5.895299 0.833914 0.109048
77.395955 0.84581324 5.921626 0.847300 0.103473
78.765795 0.84910542 5.942240 0.856899 0.098708
80.135635 0.84898235 5.950241 0.862170 0.096943
81.505475 0.84893620 5.949405 0.861440 0.096840
