# Layer profile at T = 0.280000
# input   = perfect_Sigma139_theta25.4611deg.dat
# seed    = 5
# n_samples = 1000
# Lx = 81.191690  Ly = 46.876044
# columns : x rho coord psi6 psi4
0.676597 0.87647608 5.999784 0.921595 0.070405
2.029792 0.87720126 5.999712 0.921400 0.070642
3.382987 0.87685444 5.999694 0.921609 0.070208
4.736182 0.87606620 5.999820 0.922073 0.070532
6.089377 0.87729585 5.999695 0.921214 0.070491
7.442572 0.87630267 5.999730 0.921164 0.070524
8.795766 0.87754809 5.999784 0.921064 0.070833
10.148961 0.87538831 5.999712 0.921086 0.070610
11.502156 0.87729585 5.999730 0.920830 0.070477
12.855351 0.87631843 5.999820 0.921258 0.070787
14.208546 0.87664950 5.999712 0.920908 0.070684
15.561741 0.87466313 5.999856 0.920463 0.070885
16.914935 0.87822598 5.999785 0.920602 0.070737
18.268130 0.87646032 5.999802 0.921485 0.070544
19.621325 0.87623961 5.999712 0.921019 0.070765
20.974520 0.87582973 5.999838 0.921846 0.070325
22.327715 0.87724856 5.999730 0.921326 0.070391
23.680910 0.87675985 5.999694 0.921326 0.070575
25.034105 0.87597161 5.999910 0.920838 0.070595
26.387299 0.87728009 5.999784 0.921876 0.070584
27.740494 0.87598737 5.999838 0.920361 0.070734
29.093689 0.87565631 5.999640 0.920523 0.070937
30.446884 0.87735891 5.999587 0.921364 0.070523
31.800079 0.87611349 5.999838 0.921626 0.070719
33.153274 0.87605043 5.999802 0.922239 0.070399
34.506468 0.87791068 5.999802 0.921491 0.070613
35.859663 0.87644455 5.999730 0.920902 0.070649
37.212858 0.87666526 5.999802 0.921387 0.070374
38.566053 0.87710668 5.999838 0.921753 0.070491
39.919248 0.87609773 5.999748 0.921608 0.070377
41.272443 0.87664950 5.999730 0.921409 0.070447
42.625637 0.87739044 5.999820 0.921145 0.070500
43.978832 0.87568784 5.999730 0.920727 0.070685
45.332027 0.87687020 5.999586 0.921108 0.070610
46.685222 0.87641302 5.999748 0.921331 0.070622
48.038417 0.87754809 5.999802 0.921457 0.070578
49.391612 0.87526219 5.999766 0.921414 0.070637
50.744806 0.87713820 5.999748 0.921992 0.070307
52.098001 0.87668103 5.999874 0.922164 0.070327
53.451196 0.87707515 5.999838 0.921751 0.070549
54.804391 0.87584549 5.999784 0.921501 0.070444
56.157586 0.87682291 5.999730 0.921243 0.070649
57.510781 0.87683867 5.999748 0.921040 0.070455
58.863975 0.87546714 5.999766 0.921171 0.070717
60.217170 0.87780033 5.999838 0.921441 0.070605
61.570365 0.87453701 5.999838 0.920611 0.070836
62.923560 0.87825751 5.999587 0.920928 0.070684
64.276755 0.87553019 5.999730 0.920816 0.071015
65.629950 0.87655491 5.999658 0.921126 0.070680
66.983145 0.87729585 5.999766 0.920766 0.070837
68.336339 0.87524643 5.999712 0.921257 0.070703
69.689534 0.87581396 5.999658 0.921219 0.070800
71.042729 0.87603467 5.999694 0.920964 0.070862
72.395924 0.87936104 5.999767 0.920703 0.070965
73.749119 0.87272406 5.999711 0.920917 0.070828
75.102314 0.87720126 5.999730 0.921508 0.070486
76.455508 0.87751656 5.999748 0.921092 0.070817
77.808703 0.87646032 5.999622 0.921192 0.070850
79.161898 0.87680714 5.999784 0.921407 0.070509
80.515093 0.87510454 5.999874 0.921856 0.070142
