# Layer profile at T = 0.380000
# input   = bicrystal_Sigma139_theta25.4611deg.dat
# seed    = 5000797
# n_samples = 1000
# Lx = 83.482044  Ly = 48.198381
# columns : x rho coord psi6 psi4
0.695684 0.80922547 5.812265 0.771533 0.136371
2.087051 0.81313232 5.837301 0.783988 0.130508
3.478419 0.82011098 5.871250 0.797911 0.123561
4.869786 0.82354066 5.901065 0.813111 0.116865
6.261153 0.83069825 5.928161 0.824878 0.111297
7.652521 0.83379987 5.950461 0.833490 0.106412
9.043888 0.83643923 5.962027 0.838559 0.104155
10.435256 0.83636468 5.968746 0.841315 0.102460
11.826623 0.83708044 5.970856 0.842486 0.102330
13.217990 0.83532086 5.966725 0.842041 0.102398
14.609358 0.83815407 5.964703 0.841633 0.102574
16.000725 0.83517174 5.967094 0.841885 0.102460
17.392093 0.83763217 5.968561 0.842913 0.101711
18.783460 0.83700588 5.971192 0.843888 0.101278
20.174827 0.83790058 5.971668 0.843956 0.101530
21.566195 0.83806460 5.969396 0.843223 0.101963
22.957562 0.83631994 5.969796 0.842367 0.101998
24.348930 0.83755761 5.971870 0.841765 0.102071
25.740297 0.83681203 5.968370 0.840372 0.102959
27.131664 0.83374023 5.952139 0.835066 0.105053
28.523032 0.83145874 5.939812 0.829937 0.108595
29.914399 0.83172715 5.934166 0.826079 0.110343
31.305767 0.82950532 5.923402 0.818156 0.113224
32.697134 0.82597126 5.904262 0.808179 0.117901
34.088501 0.81885840 5.870379 0.793764 0.125060
35.479869 0.81199904 5.824641 0.771760 0.134867
36.871236 0.80250032 5.777635 0.750360 0.144763
38.262604 0.79313580 5.727068 0.726984 0.156141
39.653971 0.79064555 5.703727 0.712454 0.161364
41.045338 0.79043679 5.699121 0.710008 0.162994
42.436706 0.79112273 5.707392 0.717037 0.160311
43.828073 0.79677424 5.740479 0.734842 0.153211
45.219441 0.80588526 5.792706 0.759620 0.141253
46.610808 0.81660674 5.844402 0.784284 0.130261
48.002175 0.82328716 5.886780 0.803979 0.120761
49.393543 0.82697034 5.910869 0.817551 0.114874
50.784910 0.83074298 5.925939 0.827106 0.110836
52.176278 0.83469457 5.937991 0.832614 0.107925
53.567645 0.83317358 5.948545 0.836121 0.105637
54.959012 0.83532086 5.955264 0.839430 0.104165
56.350380 0.83687167 5.959677 0.841485 0.102991
57.741747 0.83712517 5.963038 0.841527 0.102819
59.133115 0.83867598 5.968316 0.842015 0.101910
60.524482 0.83712517 5.963341 0.842646 0.102360
61.915849 0.83567874 5.952732 0.840085 0.104056
63.307217 0.83521648 5.948939 0.838338 0.105208
64.698584 0.83555945 5.948228 0.836558 0.105651
66.089952 0.83406828 5.942343 0.830397 0.108166
67.481319 0.83166751 5.926739 0.822523 0.111650
68.872686 0.82726857 5.903908 0.812538 0.116270
70.264054 0.82333189 5.872713 0.800596 0.123327
71.655421 0.81581642 5.852806 0.786739 0.128513
73.046789 0.81377353 5.830466 0.775663 0.132903
74.438156 0.80931494 5.807348 0.766166 0.137893
75.829523 0.80695890 5.791707 0.758909 0.140703
77.220891 0.80594491 5.788262 0.759685 0.142021
78.612258 0.80370816 5.787914 0.760756 0.141756
80.003626 0.80652646 5.798251 0.761574 0.140517
81.394993 0.80913600 5.806771 0.764575 0.138711
82.786360 0.80855445 5.806909 0.767440 0.137943
