# Layer profile at T = 0.440000
# input   = perfect_Sigma139_theta25.4611deg.dat
# seed    = 8000029
# n_samples = 1000
# Lx = 108.092165  Ly = 62.407040
# columns : x rho coord psi6 psi4
0.900768 0.49647539 5.969096 0.494307 0.185552
2.702304 0.50078924 5.982061 0.494638 0.184674
4.503840 0.50219457 5.957404 0.496010 0.185255
6.305376 0.49969521 5.932414 0.499578 0.186705
8.106912 0.49377145 5.955399 0.500069 0.185997
9.908448 0.48698491 5.952257 0.502424 0.183946
11.709984 0.48283116 5.935727 0.501301 0.186875
13.511521 0.48092773 5.929295 0.499889 0.187509
15.313057 0.49199254 5.931554 0.499202 0.187886
17.114593 0.49803193 5.958959 0.492703 0.187074
18.916129 0.50211452 6.003738 0.490044 0.185467
20.717665 0.50479178 6.005956 0.490865 0.184934
22.519201 0.50748682 5.972308 0.490669 0.187559
24.320737 0.50218568 5.977329 0.490892 0.186820
26.122273 0.49920601 5.992392 0.493692 0.184882
27.923809 0.50511198 6.015795 0.494115 0.183585
29.725345 0.51279686 6.023173 0.493174 0.183181
31.526881 0.51928098 6.040715 0.490667 0.181942
33.328417 0.52270538 6.085031 0.487289 0.179479
35.129953 0.52425303 6.095519 0.486962 0.180397
36.931490 0.52478670 6.079592 0.486981 0.180802
38.733026 0.52278543 6.081955 0.485070 0.180715
40.534562 0.52111326 6.076210 0.488423 0.180486
42.336098 0.52033943 6.060871 0.489290 0.180739
44.137634 0.51600779 6.014652 0.492459 0.182351
45.939170 0.51176510 5.980187 0.498254 0.182853
47.740706 0.50131401 5.976757 0.497841 0.183280
49.542242 0.49197475 5.943810 0.500328 0.185395
51.343778 0.47828605 5.913116 0.500261 0.188726
53.145314 0.46343217 5.856784 0.502535 0.192037
54.946850 0.44662149 5.771971 0.506503 0.197466
56.748386 0.42518565 5.676945 0.510036 0.202658
58.549922 0.41303571 5.612895 0.517089 0.206265
60.351459 0.41425427 5.640293 0.517447 0.204037
62.152995 0.43306622 5.695126 0.514115 0.202061
63.954531 0.46144869 5.816673 0.505135 0.194063
65.756067 0.49761389 5.950649 0.494348 0.187171
67.557603 0.52451097 6.058369 0.489292 0.181980
69.359139 0.53072826 6.122995 0.485468 0.178218
71.160675 0.54127718 6.164424 0.484571 0.176771
72.962211 0.53934706 6.181520 0.483894 0.175968
74.763747 0.53614503 6.173214 0.485253 0.175431
76.565283 0.53176892 6.124494 0.488398 0.176477
78.366819 0.52338137 6.080264 0.491773 0.178942
80.168355 0.51150716 6.047124 0.492858 0.180966
81.969891 0.49641312 6.012202 0.495036 0.183312
83.771428 0.48630893 5.977229 0.497773 0.184364
85.572964 0.49064057 5.965556 0.495547 0.187424
87.374500 0.50432037 5.965044 0.495566 0.186714
89.176036 0.50576128 5.989483 0.492780 0.185079
90.977572 0.50706878 5.994545 0.494740 0.185336
92.779108 0.49853002 5.980963 0.493231 0.186079
94.580644 0.48170156 5.968370 0.491666 0.188355
96.382180 0.46665200 6.005680 0.490642 0.188412
98.183716 0.46207131 6.055284 0.488202 0.184590
99.985252 0.46038135 6.064722 0.488713 0.183338
101.786788 0.46134196 5.996607 0.491843 0.186903
103.588324 0.47005860 5.937841 0.496441 0.189565
105.389860 0.47720981 5.942500 0.498755 0.188684
107.191397 0.48839914 5.957840 0.496830 0.187042
