# Layer profile at T = 0.280000
# input   = bicrystal_Sigma139_theta25.4611deg.dat
# seed    = 782
# n_samples = 1000
# Lx = 81.250474  Ly = 46.909983
# columns : x rho coord psi6 psi4
0.677087 0.85661700 5.907766 0.868504 0.095994
2.031262 0.86736879 5.959219 0.899766 0.082284
3.385436 0.87437398 5.989252 0.915083 0.074539
4.739611 0.87541295 5.998705 0.919321 0.071997
6.093786 0.87479902 5.999748 0.919637 0.071352
7.447960 0.87682973 5.999838 0.920210 0.071503
8.802135 0.87701864 5.999749 0.920562 0.070971
10.156309 0.87377579 5.999802 0.920845 0.071060
11.510484 0.87741219 5.999659 0.920404 0.071222
12.864658 0.87582225 5.999694 0.920076 0.071184
14.218833 0.87506663 5.999748 0.920829 0.070579
15.573007 0.87654638 5.999713 0.920700 0.070831
16.927182 0.87536573 5.999766 0.920943 0.070539
18.281357 0.87634173 5.999784 0.920740 0.070801
19.635531 0.87550741 5.999640 0.921275 0.070844
20.989706 0.87679825 5.999695 0.920461 0.071035
22.343880 0.87557037 5.999694 0.920599 0.070690
23.698055 0.87500366 5.999730 0.920577 0.071019
25.052229 0.87714457 5.999803 0.920505 0.070922
26.406404 0.87616857 5.999677 0.920977 0.070691
27.760579 0.87484624 5.999694 0.920261 0.070866
29.114753 0.87686122 5.999623 0.920503 0.070764
30.468928 0.87514534 5.999874 0.920964 0.070849
31.823102 0.87678251 5.999713 0.920966 0.071243
33.177277 0.87660935 5.999641 0.920955 0.071094
34.531451 0.87443695 5.999712 0.921014 0.071162
35.885626 0.87585373 5.999641 0.920845 0.071224
37.239800 0.87483050 5.999514 0.920462 0.071114
38.593975 0.87583799 5.998005 0.918607 0.071992
39.948150 0.87571205 5.990724 0.914608 0.073974
41.302324 0.87081629 5.979283 0.906861 0.077609
42.656499 0.86776234 5.951310 0.893529 0.085319
44.010673 0.85586138 5.904356 0.863107 0.097157
45.364848 0.84559759 5.841016 0.831769 0.112518
46.719022 0.84044996 5.800858 0.805926 0.122203
48.073197 0.83821459 5.808046 0.813330 0.120699
49.427372 0.84794315 5.852594 0.831983 0.109999
50.781546 0.85885236 5.919902 0.873621 0.093164
52.135721 0.87086351 5.973139 0.904036 0.079689
53.489895 0.87478327 5.993630 0.915777 0.073845
54.844070 0.87626302 5.998742 0.918980 0.072039
56.198244 0.87489347 5.999442 0.920387 0.071220
57.552419 0.87594818 5.999766 0.920738 0.071153
58.906593 0.87608986 5.999677 0.920371 0.071107
60.260768 0.87517682 5.999784 0.920820 0.071177
61.614943 0.87731774 5.999856 0.920272 0.071378
62.969117 0.87486198 5.999784 0.919822 0.071383
64.323292 0.87722328 5.999874 0.920429 0.071111
65.677466 0.87401192 5.999838 0.920340 0.071094
67.031641 0.87632599 5.999713 0.920117 0.071092
68.385815 0.87679825 5.999731 0.920392 0.070966
69.739990 0.87475179 5.999442 0.919831 0.071489
71.094165 0.87653064 5.997378 0.918481 0.072082
72.448339 0.87248494 5.987117 0.912599 0.075264
73.802514 0.86746324 5.953452 0.893606 0.084244
75.156688 0.85639661 5.907485 0.866960 0.096245
76.510863 0.84781722 5.853965 0.838025 0.109319
77.865037 0.83758491 5.800233 0.808403 0.121931
79.219212 0.83889150 5.791631 0.801087 0.123914
80.573386 0.84517256 5.838663 0.830817 0.112947
