# Layer profile at T = 0.340000
# input   = perfect_Sigma139_theta25.4611deg.dat
# seed    = 3000014
# n_samples = 1000
# Lx = 81.997638  Ly = 47.341359
# columns : x rho coord psi6 psi4
0.683314 0.85925385 5.996366 0.887314 0.084352
2.049941 0.86015033 5.996568 0.887126 0.084316
3.416568 0.85845012 5.996363 0.886659 0.084436
4.783196 0.85868196 5.996346 0.887449 0.084685
6.149823 0.85916111 5.996888 0.886930 0.084347
7.516450 0.85905292 5.996707 0.887446 0.084334
8.883077 0.86013487 5.996658 0.887337 0.084430
10.249705 0.85837284 5.996939 0.888587 0.083901
11.616332 0.85968663 5.997231 0.888624 0.083991
12.982959 0.85940842 5.996763 0.888217 0.084378
14.349587 0.85854286 5.996759 0.887376 0.084367
15.716214 0.85943933 5.996529 0.887042 0.084525
17.082841 0.85993394 5.996154 0.886192 0.084490
18.449469 0.85883653 5.996653 0.887820 0.084338
19.816096 0.85905292 5.996366 0.887460 0.084418
21.182723 0.85892927 5.996761 0.887083 0.084504
22.549351 0.85948570 5.996727 0.886562 0.084397
23.915978 0.85885199 5.996851 0.887699 0.084278
25.282605 0.86032035 5.996928 0.888034 0.084087
26.649232 0.85811008 5.996506 0.887414 0.084561
28.015860 0.85965572 5.996440 0.887079 0.084339
29.382487 0.85933113 5.996637 0.887595 0.084198
30.749114 0.85982574 5.996513 0.887722 0.084235
32.115742 0.85882107 5.996707 0.887511 0.084005
33.482369 0.85928477 5.996996 0.888593 0.083790
34.848996 0.85940842 5.997194 0.888580 0.083993
36.215624 0.85908383 5.997049 0.888555 0.083771
37.582251 0.85947024 5.996997 0.888596 0.084018
38.948878 0.86001122 5.996963 0.888476 0.083738
40.315506 0.85911474 5.996258 0.887974 0.084101
41.682133 0.85982574 5.996620 0.887410 0.084253
43.048760 0.85981028 5.996818 0.888143 0.083844
44.415387 0.85911474 5.996798 0.888727 0.084149
45.782015 0.85987211 5.997250 0.888807 0.083848
47.148642 0.85913020 5.996870 0.888119 0.084175
48.515269 0.85967118 5.996764 0.888574 0.084081
49.881897 0.86027398 5.996802 0.888235 0.084340
51.248524 0.85919203 5.996600 0.888464 0.083946
52.615151 0.85902201 5.996833 0.887571 0.084420
53.981779 0.85841920 5.996777 0.887399 0.084350
55.348406 0.85911474 5.996834 0.887708 0.084135
56.715033 0.85913020 5.996816 0.888319 0.084013
58.081661 0.86079950 5.997271 0.889778 0.083850
59.448288 0.85930022 5.996978 0.888324 0.083970
60.814915 0.85746091 5.997116 0.887967 0.084047
62.181542 0.86155686 5.996771 0.887518 0.084198
63.548170 0.86027398 5.997287 0.889134 0.083709
64.914797 0.85925385 5.997392 0.888726 0.083867
66.281424 0.85954752 5.997267 0.888462 0.083609
67.648052 0.85930022 5.996996 0.887549 0.084530
69.014679 0.85868196 5.996454 0.887458 0.084022
70.381306 0.86016578 5.996640 0.888056 0.083872
71.747934 0.86039763 5.997054 0.888916 0.083864
73.114561 0.85899109 5.996581 0.888225 0.084062
74.481188 0.85914566 5.996312 0.887407 0.084203
75.847815 0.85902201 5.996311 0.887287 0.084358
77.214443 0.85863560 5.996778 0.887066 0.084145
78.581070 0.86027398 5.996910 0.887909 0.084083
79.947697 0.86144867 5.996734 0.888501 0.084020
81.314325 0.85795551 5.996487 0.888334 0.083736
