# Layer profile at T = 0.360000
# input   = perfect_Sigma139_theta25.4611deg.dat
# seed    = 4000017
# n_samples = 1000
# Lx = 82.391928  Ly = 47.569002
# columns : x rho coord psi6 psi4
0.686599 0.85117201 5.994029 0.873164 0.089606
2.059798 0.85091176 5.993955 0.872961 0.090092
3.432997 0.85040657 5.993915 0.872755 0.089779
4.806196 0.85187622 5.993674 0.872615 0.089810
6.179395 0.85062089 5.993629 0.872594 0.089936
7.552593 0.85179967 5.993818 0.872648 0.089628
8.925792 0.85040657 5.993501 0.872919 0.089790
10.298991 0.85172313 5.993404 0.873170 0.089741
11.672190 0.85034533 5.993987 0.873045 0.089971
13.045389 0.85114139 5.993741 0.873738 0.089605
14.418587 0.85222832 5.994036 0.873717 0.089674
15.791786 0.84938087 5.994629 0.874214 0.089490
17.164985 0.85170782 5.994356 0.873543 0.089206
18.538184 0.85199869 5.994268 0.873361 0.089596
19.911383 0.84990138 5.994560 0.873094 0.089432
21.284582 0.85284067 5.994687 0.872889 0.089703
22.657780 0.85002385 5.993408 0.872802 0.089558
24.030979 0.85140164 5.993401 0.871740 0.089749
25.404178 0.85051373 5.993322 0.872560 0.089998
26.777377 0.85062089 5.994403 0.873969 0.089505
28.150576 0.85103423 5.994154 0.873395 0.088968
29.523774 0.85225894 5.994018 0.873547 0.089132
30.896973 0.85120263 5.993382 0.874017 0.089183
32.270172 0.85022286 5.993230 0.873017 0.089568
33.643371 0.85092707 5.993379 0.872782 0.089685
35.016570 0.85135572 5.993706 0.872762 0.089738
36.389768 0.85233548 5.994486 0.871458 0.089885
37.762967 0.85091176 5.994153 0.873164 0.089513
39.136166 0.85086583 5.993667 0.872909 0.089411
40.509365 0.85025348 5.993896 0.872768 0.089409
41.882564 0.85175375 5.994123 0.873640 0.089437
43.255762 0.85144757 5.993797 0.873330 0.089540
44.628961 0.85081991 5.993648 0.873626 0.089381
46.002160 0.85037595 5.993429 0.873424 0.089770
47.375359 0.85160066 5.993852 0.873396 0.089666
48.748558 0.85204461 5.993747 0.873946 0.089211
50.121756 0.85101892 5.993920 0.874055 0.089419
51.494955 0.85274882 5.993986 0.873868 0.088993
52.868154 0.85150880 5.994768 0.873402 0.089543
54.241353 0.85080460 5.994386 0.874755 0.089210
55.614552 0.85179967 5.994393 0.874422 0.089162
56.987750 0.85169251 5.993673 0.873289 0.089278
58.360949 0.85071274 5.994277 0.874636 0.089395
59.734148 0.85160066 5.993978 0.873958 0.089424
61.107347 0.85178436 5.993799 0.873597 0.089110
62.480546 0.85138633 5.994246 0.874003 0.089393
63.853745 0.85285598 5.994687 0.873695 0.089461
65.226943 0.84947273 5.993981 0.873464 0.090037
66.600142 0.85100361 5.994028 0.872684 0.089544
67.973341 0.85103423 5.994010 0.873621 0.089526
69.346540 0.85089645 5.993991 0.872418 0.089342
70.719739 0.85091176 5.994279 0.872671 0.089467
72.092937 0.85293253 5.993862 0.873334 0.089652
73.466136 0.84959520 5.993892 0.873227 0.089714
74.839335 0.85186091 5.993261 0.873058 0.089657
76.212534 0.85048311 5.994312 0.873177 0.089671
77.585733 0.84912062 5.993492 0.873333 0.089561
78.958931 0.85106485 5.993812 0.872290 0.089553
80.332130 0.85189153 5.993531 0.872112 0.089716
81.705329 0.85170782 5.993224 0.873813 0.089540
