# Layer profile at T = 0.440000
# input   = bicrystal_Sigma139_theta25.4611deg.dat
# seed    = 8000806
# n_samples = 1000
# Lx = 107.136792  Ly = 61.855456
# columns : x rho coord psi6 psi4
0.892807 0.56482613 6.208752 0.482656 0.171782
2.678420 0.56689041 6.230815 0.481006 0.170801
4.464033 0.56244496 6.217636 0.480477 0.172457
6.249646 0.55972880 6.181165 0.481400 0.174180
8.035259 0.55270299 6.137650 0.486646 0.174915
9.820873 0.54776862 6.093172 0.489991 0.176495
11.606486 0.53667762 6.055284 0.491638 0.179186
13.392099 0.53010451 6.029564 0.494196 0.179423
15.177712 0.51837974 6.001310 0.498844 0.180821
16.963325 0.50724347 5.968139 0.500449 0.182338
18.748939 0.48997773 5.912876 0.504757 0.186849
20.534552 0.47175227 5.869130 0.502995 0.188720
22.320165 0.45293831 5.846743 0.503169 0.191881
24.105778 0.44475361 5.837082 0.502928 0.194243
25.891391 0.44800395 5.863102 0.500997 0.192415
27.677005 0.45781835 5.875331 0.502201 0.190727
29.462618 0.46400215 5.885012 0.499063 0.190920
31.248231 0.47007730 5.888116 0.496819 0.191827
33.033844 0.46708952 5.867552 0.497912 0.192149
34.819457 0.46009993 5.819946 0.502760 0.194010
36.605071 0.45613433 5.778960 0.503870 0.195159
38.390684 0.45336385 5.754583 0.508429 0.195837
40.176297 0.44774139 5.777850 0.509611 0.194819
41.961910 0.45163456 5.782110 0.510792 0.193367
43.747523 0.46595779 5.784319 0.509019 0.194724
45.533137 0.48946166 5.836259 0.505291 0.191431
47.318750 0.51554588 5.936339 0.499582 0.186025
49.104363 0.53404295 6.010155 0.491410 0.182335
50.889976 0.54228197 6.073679 0.488812 0.178949
52.675590 0.53373511 6.079642 0.487353 0.179479
54.461203 0.52381207 6.047152 0.488697 0.181950
56.246816 0.52174778 6.033960 0.488739 0.182543
58.032429 0.52029011 6.013034 0.490714 0.183986
59.818042 0.51952053 6.012861 0.491683 0.183566
61.603656 0.51621586 6.002754 0.493196 0.182682
63.389269 0.50514297 5.989210 0.498033 0.183511
65.174882 0.50210087 5.979029 0.499041 0.184002
66.960495 0.48929869 5.958903 0.497848 0.184189
68.746108 0.48325070 5.912431 0.503919 0.186468
70.531722 0.48262598 5.874348 0.502521 0.190646
72.317335 0.48481702 5.851311 0.502872 0.190502
74.102948 0.48258071 5.856663 0.500791 0.190768
75.888561 0.47673190 5.843795 0.501582 0.191993
77.674174 0.46572239 5.795855 0.502131 0.196094
79.459788 0.45841591 5.760171 0.503930 0.199055
81.245401 0.45532854 5.754827 0.504580 0.197464
83.031014 0.46547793 5.731347 0.508008 0.198457
84.816627 0.47117282 5.773025 0.504606 0.195890
86.602240 0.47072918 5.788564 0.503031 0.195716
88.387854 0.47395236 5.811836 0.503203 0.193636
90.173467 0.48909950 5.847467 0.502003 0.192507
91.959080 0.51426928 5.935512 0.493162 0.187193
93.744693 0.52838427 6.028530 0.490181 0.182223
95.530306 0.53174326 6.059747 0.490487 0.180706
97.315920 0.52418327 6.086707 0.490173 0.179141
99.101533 0.51944810 6.076011 0.492174 0.179032
100.887146 0.52469029 6.073371 0.494750 0.177761
102.672759 0.53465861 6.111662 0.490515 0.175889
104.458372 0.54605744 6.139243 0.487403 0.175365
106.243986 0.55990082 6.178441 0.482770 0.173266
