# Layer profile at T = 0.380000
# input   = perfect_Sigma139_theta25.4611deg.dat
# seed    = 5000020
# n_samples = 1000
# Lx = 82.688555  Ly = 47.740259
# columns : x rho coord psi6 psi4
0.689071 0.84471141 5.989024 0.856015 0.095637
2.067214 0.84492420 5.989297 0.856528 0.095755
3.445356 0.84604894 5.987856 0.855638 0.096126
4.823499 0.84375386 5.987372 0.854572 0.096317
6.201642 0.84477221 5.988899 0.856027 0.095475
7.579784 0.84386026 5.988437 0.855485 0.095830
8.957927 0.84638332 5.987699 0.856322 0.095920
10.336069 0.84484820 5.989296 0.856432 0.095389
11.714212 0.84566896 5.989108 0.857046 0.095564
13.092355 0.84544097 5.989986 0.856973 0.095246
14.470497 0.84457462 5.987906 0.856124 0.095655
15.848640 0.84702169 5.988569 0.855469 0.095758
17.226782 0.84389065 5.989464 0.856519 0.095450
18.604925 0.84496980 5.989963 0.856989 0.094783
19.983067 0.84770566 5.990192 0.856723 0.095367
21.361210 0.84458982 5.989040 0.856909 0.095403
22.739353 0.84544097 5.988512 0.855329 0.096024
24.117495 0.84501540 5.989028 0.856396 0.095828
25.495638 0.84448342 5.988769 0.856989 0.095520
26.873780 0.84446822 5.987545 0.855939 0.095908
28.251923 0.84527378 5.988708 0.855161 0.095930
29.630065 0.84455942 5.989094 0.855664 0.096048
31.008208 0.84556257 5.988154 0.854648 0.095856
32.386351 0.84419464 5.988495 0.856375 0.095659
33.764493 0.84779685 5.989010 0.857046 0.095393
35.142636 0.84396665 5.989753 0.856361 0.095524
36.520778 0.84509139 5.989191 0.856042 0.095513
37.898921 0.84373866 5.989390 0.857348 0.095335
39.277064 0.84753846 5.987590 0.856299 0.095979
40.655206 0.84402745 5.989195 0.856177 0.095474
42.033349 0.84647452 5.989819 0.857576 0.095441
43.411491 0.84568416 5.989396 0.857184 0.095394
44.789634 0.84550177 5.988549 0.855511 0.095950
46.167776 0.84496980 5.989333 0.856010 0.095786
47.545919 0.84506099 5.989262 0.856045 0.095809
48.924062 0.84384506 5.989121 0.855280 0.095776
50.302204 0.84534978 5.989050 0.854810 0.095628
51.680347 0.84606414 5.989239 0.856800 0.095685
53.058489 0.84420984 5.987865 0.855339 0.096033
54.436632 0.84452902 5.989076 0.854907 0.096281
55.814774 0.84589695 5.989309 0.855665 0.095500
57.192917 0.84364747 5.989010 0.856341 0.095762
58.571060 0.84550177 5.989016 0.856168 0.095641
59.949202 0.84414904 5.989143 0.855446 0.096073
61.327345 0.84617054 5.989133 0.855649 0.095934
62.705487 0.84387545 5.987987 0.855161 0.095947
64.083630 0.84524338 5.987862 0.854600 0.096050
65.461773 0.84571456 5.987815 0.853737 0.096569
66.839915 0.84237073 5.989769 0.855130 0.096018
68.218058 0.84724968 5.988519 0.854367 0.096429
69.596200 0.84223394 5.988559 0.855594 0.095843
70.974343 0.84460502 5.988465 0.854704 0.096065
72.352485 0.84547137 5.988495 0.855123 0.095932
73.730628 0.84489380 5.988289 0.856101 0.095951
75.108771 0.84490900 5.987426 0.855241 0.095832
76.486913 0.84579056 5.987708 0.855755 0.095978
77.865056 0.84519779 5.988779 0.856315 0.095926
79.243198 0.84417944 5.988225 0.856249 0.095765
80.621341 0.84539538 5.988512 0.855936 0.095711
81.999483 0.84606414 5.988664 0.856172 0.095877
