# Layer profile at T = 0.400000
# input   = perfect_Sigma139_theta25.4611deg.dat
# seed    = 6000023
# n_samples = 1000
# Lx = 88.037494  Ly = 50.828471
# columns : x rho coord psi6 psi4
0.733646 0.74692761 5.850447 0.743789 0.137673
2.200937 0.74864388 5.854999 0.743192 0.137336
3.668229 0.75073559 5.853813 0.742437 0.138133
5.135520 0.74865729 5.866338 0.744380 0.136009
6.602812 0.75238482 5.868088 0.747470 0.135093
8.070104 0.75159372 5.861063 0.747037 0.136300
9.537395 0.74951542 5.854792 0.744794 0.136606
11.004687 0.74521133 5.843535 0.745482 0.137827
12.471978 0.74818799 5.844588 0.746680 0.137059
13.939270 0.74637786 5.843313 0.743776 0.137638
15.406561 0.74488953 5.840174 0.744801 0.137470
16.873853 0.74451410 5.838580 0.744471 0.138349
18.341145 0.74427275 5.836708 0.745923 0.137965
19.808436 0.74354869 5.834025 0.745618 0.138502
21.275728 0.74000888 5.829842 0.748363 0.138153
22.743019 0.73991502 5.832249 0.749421 0.137773
24.210311 0.73549025 5.828888 0.747597 0.138647
25.677602 0.73962004 5.824332 0.745931 0.139443
27.144894 0.74266374 5.828754 0.745267 0.138836
28.612185 0.74298554 5.829550 0.743108 0.139791
30.079477 0.74704828 5.837064 0.744457 0.138737
31.546769 0.74384368 5.835605 0.743933 0.139037
33.014060 0.74678011 5.840830 0.741789 0.138750
34.481352 0.74816118 5.840622 0.742597 0.139065
35.948643 0.74632423 5.842241 0.741578 0.138641
37.415935 0.74702146 5.849353 0.741996 0.137412
38.883226 0.74726282 5.844629 0.742342 0.138189
40.350518 0.74521133 5.839811 0.742591 0.138907
41.817810 0.74560018 5.840470 0.743037 0.138597
43.285101 0.74572085 5.844092 0.742242 0.138234
44.752393 0.74873774 5.849913 0.742101 0.138068
46.219684 0.74753098 5.847644 0.741085 0.138843
47.686976 0.74553313 5.843693 0.740356 0.138887
49.154267 0.74651195 5.834037 0.738555 0.140943
50.621559 0.74357551 5.826547 0.737265 0.141371
52.088850 0.74379004 5.821784 0.736787 0.141872
53.556142 0.74248943 5.825138 0.736238 0.141903
55.023434 0.74641809 5.838112 0.738099 0.140229
56.490725 0.74602924 5.841370 0.737202 0.139727
57.958017 0.74564040 5.836720 0.733978 0.140813
59.425308 0.74582812 5.826514 0.733352 0.142040
60.892600 0.74168493 5.816939 0.732248 0.143803
62.359891 0.74278441 5.819954 0.730386 0.143853
63.827183 0.74425934 5.825914 0.732117 0.143090
65.294475 0.74565381 5.829027 0.733945 0.141682
66.761766 0.74408503 5.828738 0.736899 0.142135
68.229058 0.74730304 5.830140 0.736975 0.141883
69.696349 0.74555995 5.841019 0.739698 0.139213
71.163641 0.74962269 5.837516 0.740211 0.139898
72.630932 0.74614992 5.840911 0.738912 0.139713
74.098224 0.74720918 5.837691 0.741109 0.139528
75.565516 0.74337438 5.833120 0.740842 0.140017
77.032807 0.74451410 5.830764 0.739487 0.140604
78.500099 0.74511747 5.829497 0.737958 0.140928
79.967390 0.74605606 5.830179 0.735622 0.141047
81.434682 0.74368278 5.831134 0.737509 0.141009
82.901973 0.74417889 5.833282 0.740227 0.139959
84.369265 0.74560018 5.828475 0.741480 0.139679
85.836556 0.74295872 5.838766 0.740127 0.139595
87.303848 0.74938134 5.845945 0.740721 0.137928
