# Layer profile at T = 0.420000
# input   = perfect_Sigma139_theta25.4611deg.dat
# seed    = 7000026
# n_samples = 1000
# Lx = 90.696154  Ly = 52.363449
# columns : x rho coord psi6 psi4
0.755801 0.70653285 5.680119 0.604566 0.184709
2.267404 0.70942599 5.685930 0.605769 0.183727
3.779006 0.70941336 5.691053 0.603637 0.184177
5.290609 0.71161164 5.697174 0.604981 0.182955
6.802212 0.70874377 5.689781 0.607178 0.183884
8.313814 0.70506733 5.680960 0.604704 0.184385
9.825417 0.71017139 5.681598 0.605515 0.184249
11.337019 0.70586326 5.682035 0.605073 0.184754
12.848622 0.70850372 5.675196 0.605605 0.184896
14.360224 0.70703820 5.672289 0.604913 0.185623
15.871827 0.70621701 5.679297 0.608172 0.184203
17.383430 0.70127719 5.664913 0.605829 0.185517
18.895032 0.69978640 5.653728 0.606530 0.186182
20.406635 0.70026648 5.658223 0.604625 0.185970
21.918237 0.70026648 5.667803 0.605769 0.185191
23.429840 0.69869989 5.670512 0.605007 0.184686
24.941442 0.70413243 5.664585 0.604489 0.185066
26.453045 0.70370288 5.666840 0.605093 0.185325
27.964648 0.70049389 5.673484 0.606166 0.185343
29.476250 0.70580009 5.682347 0.602363 0.185259
30.987853 0.70734141 5.678770 0.605383 0.185014
32.499455 0.70238896 5.671379 0.603469 0.184818
34.011058 0.70067077 5.660296 0.604050 0.186387
35.522660 0.70408189 5.651732 0.603535 0.187662
37.034263 0.69938212 5.645706 0.602354 0.188392
38.545866 0.70035492 5.636277 0.602598 0.188947
40.057468 0.69570568 5.631740 0.603402 0.189691
41.569071 0.69683009 5.636558 0.603524 0.187888
43.080673 0.69479605 5.631094 0.604858 0.188760
44.592276 0.69859882 5.647117 0.604411 0.188018
46.103878 0.69957163 5.642967 0.605674 0.187383
47.615481 0.69638791 5.640173 0.606782 0.187408
49.127084 0.69667848 5.645655 0.602445 0.187733
50.638686 0.69804294 5.647687 0.603770 0.187648
52.150289 0.69758812 5.648001 0.606671 0.186795
53.661891 0.70058233 5.654049 0.603857 0.187344
55.173494 0.70179518 5.655529 0.607644 0.185470
56.685096 0.70251530 5.662339 0.609787 0.184414
58.196699 0.70697503 5.669955 0.607804 0.184554
59.708302 0.70032965 5.656685 0.608237 0.185715
61.219904 0.69441703 5.653962 0.606973 0.186430
62.731507 0.69686799 5.645262 0.609957 0.186170
64.243109 0.69562988 5.635931 0.610699 0.187449
65.754712 0.68922454 5.633757 0.611886 0.186458
67.266314 0.69387378 5.637067 0.611668 0.186595
68.777917 0.69825771 5.647832 0.607693 0.186247
70.289520 0.70475149 5.665095 0.605058 0.185305
71.801122 0.70913542 5.679280 0.605455 0.184160
73.312725 0.71032299 5.690168 0.606565 0.183246
74.824327 0.70649495 5.685485 0.605950 0.183125
76.335930 0.70211102 5.676287 0.603123 0.185336
77.847532 0.70295749 5.662263 0.606181 0.185677
79.359135 0.70016541 5.674323 0.604282 0.184971
80.870738 0.70538318 5.685813 0.604968 0.183659
82.382340 0.71127053 5.694186 0.607144 0.182701
83.893943 0.70894591 5.692275 0.608849 0.182474
85.405545 0.70398082 5.677075 0.606584 0.184652
86.917148 0.70295749 5.669686 0.607361 0.184350
88.428750 0.70286905 5.668656 0.606861 0.184880
89.940353 0.70312172 5.676519 0.606382 0.185214
