# Layer profile at T = 0.400000
# input   = bicrystal_Sigma139_theta25.4611deg.dat
# seed    = 6000800
# n_samples = 1000
# Lx = 87.722814  Ly = 50.646790
# columns : x rho coord psi6 psi4
0.731023 0.74597576 5.690575 0.631970 0.178846
2.193070 0.74634039 5.689894 0.634753 0.177642
3.655117 0.74578669 5.688016 0.635943 0.178896
5.117164 0.74523300 5.679756 0.639918 0.178310
6.579211 0.74292368 5.676998 0.639379 0.178528
8.041258 0.74253204 5.681574 0.638989 0.178011
9.503305 0.74450374 5.683724 0.640948 0.177531
10.965352 0.74854166 5.684329 0.642926 0.177529
12.427399 0.74396355 5.690701 0.644608 0.176205
13.889446 0.74762334 5.687861 0.643727 0.176019
15.351492 0.74713717 5.697419 0.644615 0.175251
16.813539 0.74837960 5.697416 0.644114 0.175922
18.275586 0.74627286 5.697087 0.641626 0.176559
19.737633 0.74265359 5.686100 0.641676 0.177319
21.199680 0.74151919 5.678408 0.642108 0.177952
22.661727 0.74819054 5.687412 0.640814 0.177338
24.123774 0.74327481 5.687925 0.638942 0.177031
25.585821 0.74327481 5.686289 0.639805 0.177957
27.047868 0.74543557 5.692181 0.638437 0.176891
28.509915 0.74848764 5.694031 0.636583 0.178067
29.971961 0.74794745 5.695959 0.638678 0.176577
31.434008 0.74616482 5.694328 0.642364 0.177282
32.896055 0.74723170 5.700764 0.642114 0.175749
34.358102 0.74783941 5.690624 0.641509 0.177734
35.820149 0.74752880 5.701624 0.637057 0.176773
37.282196 0.74891979 5.697616 0.638946 0.178046
38.744243 0.74689408 5.694482 0.635620 0.177688
40.206290 0.74526000 5.691275 0.636667 0.177313
41.668337 0.74481435 5.671236 0.638203 0.178976
43.130384 0.73480732 5.662256 0.632639 0.181644
44.592430 0.73626584 5.656615 0.633222 0.182583
46.054477 0.74097900 5.664613 0.630800 0.181950
47.516524 0.74238349 5.671869 0.635584 0.179338
48.978571 0.74367995 5.675329 0.637436 0.179616
50.440618 0.74328831 5.680045 0.637223 0.179283
51.902665 0.74697511 5.695346 0.636833 0.177369
53.364712 0.74851465 5.698535 0.641954 0.176171
54.826759 0.74689408 5.695856 0.642554 0.175911
56.288806 0.74181629 5.687894 0.641642 0.178210
57.750853 0.74250503 5.688602 0.642232 0.176116
59.212899 0.74640791 5.690429 0.642034 0.176692
60.674946 0.74602978 5.698201 0.643645 0.175933
62.136993 0.74978410 5.703386 0.644278 0.175439
63.599040 0.74569216 5.696923 0.642795 0.175547
65.061087 0.75010821 5.702902 0.642993 0.175505
66.523134 0.74685357 5.705079 0.642135 0.175027
67.985181 0.74779890 5.698698 0.646602 0.175006
69.447228 0.74941947 5.700917 0.649868 0.174422
70.909275 0.75067541 5.697658 0.650171 0.173966
72.371322 0.74674553 5.707424 0.649454 0.173138
73.833368 0.75376800 5.716797 0.648020 0.173598
75.295415 0.75326833 5.714798 0.647346 0.172923
76.757462 0.74873073 5.704574 0.643943 0.174624
78.219509 0.74731273 5.691671 0.643696 0.175990
79.681556 0.74798797 5.695362 0.640919 0.177657
81.143603 0.74604328 5.696577 0.639377 0.176973
82.605650 0.74492239 5.687382 0.634502 0.178469
84.067697 0.74600277 5.680757 0.632074 0.179232
85.529744 0.74332882 5.678427 0.633379 0.180040
86.991791 0.74512496 5.684368 0.631803 0.180650
