# Layer profile at T = 0.300000
# input   = perfect_Sigma139_theta25.4611deg.dat
# seed    = 1000008
# n_samples = 1000
# Lx = 81.474631  Ly = 47.039400
# columns : x rho coord psi6 psi4
0.678955 0.87133842 5.999389 0.911489 0.074747
2.036866 0.87135407 5.999156 0.911806 0.074644
3.394776 0.87069654 5.999281 0.912479 0.074236
4.752687 0.87187070 5.999336 0.912364 0.074480
6.110597 0.86828559 5.999279 0.912198 0.074374
7.468508 0.87205857 5.999318 0.912021 0.074309
8.826418 0.87088441 5.999335 0.912216 0.074741
10.184329 0.87030515 5.999370 0.911476 0.074940
11.542239 0.87193333 5.999066 0.911540 0.074488
12.900150 0.87008598 5.999244 0.912245 0.074555
14.258060 0.87284135 5.999444 0.912227 0.074417
15.615971 0.86806642 5.999170 0.911912 0.074661
16.973882 0.86930320 5.999424 0.911203 0.074862
18.331792 0.87235602 5.999246 0.911059 0.074812
19.689703 0.86986680 5.999118 0.911072 0.075217
21.047613 0.87035212 5.999137 0.911721 0.074996
22.405524 0.87063392 5.999371 0.911507 0.074682
23.763434 0.87096268 5.999515 0.911934 0.074699
25.121345 0.87119752 5.999353 0.911712 0.074467
26.479255 0.87039909 5.999496 0.911900 0.074523
27.837166 0.87008598 5.999388 0.910614 0.075145
29.195076 0.87088441 5.999389 0.910893 0.074962
30.552987 0.86989811 5.999424 0.910619 0.074876
31.910897 0.87005467 5.999442 0.911184 0.074848
33.268808 0.86892747 5.999153 0.910738 0.074899
34.626718 0.87279438 5.999211 0.911641 0.074752
35.984629 0.87002335 5.999406 0.911306 0.074807
37.342539 0.87027384 5.999190 0.911159 0.074905
38.700450 0.87053999 5.999371 0.911113 0.075146
40.058360 0.86870829 5.999297 0.911405 0.074877
41.416271 0.86997639 5.999496 0.910231 0.075068
42.774181 0.87138538 5.999156 0.910240 0.075273
44.132092 0.86956934 5.999136 0.910204 0.075077
45.490003 0.87007032 5.999424 0.911216 0.074939
46.847913 0.87002335 5.999460 0.911605 0.074639
48.205824 0.86986680 5.999424 0.912173 0.074690
49.563734 0.87085310 5.999155 0.911957 0.074703
50.921645 0.87099400 5.999335 0.912399 0.074382
52.279555 0.87016425 5.999244 0.911173 0.074839
53.637466 0.87005467 5.998884 0.911099 0.074907
54.995376 0.87049302 5.999442 0.911022 0.074853
56.353287 0.87028950 5.999334 0.910902 0.074878
57.711197 0.86936582 5.999334 0.910665 0.075214
59.069108 0.87030515 5.999244 0.909411 0.075475
60.427018 0.86989811 5.999172 0.909817 0.075204
61.784929 0.86991377 5.999208 0.911171 0.074955
63.142839 0.87014860 5.999280 0.911683 0.074886
64.500750 0.87050868 5.999407 0.911583 0.074776
65.858660 0.87158890 5.999497 0.910944 0.074669
67.216571 0.86963197 5.999334 0.911254 0.074964
68.574481 0.86867698 5.999261 0.911261 0.074927
69.932392 0.87121317 5.999443 0.911676 0.074313
71.290302 0.87196464 5.999156 0.911106 0.074923
72.648213 0.86953803 5.999226 0.911741 0.074687
74.006124 0.87085310 5.999335 0.911436 0.075036
75.364034 0.87094703 5.999497 0.911587 0.074618
76.721945 0.86974156 5.999028 0.910988 0.074809
78.079855 0.87038343 5.999245 0.911630 0.074791
79.437766 0.87079047 5.999407 0.911717 0.074675
80.795676 0.87057130 5.999461 0.912489 0.074456
