# Layer profile at T = 0.360000
# input   = bicrystal_Sigma139_theta25.4611deg.dat
# seed    = 4000794
# n_samples = 1000
# Lx = 82.784462  Ly = 47.795632
# columns : x rho coord psi6 psi4
0.689871 0.81251826 5.805924 0.777944 0.134743
2.069612 0.82430070 5.856712 0.804436 0.122782
3.449353 0.82859212 5.899436 0.825404 0.112807
4.829094 0.83608314 5.925439 0.838098 0.106377
6.208835 0.83941923 5.946636 0.850283 0.101681
7.588576 0.84363482 5.969227 0.859809 0.096260
8.968317 0.84659180 5.983217 0.866136 0.093429
10.348058 0.84630369 5.990503 0.869265 0.091913
11.727799 0.84863895 5.992745 0.869507 0.091061
13.107540 0.84889673 5.994570 0.869667 0.090607
14.487281 0.84813853 5.994672 0.871265 0.090708
15.867022 0.84750165 5.995312 0.871413 0.090308
17.246763 0.84877542 5.994980 0.871373 0.090375
18.626504 0.84841149 5.994191 0.871649 0.090167
20.006245 0.84731968 5.992877 0.869300 0.090839
21.385986 0.84756230 5.989820 0.867181 0.091751
22.765727 0.84559098 5.983286 0.864262 0.093135
24.145468 0.84242170 5.975663 0.860104 0.095642
25.525209 0.84454466 5.965257 0.855767 0.097822
26.904950 0.84025325 5.954269 0.850895 0.100066
28.284691 0.83899463 5.942760 0.844845 0.102764
29.664432 0.83411182 5.924445 0.836127 0.107236
31.044173 0.83127615 5.902479 0.828939 0.111390
32.423914 0.82898638 5.883131 0.819603 0.115783
33.803656 0.82278430 5.863875 0.810809 0.121052
35.183397 0.82164700 5.843386 0.798019 0.125389
36.563138 0.81398917 5.816837 0.785082 0.131370
37.942879 0.81251826 5.802658 0.777343 0.134314
39.322620 0.81392852 5.807620 0.778610 0.133990
40.702361 0.81847772 5.836628 0.789918 0.127751
42.082102 0.82563514 5.870424 0.808367 0.119804
43.461843 0.83403600 5.911093 0.831880 0.109863
44.841584 0.83944955 5.945500 0.849496 0.102346
46.221325 0.84314957 5.972861 0.861462 0.095813
47.601066 0.84710738 5.983102 0.866148 0.093051
48.980807 0.84768361 5.987460 0.869479 0.091859
50.360548 0.84628852 5.986848 0.868950 0.092119
51.740289 0.84774427 5.988015 0.869265 0.091549
53.120030 0.84728935 5.989817 0.869497 0.091354
54.499771 0.84750165 5.989121 0.869978 0.091302
55.879512 0.84630369 5.990342 0.870201 0.091108
57.259253 0.84832050 5.991491 0.869642 0.091037
58.638994 0.84869960 5.992317 0.870288 0.090789
60.018735 0.84777460 5.992684 0.870727 0.090629
61.398476 0.84675861 5.992067 0.870459 0.090867
62.778217 0.85023117 5.987729 0.870242 0.091496
64.157958 0.84433237 5.984950 0.868790 0.091616
65.537699 0.84735001 5.986435 0.870245 0.091748
66.917441 0.84721353 5.985896 0.868829 0.092164
68.297182 0.84666762 5.985923 0.869038 0.091996
69.676923 0.84666762 5.985152 0.868871 0.091831
71.056664 0.84709222 5.983620 0.867621 0.092593
72.436405 0.84383195 5.977519 0.863167 0.094575
73.816146 0.84304343 5.963072 0.854603 0.098548
75.195887 0.83861553 5.934307 0.840540 0.104866
76.575628 0.82656014 5.892218 0.818704 0.115232
77.955369 0.82069167 5.835277 0.788933 0.128254
79.335110 0.80854529 5.775675 0.758708 0.141465
80.714851 0.80116042 5.741771 0.745507 0.148477
82.094592 0.80558831 5.761129 0.753737 0.145162
