# Layer profile at T = 0.420000
# input   = bicrystal_Sigma139_theta25.4611deg.dat
# seed    = 7000803
# n_samples = 1000
# Lx = 90.173085  Ly = 52.061455
# columns : x rho coord psi6 psi4
0.751442 0.70281616 5.622350 0.590188 0.192859
2.254327 0.70436264 5.633739 0.591354 0.191140
3.757212 0.70767287 5.642677 0.593267 0.190086
5.260097 0.70766009 5.649027 0.595021 0.189468
6.762981 0.70796682 5.661094 0.593675 0.189284
8.265866 0.71109812 5.669471 0.592219 0.188278
9.768751 0.71102144 5.667817 0.594302 0.187920
11.271636 0.71186497 5.669773 0.597340 0.186880
12.774520 0.71086807 5.677598 0.600298 0.185571
14.277405 0.70767287 5.667762 0.597348 0.186817
15.780290 0.71140486 5.676152 0.598035 0.186241
17.283175 0.71168604 5.664895 0.599101 0.186581
18.786059 0.70999897 5.659256 0.598588 0.188052
20.288944 0.70688046 5.644337 0.594561 0.189873
21.791829 0.70110354 5.644196 0.593686 0.190312
23.294714 0.70443932 5.644683 0.594702 0.190379
24.797598 0.70386419 5.642613 0.596298 0.190117
26.300483 0.70483553 5.643160 0.597744 0.189096
27.803368 0.70408146 5.628692 0.597663 0.190586
29.306253 0.70057952 5.635063 0.595577 0.190108
30.809137 0.69987658 5.629291 0.596251 0.190748
32.312022 0.70137193 5.629772 0.595869 0.190181
33.814907 0.69996604 5.643453 0.595611 0.189070
35.317792 0.70483553 5.638137 0.596429 0.190110
36.820676 0.70695714 5.631070 0.597203 0.190599
38.323561 0.69827898 5.637833 0.596365 0.190068
39.826446 0.69577394 5.630449 0.596042 0.190744
41.329331 0.69794668 5.616144 0.598969 0.191970
42.832215 0.69723095 5.618334 0.595843 0.191942
44.335100 0.69807449 5.625204 0.594661 0.191448
45.837985 0.70256055 5.617646 0.593862 0.192728
47.340870 0.70281616 5.634497 0.592366 0.191442
48.843754 0.70450323 5.651228 0.591579 0.189420
50.346639 0.70932159 5.667291 0.594406 0.188104
51.849524 0.71444669 5.685707 0.598150 0.185702
53.352409 0.71676001 5.692053 0.596261 0.184886
54.855293 0.71660665 5.689650 0.597189 0.185746
56.358178 0.71742462 5.686887 0.599230 0.185261
57.861063 0.71226117 5.687685 0.596720 0.184487
59.363948 0.71642771 5.677977 0.597202 0.185641
60.866832 0.71385877 5.684517 0.595685 0.185746
62.369717 0.71413995 5.678216 0.597077 0.186190
63.872602 0.71298968 5.686678 0.600748 0.184739
65.375487 0.71305358 5.680289 0.596960 0.186544
66.878371 0.70966667 5.666012 0.596665 0.187938
68.381256 0.70512949 5.655888 0.596634 0.189259
69.884141 0.70688046 5.651895 0.596507 0.189080
71.387026 0.70935993 5.661922 0.596470 0.187836
72.889910 0.70766009 5.656812 0.595752 0.188975
74.392795 0.70707217 5.650037 0.596433 0.188986
75.895680 0.70606249 5.647636 0.595268 0.189133
77.398565 0.70129525 5.641249 0.597607 0.189384
78.901449 0.69848347 5.641672 0.597789 0.189501
80.404334 0.70373638 5.645091 0.599975 0.189173
81.907219 0.70768565 5.651370 0.594121 0.188901
83.410104 0.70114188 5.637434 0.595272 0.189980
84.912988 0.69491763 5.612613 0.595840 0.192073
86.415873 0.69186302 5.610644 0.596643 0.192181
87.918758 0.70068177 5.612626 0.593691 0.192884
89.421643 0.69457255 5.623535 0.590741 0.193335
