# Layer profile at T = 0.320000
# input   = bicrystal_Sigma139_theta25.4611deg.dat
# seed    = 2000788
# n_samples = 1000
# Lx = 81.890166  Ly = 47.279310
# columns : x rho coord psi6 psi4
0.682418 0.86219256 5.985549 0.892340 0.082685
2.047254 0.86250250 5.994268 0.897438 0.081023
3.412090 0.86316887 5.997576 0.899476 0.080124
4.776926 0.86417618 5.998978 0.899454 0.079515
6.141762 0.86381975 5.998942 0.899583 0.079766
7.506599 0.86462559 5.999014 0.900442 0.079442
8.871435 0.86374226 5.998672 0.900167 0.079532
10.236271 0.86456360 5.998799 0.899810 0.079655
11.601107 0.86275045 5.998779 0.899717 0.079334
12.965943 0.86519898 5.998675 0.900415 0.079320
14.330779 0.86397472 5.998278 0.899714 0.079657
15.695615 0.86312238 5.998600 0.899744 0.079735
17.060451 0.86267297 5.998599 0.899572 0.079461
18.425287 0.86584986 5.998604 0.898567 0.079795
19.790124 0.86465659 5.998781 0.899774 0.079638
21.154960 0.86329285 5.998887 0.899667 0.079528
22.519796 0.86256449 5.999030 0.899881 0.079606
23.884632 0.86395922 5.998780 0.899468 0.079649
25.249468 0.86293642 5.998599 0.899483 0.079466
26.614304 0.86521448 5.998478 0.899574 0.079732
27.979140 0.86310688 5.998689 0.898540 0.079692
29.343976 0.86293642 5.998689 0.898199 0.080085
30.708812 0.86360279 5.998259 0.898631 0.079964
32.073648 0.86253349 5.996820 0.897639 0.080458
33.438485 0.86462559 5.992705 0.894712 0.081804
34.803321 0.86062736 5.983092 0.890172 0.084894
36.168157 0.85452153 5.962387 0.878447 0.089890
37.532993 0.84970196 5.919734 0.853768 0.100685
38.897829 0.83747480 5.864159 0.825034 0.114205
40.262665 0.82896694 5.815262 0.800471 0.125266
41.627501 0.82718478 5.799183 0.790943 0.128955
42.992337 0.82932337 5.817845 0.800820 0.124852
44.357173 0.83656048 5.856674 0.820473 0.115789
45.722009 0.84497536 5.900119 0.843165 0.105508
47.086846 0.85295633 5.938045 0.868423 0.095056
48.451682 0.85576129 5.968617 0.886026 0.087291
49.816518 0.86211507 5.985889 0.894678 0.082947
51.181354 0.86262648 5.993371 0.897489 0.081114
52.546190 0.86245601 5.995616 0.898227 0.080216
53.911026 0.86391273 5.997812 0.898696 0.080281
55.275862 0.86412969 5.998512 0.898846 0.080152
56.640698 0.86313788 5.997774 0.898716 0.080122
58.005534 0.86256449 5.996712 0.897623 0.080511
59.370371 0.86202209 5.987685 0.893133 0.083135
60.735207 0.85724901 5.963809 0.880895 0.088930
62.100043 0.84866366 5.927378 0.863774 0.097854
63.464879 0.84365812 5.880015 0.834304 0.109570
64.829715 0.83150845 5.853027 0.819788 0.115959
66.194551 0.83724235 5.859401 0.823088 0.115460
67.559387 0.84175198 5.883830 0.836099 0.109350
68.924223 0.84475841 5.901084 0.845788 0.105467
70.289059 0.84705196 5.910500 0.851725 0.102629
71.653895 0.84677302 5.914039 0.856004 0.100654
73.018732 0.84957798 5.919886 0.860917 0.098783
74.383568 0.85095722 5.934931 0.869872 0.094990
75.748404 0.85287885 5.945853 0.874829 0.092657
77.113240 0.85687708 5.956197 0.879917 0.089927
78.478076 0.85656714 5.966150 0.886412 0.087077
79.842912 0.85980602 5.975632 0.889040 0.085505
81.207748 0.85901567 5.980570 0.889312 0.084678
