# Layer profile at T = 0.320000
# input   = perfect_Sigma139_theta25.4611deg.dat
# seed    = 2000011
# n_samples = 1000
# Lx = 81.694155  Ly = 47.166142
# columns : x rho coord psi6 psi4
0.680785 0.86586776 5.998130 0.901112 0.078843
2.042354 0.86512032 5.998200 0.900294 0.079027
3.403923 0.86658404 5.998473 0.899886 0.079182
4.765492 0.86522933 5.998146 0.900105 0.079341
6.127062 0.86744048 5.998151 0.899765 0.079557
7.488631 0.86484004 5.998218 0.899855 0.079598
8.850200 0.86610133 5.998202 0.900346 0.079458
10.211769 0.86541618 5.998453 0.900608 0.079237
11.573339 0.86650619 5.998688 0.899300 0.079681
12.934908 0.86546290 5.998669 0.900461 0.079403
14.296477 0.86649062 5.998437 0.900221 0.079213
15.658046 0.86530718 5.998182 0.900544 0.079272
17.019616 0.86630376 5.998328 0.900501 0.079236
18.381185 0.86519818 5.998686 0.900125 0.079238
19.742754 0.86516704 5.998596 0.900503 0.079610
21.104323 0.86560304 5.997967 0.899686 0.079617
22.465893 0.86663076 5.998563 0.900697 0.079422
23.827462 0.86479332 5.998361 0.900640 0.079533
25.189031 0.86649062 5.998670 0.900209 0.079427
26.550600 0.86597676 5.998615 0.900529 0.079458
27.912169 0.86421718 5.998793 0.899501 0.079754
29.273739 0.86473104 5.998649 0.900195 0.079375
30.635308 0.86649062 5.998598 0.900089 0.079512
31.996877 0.86449747 5.998523 0.900332 0.079588
33.358446 0.86700447 5.998635 0.900311 0.079543
34.720016 0.86484004 5.998470 0.901073 0.079282
36.081585 0.86684876 5.998383 0.899455 0.079400
37.443154 0.86600790 5.998508 0.899809 0.079465
38.804723 0.86417046 5.998576 0.901145 0.079225
40.166293 0.86578990 5.998543 0.900727 0.079519
41.527862 0.86602347 5.998508 0.901275 0.078906
42.889431 0.86608576 5.998616 0.900897 0.078971
44.251000 0.86675533 5.998635 0.900576 0.079177
45.612570 0.86423275 5.998613 0.900881 0.079314
46.974139 0.86631933 5.998364 0.900617 0.079292
48.335708 0.86561861 5.998705 0.900473 0.079246
49.697277 0.86490232 5.998902 0.899872 0.079516
51.058847 0.86652176 5.998329 0.899001 0.079590
52.420416 0.86622590 5.998220 0.899916 0.079105
53.781985 0.86550961 5.998489 0.900845 0.079252
55.143554 0.86395246 5.998396 0.900755 0.079265
56.505124 0.86812562 5.998439 0.900124 0.079548
57.866693 0.86563418 5.998489 0.900365 0.079534
59.228262 0.86451304 5.998667 0.900929 0.079139
60.589831 0.86684876 5.998707 0.900954 0.079200
61.951401 0.86613247 5.998472 0.901055 0.078965
63.312970 0.86672419 5.997844 0.900935 0.079180
64.674539 0.86535390 5.998111 0.899464 0.079592
66.036108 0.86695776 5.998545 0.899904 0.079385
67.397678 0.86574318 5.998777 0.901043 0.079248
68.759247 0.86445075 5.998973 0.900653 0.079018
70.120816 0.86607019 5.998400 0.899406 0.079408
71.482385 0.86561861 5.998417 0.899934 0.079382
72.843955 0.86733148 5.998510 0.899931 0.079625
74.205524 0.86468432 5.998307 0.900433 0.079306
75.567093 0.86716019 5.998294 0.900084 0.079349
76.928662 0.86603904 5.998184 0.900293 0.079398
78.290232 0.86491790 5.998272 0.900240 0.079277
79.651801 0.86446632 5.998649 0.900553 0.079372
81.013370 0.86641276 5.998634 0.900923 0.079287
