# Density profile (accumulated) at T = 0.400000
# columns : x rho
0.731023 0.74597576
2.193070 0.74634039
3.655117 0.74578669
5.117164 0.74523300
6.579211 0.74292368
8.041258 0.74253204
9.503305 0.74450374
10.965352 0.74854166
12.427399 0.74396355
13.889446 0.74762334
15.351492 0.74713717
16.813539 0.74837960
18.275586 0.74627286
19.737633 0.74265359
21.199680 0.74151919
22.661727 0.74819054
24.123774 0.74327481
25.585821 0.74327481
27.047868 0.74543557
28.509915 0.74848764
29.971961 0.74794745
31.434008 0.74616482
32.896055 0.74723170
34.358102 0.74783941
35.820149 0.74752880
37.282196 0.74891979
38.744243 0.74689408
40.206290 0.74526000
41.668337 0.74481435
43.130384 0.73480732
44.592430 0.73626584
46.054477 0.74097900
47.516524 0.74238349
48.978571 0.74367995
50.440618 0.74328831
51.902665 0.74697511
53.364712 0.74851465
54.826759 0.74689408
56.288806 0.74181629
57.750853 0.74250503
59.212899 0.74640791
60.674946 0.74602978
62.136993 0.74978410
63.599040 0.74569216
65.061087 0.75010821
66.523134 0.74685357
67.985181 0.74779890
69.447228 0.74941947
70.909275 0.75067541
72.371322 0.74674553
73.833368 0.75376800
75.295415 0.75326833
76.757462 0.74873073
78.219509 0.74731273
79.681556 0.74798797
81.143603 0.74604328
82.605650 0.74492239
84.067697 0.74600277
85.529744 0.74332882
86.991791 0.74512496
