# Density profile (accumulated) at T = 0.420000
# columns : x rho
0.755801 0.70653285
2.267404 0.70942599
3.779006 0.70941336
5.290609 0.71161164
6.802212 0.70874377
8.313814 0.70506733
9.825417 0.71017139
11.337019 0.70586326
12.848622 0.70850372
14.360224 0.70703820
15.871827 0.70621701
17.383430 0.70127719
18.895032 0.69978640
20.406635 0.70026648
21.918237 0.70026648
23.429840 0.69869989
24.941442 0.70413243
26.453045 0.70370288
27.964648 0.70049389
29.476250 0.70580009
30.987853 0.70734141
32.499455 0.70238896
34.011058 0.70067077
35.522660 0.70408189
37.034263 0.69938212
38.545866 0.70035492
40.057468 0.69570568
41.569071 0.69683009
43.080673 0.69479605
44.592276 0.69859882
46.103878 0.69957163
47.615481 0.69638791
49.127084 0.69667848
50.638686 0.69804294
52.150289 0.69758812
53.661891 0.70058233
55.173494 0.70179518
56.685096 0.70251530
58.196699 0.70697503
59.708302 0.70032965
61.219904 0.69441703
62.731507 0.69686799
64.243109 0.69562988
65.754712 0.68922454
67.266314 0.69387378
68.777917 0.69825771
70.289520 0.70475149
71.801122 0.70913542
73.312725 0.71032299
74.824327 0.70649495
76.335930 0.70211102
77.847532 0.70295749
79.359135 0.70016541
80.870738 0.70538318
82.382340 0.71127053
83.893943 0.70894591
85.405545 0.70398082
86.917148 0.70295749
88.428750 0.70286905
89.940353 0.70312172
