# Density profile (accumulated) at T = 0.300000
# columns : x rho
0.678955 0.87133842
2.036866 0.87135407
3.394776 0.87069654
4.752687 0.87187070
6.110597 0.86828559
7.468508 0.87205857
8.826418 0.87088441
10.184329 0.87030515
11.542239 0.87193333
12.900150 0.87008598
14.258060 0.87284135
15.615971 0.86806642
16.973882 0.86930320
18.331792 0.87235602
19.689703 0.86986680
21.047613 0.87035212
22.405524 0.87063392
23.763434 0.87096268
25.121345 0.87119752
26.479255 0.87039909
27.837166 0.87008598
29.195076 0.87088441
30.552987 0.86989811
31.910897 0.87005467
33.268808 0.86892747
34.626718 0.87279438
35.984629 0.87002335
37.342539 0.87027384
38.700450 0.87053999
40.058360 0.86870829
41.416271 0.86997639
42.774181 0.87138538
44.132092 0.86956934
45.490003 0.87007032
46.847913 0.87002335
48.205824 0.86986680
49.563734 0.87085310
50.921645 0.87099400
52.279555 0.87016425
53.637466 0.87005467
54.995376 0.87049302
56.353287 0.87028950
57.711197 0.86936582
59.069108 0.87030515
60.427018 0.86989811
61.784929 0.86991377
63.142839 0.87014860
64.500750 0.87050868
65.858660 0.87158890
67.216571 0.86963197
68.574481 0.86867698
69.932392 0.87121317
71.290302 0.87196464
72.648213 0.86953803
74.006124 0.87085310
75.364034 0.87094703
76.721945 0.86974156
78.079855 0.87038343
79.437766 0.87079047
80.795676 0.87057130
