# Density profile (accumulated) at T = 0.300000
# columns : x rho
0.679489 0.83004936
2.038466 0.84283546
3.397444 0.85013510
4.756421 0.86439051
6.115399 0.86804815
7.474376 0.87054910
8.833354 0.86965814
10.192331 0.87001765
11.551309 0.86931426
12.910286 0.87051784
14.269263 0.87050221
15.628241 0.87028337
16.987218 0.87061162
18.346196 0.86886096
19.705173 0.87039279
21.064151 0.87051784
22.423128 0.86947056
23.782106 0.87093987
25.141083 0.87117434
26.500061 0.86843892
27.859038 0.86976755
29.218016 0.87028337
30.576993 0.86904853
31.935971 0.86898601
33.294948 0.86856397
34.653926 0.86718845
36.012903 0.86356207
37.371881 0.85433982
38.730858 0.83950607
40.089836 0.82726705
41.448813 0.82509435
42.807790 0.84050645
44.166768 0.85382400
45.525745 0.86074850
46.884723 0.86879843
48.243700 0.86937678
49.602678 0.86928299
50.961655 0.87139317
52.320633 0.86947056
53.679610 0.86942367
55.038588 0.87025211
56.397565 0.87137754
57.756543 0.87053347
59.115520 0.87008017
60.474498 0.86943930
61.833475 0.87158074
63.192453 0.87062725
64.551430 0.87012706
65.910408 0.87029900
67.269385 0.87039279
68.628363 0.87112744
69.987340 0.86957998
71.346317 0.86997075
72.705295 0.87018959
74.064272 0.86817320
75.423250 0.86532837
76.782227 0.85841950
78.141205 0.85221402
79.500182 0.84030325
80.859160 0.82775161
