# Density profile (accumulated) at T = 0.440000
# columns : x rho
0.900768 0.49647539
2.702304 0.50078924
4.503840 0.50219457
6.305376 0.49969521
8.106912 0.49377145
9.908448 0.48698491
11.709984 0.48283116
13.511521 0.48092773
15.313057 0.49199254
17.114593 0.49803193
18.916129 0.50211452
20.717665 0.50479178
22.519201 0.50748682
24.320737 0.50218568
26.122273 0.49920601
27.923809 0.50511198
29.725345 0.51279686
31.526881 0.51928098
33.328417 0.52270538
35.129953 0.52425303
36.931490 0.52478670
38.733026 0.52278543
40.534562 0.52111326
42.336098 0.52033943
44.137634 0.51600779
45.939170 0.51176510
47.740706 0.50131401
49.542242 0.49197475
51.343778 0.47828605
53.145314 0.46343217
54.946850 0.44662149
56.748386 0.42518565
58.549922 0.41303571
60.351459 0.41425427
62.152995 0.43306622
63.954531 0.46144869
65.756067 0.49761389
67.557603 0.52451097
69.359139 0.53072826
71.160675 0.54127718
72.962211 0.53934706
74.763747 0.53614503
76.565283 0.53176892
78.366819 0.52338137
80.168355 0.51150716
81.969891 0.49641312
83.771428 0.48630893
85.572964 0.49064057
87.374500 0.50432037
89.176036 0.50576128
90.977572 0.50706878
92.779108 0.49853002
94.580644 0.48170156
96.382180 0.46665200
98.183716 0.46207131
99.985252 0.46038135
101.786788 0.46134196
103.588324 0.47005860
105.389860 0.47720981
107.191397 0.48839914
