# Density profile (accumulated) at T = 0.360000
# columns : x rho
0.689871 0.81251826
2.069612 0.82430070
3.449353 0.82859212
4.829094 0.83608314
6.208835 0.83941923
7.588576 0.84363482
8.968317 0.84659180
10.348058 0.84630369
11.727799 0.84863895
13.107540 0.84889673
14.487281 0.84813853
15.867022 0.84750165
17.246763 0.84877542
18.626504 0.84841149
20.006245 0.84731968
21.385986 0.84756230
22.765727 0.84559098
24.145468 0.84242170
25.525209 0.84454466
26.904950 0.84025325
28.284691 0.83899463
29.664432 0.83411182
31.044173 0.83127615
32.423914 0.82898638
33.803656 0.82278430
35.183397 0.82164700
36.563138 0.81398917
37.942879 0.81251826
39.322620 0.81392852
40.702361 0.81847772
42.082102 0.82563514
43.461843 0.83403600
44.841584 0.83944955
46.221325 0.84314957
47.601066 0.84710738
48.980807 0.84768361
50.360548 0.84628852
51.740289 0.84774427
53.120030 0.84728935
54.499771 0.84750165
55.879512 0.84630369
57.259253 0.84832050
58.638994 0.84869960
60.018735 0.84777460
61.398476 0.84675861
62.778217 0.85023117
64.157958 0.84433237
65.537699 0.84735001
66.917441 0.84721353
68.297182 0.84666762
69.676923 0.84666762
71.056664 0.84709222
72.436405 0.84383195
73.816146 0.84304343
75.195887 0.83861553
76.575628 0.82656014
77.955369 0.82069167
79.335110 0.80854529
80.714851 0.80116042
82.094592 0.80558831
