# Density profile (accumulated) at T = 0.280000
# columns : x rho
0.677087 0.85661700
2.031262 0.86736879
3.385436 0.87437398
4.739611 0.87541295
6.093786 0.87479902
7.447960 0.87682973
8.802135 0.87701864
10.156309 0.87377579
11.510484 0.87741219
12.864658 0.87582225
14.218833 0.87506663
15.573007 0.87654638
16.927182 0.87536573
18.281357 0.87634173
19.635531 0.87550741
20.989706 0.87679825
22.343880 0.87557037
23.698055 0.87500366
25.052229 0.87714457
26.406404 0.87616857
27.760579 0.87484624
29.114753 0.87686122
30.468928 0.87514534
31.823102 0.87678251
33.177277 0.87660935
34.531451 0.87443695
35.885626 0.87585373
37.239800 0.87483050
38.593975 0.87583799
39.948150 0.87571205
41.302324 0.87081629
42.656499 0.86776234
44.010673 0.85586138
45.364848 0.84559759
46.719022 0.84044996
48.073197 0.83821459
49.427372 0.84794315
50.781546 0.85885236
52.135721 0.87086351
53.489895 0.87478327
54.844070 0.87626302
56.198244 0.87489347
57.552419 0.87594818
58.906593 0.87608986
60.260768 0.87517682
61.614943 0.87731774
62.969117 0.87486198
64.323292 0.87722328
65.677466 0.87401192
67.031641 0.87632599
68.385815 0.87679825
69.739990 0.87475179
71.094165 0.87653064
72.448339 0.87248494
73.802514 0.86746324
75.156688 0.85639661
76.510863 0.84781722
77.865037 0.83758491
79.219212 0.83889150
80.573386 0.84517256
