# Density profile (accumulated) at T = 0.320000
# columns : x rho
0.682418 0.86219256
2.047254 0.86250250
3.412090 0.86316887
4.776926 0.86417618
6.141762 0.86381975
7.506599 0.86462559
8.871435 0.86374226
10.236271 0.86456360
11.601107 0.86275045
12.965943 0.86519898
14.330779 0.86397472
15.695615 0.86312238
17.060451 0.86267297
18.425287 0.86584986
19.790124 0.86465659
21.154960 0.86329285
22.519796 0.86256449
23.884632 0.86395922
25.249468 0.86293642
26.614304 0.86521448
27.979140 0.86310688
29.343976 0.86293642
30.708812 0.86360279
32.073648 0.86253349
33.438485 0.86462559
34.803321 0.86062736
36.168157 0.85452153
37.532993 0.84970196
38.897829 0.83747480
40.262665 0.82896694
41.627501 0.82718478
42.992337 0.82932337
44.357173 0.83656048
45.722009 0.84497536
47.086846 0.85295633
48.451682 0.85576129
49.816518 0.86211507
51.181354 0.86262648
52.546190 0.86245601
53.911026 0.86391273
55.275862 0.86412969
56.640698 0.86313788
58.005534 0.86256449
59.370371 0.86202209
60.735207 0.85724901
62.100043 0.84866366
63.464879 0.84365812
64.829715 0.83150845
66.194551 0.83724235
67.559387 0.84175198
68.924223 0.84475841
70.289059 0.84705196
71.653895 0.84677302
73.018732 0.84957798
74.383568 0.85095722
75.748404 0.85287885
77.113240 0.85687708
78.478076 0.85656714
79.842912 0.85980602
81.207748 0.85901567
