# Density profile (accumulated) at T = 0.380000
# columns : x rho
0.689071 0.84471141
2.067214 0.84492420
3.445356 0.84604894
4.823499 0.84375386
6.201642 0.84477221
7.579784 0.84386026
8.957927 0.84638332
10.336069 0.84484820
11.714212 0.84566896
13.092355 0.84544097
14.470497 0.84457462
15.848640 0.84702169
17.226782 0.84389065
18.604925 0.84496980
19.983067 0.84770566
21.361210 0.84458982
22.739353 0.84544097
24.117495 0.84501540
25.495638 0.84448342
26.873780 0.84446822
28.251923 0.84527378
29.630065 0.84455942
31.008208 0.84556257
32.386351 0.84419464
33.764493 0.84779685
35.142636 0.84396665
36.520778 0.84509139
37.898921 0.84373866
39.277064 0.84753846
40.655206 0.84402745
42.033349 0.84647452
43.411491 0.84568416
44.789634 0.84550177
46.167776 0.84496980
47.545919 0.84506099
48.924062 0.84384506
50.302204 0.84534978
51.680347 0.84606414
53.058489 0.84420984
54.436632 0.84452902
55.814774 0.84589695
57.192917 0.84364747
58.571060 0.84550177
59.949202 0.84414904
61.327345 0.84617054
62.705487 0.84387545
64.083630 0.84524338
65.461773 0.84571456
66.839915 0.84237073
68.218058 0.84724968
69.596200 0.84223394
70.974343 0.84460502
72.352485 0.84547137
73.730628 0.84489380
75.108771 0.84490900
76.486913 0.84579056
77.865056 0.84519779
79.243198 0.84417944
80.621341 0.84539538
81.999483 0.84606414
