# Density profile (accumulated) at T = 0.400000
# columns : x rho
0.733646 0.74692761
2.200937 0.74864388
3.668229 0.75073559
5.135520 0.74865729
6.602812 0.75238482
8.070104 0.75159372
9.537395 0.74951542
11.004687 0.74521133
12.471978 0.74818799
13.939270 0.74637786
15.406561 0.74488953
16.873853 0.74451410
18.341145 0.74427275
19.808436 0.74354869
21.275728 0.74000888
22.743019 0.73991502
24.210311 0.73549025
25.677602 0.73962004
27.144894 0.74266374
28.612185 0.74298554
30.079477 0.74704828
31.546769 0.74384368
33.014060 0.74678011
34.481352 0.74816118
35.948643 0.74632423
37.415935 0.74702146
38.883226 0.74726282
40.350518 0.74521133
41.817810 0.74560018
43.285101 0.74572085
44.752393 0.74873774
46.219684 0.74753098
47.686976 0.74553313
49.154267 0.74651195
50.621559 0.74357551
52.088850 0.74379004
53.556142 0.74248943
55.023434 0.74641809
56.490725 0.74602924
57.958017 0.74564040
59.425308 0.74582812
60.892600 0.74168493
62.359891 0.74278441
63.827183 0.74425934
65.294475 0.74565381
66.761766 0.74408503
68.229058 0.74730304
69.696349 0.74555995
71.163641 0.74962269
72.630932 0.74614992
74.098224 0.74720918
75.565516 0.74337438
77.032807 0.74451410
78.500099 0.74511747
79.967390 0.74605606
81.434682 0.74368278
82.901973 0.74417889
84.369265 0.74560018
85.836556 0.74295872
87.303848 0.74938134
