# Density profile (accumulated) at T = 0.340000
# columns : x rho
0.683314 0.85925385
2.049941 0.86015033
3.416568 0.85845012
4.783196 0.85868196
6.149823 0.85916111
7.516450 0.85905292
8.883077 0.86013487
10.249705 0.85837284
11.616332 0.85968663
12.982959 0.85940842
14.349587 0.85854286
15.716214 0.85943933
17.082841 0.85993394
18.449469 0.85883653
19.816096 0.85905292
21.182723 0.85892927
22.549351 0.85948570
23.915978 0.85885199
25.282605 0.86032035
26.649232 0.85811008
28.015860 0.85965572
29.382487 0.85933113
30.749114 0.85982574
32.115742 0.85882107
33.482369 0.85928477
34.848996 0.85940842
36.215624 0.85908383
37.582251 0.85947024
38.948878 0.86001122
40.315506 0.85911474
41.682133 0.85982574
43.048760 0.85981028
44.415387 0.85911474
45.782015 0.85987211
47.148642 0.85913020
48.515269 0.85967118
49.881897 0.86027398
51.248524 0.85919203
52.615151 0.85902201
53.981779 0.85841920
55.348406 0.85911474
56.715033 0.85913020
58.081661 0.86079950
59.448288 0.85930022
60.814915 0.85746091
62.181542 0.86155686
63.548170 0.86027398
64.914797 0.85925385
66.281424 0.85954752
67.648052 0.85930022
69.014679 0.85868196
70.381306 0.86016578
71.747934 0.86039763
73.114561 0.85899109
74.481188 0.85914566
75.847815 0.85902201
77.214443 0.85863560
78.581070 0.86027398
79.947697 0.86144867
81.314325 0.85795551
