# Density profile (accumulated) at T = 0.340000
# columns : x rho
0.684920 0.84758241
2.054760 0.84695166
3.424600 0.84390563
4.794440 0.84379794
6.164280 0.84259798
7.534120 0.84925926
8.903959 0.85195147
10.273799 0.85541287
11.643639 0.85890504
13.013479 0.85687435
14.383319 0.85912042
15.753159 0.85890504
17.122999 0.85808969
18.492839 0.85773586
19.862679 0.85845891
21.232519 0.85928964
22.602359 0.85927426
23.972198 0.85636668
25.342038 0.85910503
26.711878 0.85858198
28.081718 0.85810507
29.451558 0.85778201
30.821398 0.85816661
32.191238 0.85899735
33.561078 0.85839737
34.930918 0.85722818
36.300758 0.85564363
37.670598 0.85590516
39.040437 0.85648975
40.410277 0.85042845
41.780117 0.84290566
43.149957 0.83538288
44.519797 0.82578325
45.889637 0.82241415
47.259477 0.82113728
48.629317 0.82575249
49.999157 0.83433677
51.368997 0.83993655
52.738837 0.84527480
54.108677 0.84870544
55.478516 0.85230530
56.848356 0.85548979
58.218196 0.85635130
59.588036 0.85730510
60.957876 0.85844352
62.327716 0.85919734
63.697556 0.85696666
65.067396 0.86022807
66.437236 0.85639745
67.807076 0.85232068
69.176916 0.84769009
70.546755 0.84207493
71.916595 0.83775202
73.286435 0.83435215
74.656275 0.83593671
76.026115 0.83604439
77.395955 0.84581324
78.765795 0.84910542
80.135635 0.84898235
81.505475 0.84893620
