# Density profile (accumulated) at T = 0.320000
# columns : x rho
0.680785 0.86586776
2.042354 0.86512032
3.403923 0.86658404
4.765492 0.86522933
6.127062 0.86744048
7.488631 0.86484004
8.850200 0.86610133
10.211769 0.86541618
11.573339 0.86650619
12.934908 0.86546290
14.296477 0.86649062
15.658046 0.86530718
17.019616 0.86630376
18.381185 0.86519818
19.742754 0.86516704
21.104323 0.86560304
22.465893 0.86663076
23.827462 0.86479332
25.189031 0.86649062
26.550600 0.86597676
27.912169 0.86421718
29.273739 0.86473104
30.635308 0.86649062
31.996877 0.86449747
33.358446 0.86700447
34.720016 0.86484004
36.081585 0.86684876
37.443154 0.86600790
38.804723 0.86417046
40.166293 0.86578990
41.527862 0.86602347
42.889431 0.86608576
44.251000 0.86675533
45.612570 0.86423275
46.974139 0.86631933
48.335708 0.86561861
49.697277 0.86490232
51.058847 0.86652176
52.420416 0.86622590
53.781985 0.86550961
55.143554 0.86395246
56.505124 0.86812562
57.866693 0.86563418
59.228262 0.86451304
60.589831 0.86684876
61.951401 0.86613247
63.312970 0.86672419
64.674539 0.86535390
66.036108 0.86695776
67.397678 0.86574318
68.759247 0.86445075
70.120816 0.86607019
71.482385 0.86561861
72.843955 0.86733148
74.205524 0.86468432
75.567093 0.86716019
76.928662 0.86603904
78.290232 0.86491790
79.651801 0.86446632
81.013370 0.86641276
