# Density profile (accumulated) at T = 0.420000
# columns : x rho
0.751442 0.70281616
2.254327 0.70436264
3.757212 0.70767287
5.260097 0.70766009
6.762981 0.70796682
8.265866 0.71109812
9.768751 0.71102144
11.271636 0.71186497
12.774520 0.71086807
14.277405 0.70767287
15.780290 0.71140486
17.283175 0.71168604
18.786059 0.70999897
20.288944 0.70688046
21.791829 0.70110354
23.294714 0.70443932
24.797598 0.70386419
26.300483 0.70483553
27.803368 0.70408146
29.306253 0.70057952
30.809137 0.69987658
32.312022 0.70137193
33.814907 0.69996604
35.317792 0.70483553
36.820676 0.70695714
38.323561 0.69827898
39.826446 0.69577394
41.329331 0.69794668
42.832215 0.69723095
44.335100 0.69807449
45.837985 0.70256055
47.340870 0.70281616
48.843754 0.70450323
50.346639 0.70932159
51.849524 0.71444669
53.352409 0.71676001
54.855293 0.71660665
56.358178 0.71742462
57.861063 0.71226117
59.363948 0.71642771
60.866832 0.71385877
62.369717 0.71413995
63.872602 0.71298968
65.375487 0.71305358
66.878371 0.70966667
68.381256 0.70512949
69.884141 0.70688046
71.387026 0.70935993
72.889910 0.70766009
74.392795 0.70707217
75.895680 0.70606249
77.398565 0.70129525
78.901449 0.69848347
80.404334 0.70373638
81.907219 0.70768565
83.410104 0.70114188
84.912988 0.69491763
86.415873 0.69186302
87.918758 0.70068177
89.421643 0.69457255
