# Density profile (accumulated) at T = 0.360000
# columns : x rho
0.686599 0.85117201
2.059798 0.85091176
3.432997 0.85040657
4.806196 0.85187622
6.179395 0.85062089
7.552593 0.85179967
8.925792 0.85040657
10.298991 0.85172313
11.672190 0.85034533
13.045389 0.85114139
14.418587 0.85222832
15.791786 0.84938087
17.164985 0.85170782
18.538184 0.85199869
19.911383 0.84990138
21.284582 0.85284067
22.657780 0.85002385
24.030979 0.85140164
25.404178 0.85051373
26.777377 0.85062089
28.150576 0.85103423
29.523774 0.85225894
30.896973 0.85120263
32.270172 0.85022286
33.643371 0.85092707
35.016570 0.85135572
36.389768 0.85233548
37.762967 0.85091176
39.136166 0.85086583
40.509365 0.85025348
41.882564 0.85175375
43.255762 0.85144757
44.628961 0.85081991
46.002160 0.85037595
47.375359 0.85160066
48.748558 0.85204461
50.121756 0.85101892
51.494955 0.85274882
52.868154 0.85150880
54.241353 0.85080460
55.614552 0.85179967
56.987750 0.85169251
58.360949 0.85071274
59.734148 0.85160066
61.107347 0.85178436
62.480546 0.85138633
63.853745 0.85285598
65.226943 0.84947273
66.600142 0.85100361
67.973341 0.85103423
69.346540 0.85089645
70.719739 0.85091176
72.092937 0.85293253
73.466136 0.84959520
74.839335 0.85186091
76.212534 0.85048311
77.585733 0.84912062
78.958931 0.85106485
80.332130 0.85189153
81.705329 0.85170782
