# Density profile (accumulated) at T = 0.380000
# columns : x rho
0.695684 0.80922547
2.087051 0.81313232
3.478419 0.82011098
4.869786 0.82354066
6.261153 0.83069825
7.652521 0.83379987
9.043888 0.83643923
10.435256 0.83636468
11.826623 0.83708044
13.217990 0.83532086
14.609358 0.83815407
16.000725 0.83517174
17.392093 0.83763217
18.783460 0.83700588
20.174827 0.83790058
21.566195 0.83806460
22.957562 0.83631994
24.348930 0.83755761
25.740297 0.83681203
27.131664 0.83374023
28.523032 0.83145874
29.914399 0.83172715
31.305767 0.82950532
32.697134 0.82597126
34.088501 0.81885840
35.479869 0.81199904
36.871236 0.80250032
38.262604 0.79313580
39.653971 0.79064555
41.045338 0.79043679
42.436706 0.79112273
43.828073 0.79677424
45.219441 0.80588526
46.610808 0.81660674
48.002175 0.82328716
49.393543 0.82697034
50.784910 0.83074298
52.176278 0.83469457
53.567645 0.83317358
54.959012 0.83532086
56.350380 0.83687167
57.741747 0.83712517
59.133115 0.83867598
60.524482 0.83712517
61.915849 0.83567874
63.307217 0.83521648
64.698584 0.83555945
66.089952 0.83406828
67.481319 0.83166751
68.872686 0.82726857
70.264054 0.82333189
71.655421 0.81581642
73.046789 0.81377353
74.438156 0.80931494
75.829523 0.80695890
77.220891 0.80594491
78.612258 0.80370816
80.003626 0.80652646
81.394993 0.80913600
82.786360 0.80855445
