# Density profile (accumulated) at T = 0.440000
# columns : x rho
0.892807 0.56482613
2.678420 0.56689041
4.464033 0.56244496
6.249646 0.55972880
8.035259 0.55270299
9.820873 0.54776862
11.606486 0.53667762
13.392099 0.53010451
15.177712 0.51837974
16.963325 0.50724347
18.748939 0.48997773
20.534552 0.47175227
22.320165 0.45293831
24.105778 0.44475361
25.891391 0.44800395
27.677005 0.45781835
29.462618 0.46400215
31.248231 0.47007730
33.033844 0.46708952
34.819457 0.46009993
36.605071 0.45613433
38.390684 0.45336385
40.176297 0.44774139
41.961910 0.45163456
43.747523 0.46595779
45.533137 0.48946166
47.318750 0.51554588
49.104363 0.53404295
50.889976 0.54228197
52.675590 0.53373511
54.461203 0.52381207
56.246816 0.52174778
58.032429 0.52029011
59.818042 0.51952053
61.603656 0.51621586
63.389269 0.50514297
65.174882 0.50210087
66.960495 0.48929869
68.746108 0.48325070
70.531722 0.48262598
72.317335 0.48481702
74.102948 0.48258071
75.888561 0.47673190
77.674174 0.46572239
79.459788 0.45841591
81.245401 0.45532854
83.031014 0.46547793
84.816627 0.47117282
86.602240 0.47072918
88.387854 0.47395236
90.173467 0.48909950
91.959080 0.51426928
93.744693 0.52838427
95.530306 0.53174326
97.315920 0.52418327
99.101533 0.51944810
100.887146 0.52469029
102.672759 0.53465861
104.458372 0.54605744
106.243986 0.55990082
