# Density profile (accumulated) at T = 0.280000
# columns : x rho
0.676597 0.87647608
2.029792 0.87720126
3.382987 0.87685444
4.736182 0.87606620
6.089377 0.87729585
7.442572 0.87630267
8.795766 0.87754809
10.148961 0.87538831
11.502156 0.87729585
12.855351 0.87631843
14.208546 0.87664950
15.561741 0.87466313
16.914935 0.87822598
18.268130 0.87646032
19.621325 0.87623961
20.974520 0.87582973
22.327715 0.87724856
23.680910 0.87675985
25.034105 0.87597161
26.387299 0.87728009
27.740494 0.87598737
29.093689 0.87565631
30.446884 0.87735891
31.800079 0.87611349
33.153274 0.87605043
34.506468 0.87791068
35.859663 0.87644455
37.212858 0.87666526
38.566053 0.87710668
39.919248 0.87609773
41.272443 0.87664950
42.625637 0.87739044
43.978832 0.87568784
45.332027 0.87687020
46.685222 0.87641302
48.038417 0.87754809
49.391612 0.87526219
50.744806 0.87713820
52.098001 0.87668103
53.451196 0.87707515
54.804391 0.87584549
56.157586 0.87682291
57.510781 0.87683867
58.863975 0.87546714
60.217170 0.87780033
61.570365 0.87453701
62.923560 0.87825751
64.276755 0.87553019
65.629950 0.87655491
66.983145 0.87729585
68.336339 0.87524643
69.689534 0.87581396
71.042729 0.87603467
72.395924 0.87936104
73.749119 0.87272406
75.102314 0.87720126
76.455508 0.87751656
77.808703 0.87646032
79.161898 0.87680714
80.515093 0.87510454
