# Layer profile at T = 0.320000
# input   = perfect_Sigma139_theta25.4611deg.dat
# seed    = 2000035
# n_samples = 1000
# Lx = 81.735515  Ly = 47.190021
# columns : x rho coord psi6 psi4
0.681129 0.86496057 5.998363 0.900208 0.079277
2.043388 0.86342055 5.998559 0.900342 0.079477
3.405646 0.86480501 5.998597 0.900122 0.079266
4.767905 0.86623614 5.998402 0.899919 0.079497
6.130164 0.86401167 5.998380 0.900147 0.079547
7.492422 0.86335833 5.998108 0.899968 0.079583
8.854681 0.86440056 5.998002 0.900582 0.079169
10.216939 0.86461834 5.998345 0.900028 0.079268
11.579198 0.86553613 5.998544 0.901193 0.079225
12.941457 0.86544279 5.998292 0.901139 0.078969
14.303715 0.86365389 5.998325 0.900414 0.079197
15.665974 0.86674947 5.998492 0.899433 0.079723
17.028232 0.86362277 5.998415 0.899635 0.079636
18.390491 0.86497612 5.998579 0.900727 0.079171
19.752749 0.86447834 5.998578 0.900350 0.079624
21.115008 0.86410500 5.998470 0.900065 0.079432
22.477267 0.86538057 5.998238 0.899798 0.079368
23.839525 0.86359166 5.998163 0.899153 0.079450
25.201784 0.86469612 5.998111 0.899621 0.079423
26.564042 0.86542724 5.998742 0.900449 0.079515
27.926301 0.86559835 5.998706 0.901144 0.079028
29.288559 0.86382500 5.998199 0.900922 0.079067
30.650818 0.86544279 5.998472 0.900086 0.079264
32.013077 0.86468056 5.998489 0.900819 0.079244
33.375335 0.86468056 5.998579 0.900613 0.079487
34.737594 0.86580058 5.998329 0.900588 0.079341
36.099852 0.86391833 5.998109 0.899765 0.079447
37.462111 0.86505390 5.998148 0.899084 0.079698
38.824370 0.86412056 5.998218 0.899944 0.079411
40.186628 0.86533390 5.998310 0.900740 0.079208
41.548887 0.86522501 5.998670 0.900921 0.079033
42.911145 0.86505390 5.998328 0.900782 0.079281
44.273404 0.86494501 5.998363 0.900413 0.079028
45.635662 0.86471167 5.998813 0.901020 0.079206
46.997921 0.86488279 5.998615 0.900605 0.079314
48.360180 0.86536502 5.998508 0.900244 0.079527
49.722438 0.86595613 5.998509 0.900580 0.079433
51.084697 0.86388722 5.998541 0.901023 0.079255
52.446955 0.86496057 5.998723 0.900570 0.079371
53.809214 0.86435389 5.998686 0.900255 0.079044
55.171472 0.86643836 5.998959 0.900389 0.079109
56.533731 0.86443167 5.998722 0.900804 0.079395
57.895990 0.86524057 5.998544 0.900574 0.079119
59.258248 0.86418278 5.998866 0.900513 0.079353
60.620507 0.86625169 5.998420 0.900565 0.079343
61.982765 0.86480501 5.998615 0.900427 0.079061
63.345024 0.86432278 5.998452 0.900784 0.078818
64.707283 0.86692059 5.998636 0.900805 0.078985
66.069541 0.86500723 5.998633 0.900611 0.079356
67.431800 0.86421389 5.998434 0.900669 0.079020
68.794058 0.86450945 5.998650 0.900498 0.079077
70.156317 0.86594058 5.998689 0.901394 0.078691
71.518575 0.86324944 5.998270 0.900931 0.079110
72.880834 0.86696725 5.998367 0.900228 0.079087
74.243093 0.86598724 5.998401 0.901171 0.079135
75.605351 0.86421389 5.998272 0.900514 0.079333
76.967610 0.86396500 5.998578 0.900235 0.079094
78.329868 0.86654725 5.998851 0.900586 0.079166
79.692127 0.86454056 5.998399 0.901057 0.079132
81.054385 0.86489834 5.998237 0.900189 0.079346
