# Layer profile at T = 0.360000
# input   = bicrystal_Sigma139_theta25.4611deg.dat
# seed    = 4000818
# n_samples = 1000
# Lx = 82.403044  Ly = 47.575420
# columns : x rho coord psi6 psi4
0.686692 0.82256743 5.813586 0.781877 0.132705
2.060076 0.82790878 5.835770 0.794808 0.127423
3.433460 0.83155130 5.858594 0.806078 0.122139
4.806844 0.83536218 5.882324 0.815501 0.116719
6.180228 0.84188199 5.907959 0.826421 0.111281
7.553612 0.84252479 5.924160 0.836482 0.107107
8.926996 0.84486641 5.938500 0.843681 0.103944
10.300381 0.84636627 5.948283 0.850784 0.100641
11.673765 0.85095769 5.956781 0.854544 0.098588
13.047149 0.85043733 5.958717 0.856569 0.098204
14.420533 0.84916703 5.955789 0.857517 0.098488
15.793917 0.84982514 5.955085 0.858215 0.098374
17.167301 0.84800388 5.954609 0.856309 0.098877
18.540685 0.84905990 5.955297 0.855332 0.099319
19.914069 0.84809570 5.950933 0.849000 0.100745
21.287453 0.84471336 5.932944 0.840550 0.105603
22.660837 0.84047395 5.902724 0.826009 0.112093
24.034221 0.83471938 5.870590 0.810757 0.119357
25.407605 0.82637831 5.840263 0.795263 0.126651
26.780989 0.82454174 5.815777 0.782872 0.131466
28.154374 0.82201646 5.819587 0.784145 0.130652
29.527758 0.82864341 5.856270 0.801969 0.122711
30.901142 0.83960159 5.893144 0.823765 0.114406
32.274526 0.84252479 5.920763 0.837346 0.107839
33.647910 0.84590713 5.933708 0.842192 0.104579
35.021294 0.84454501 5.940053 0.846045 0.103489
36.394678 0.84702437 5.937175 0.843136 0.103382
37.768062 0.84179016 5.925330 0.837864 0.106238
39.141446 0.84469806 5.925605 0.836366 0.106736
40.514830 0.84561634 5.933306 0.841693 0.103974
41.888214 0.84806509 5.946113 0.851796 0.100836
43.261598 0.84844771 5.958006 0.860428 0.097329
44.634982 0.85254938 5.970057 0.865297 0.095032
46.008366 0.85420229 5.972480 0.866565 0.093892
47.381751 0.85389619 5.975194 0.866158 0.093677
48.755135 0.85427881 5.984127 0.868969 0.092248
50.128519 0.85593172 5.991060 0.871199 0.090455
51.501903 0.85666635 5.994462 0.871046 0.090759
52.875287 0.85553380 5.994669 0.872053 0.090252
54.248671 0.85885492 5.995278 0.870596 0.090278
55.622055 0.85660513 5.992657 0.870504 0.090532
56.995439 0.85447777 5.990382 0.871602 0.090564
58.368823 0.85556441 5.990948 0.869981 0.091028
59.742207 0.85567154 5.990485 0.868669 0.091261
61.115591 0.85657452 5.987046 0.868671 0.091493
62.488975 0.85190658 5.976897 0.867773 0.093140
63.862359 0.85383497 5.970496 0.866900 0.094144
65.235744 0.85355949 5.975256 0.867463 0.093461
66.609128 0.85250346 5.979875 0.868174 0.092925
67.982512 0.85541136 5.980176 0.868571 0.092529
69.355896 0.85421759 5.980578 0.868524 0.092678
70.729280 0.85276364 5.985876 0.868160 0.092389
72.102664 0.85658982 5.986635 0.867111 0.092489
73.476048 0.85210554 5.979255 0.863053 0.094531
74.849432 0.85155457 5.962203 0.856159 0.098090
76.222816 0.84498885 5.932604 0.842119 0.105047
77.596200 0.83621924 5.892291 0.821837 0.114223
78.969584 0.83087790 5.849896 0.799314 0.124296
80.342968 0.82285822 5.817037 0.782248 0.131964
81.716352 0.82135836 5.802523 0.776018 0.135610
