# Layer profile at T = 0.280000
# input   = perfect_Sigma139_theta25.4611deg.dat
# seed    = 29
# n_samples = 1000
# Lx = 81.228463  Ly = 46.897275
# columns : x rho coord psi6 psi4
0.676904 0.87607646 5.999730 0.921708 0.070623
2.030712 0.87498967 5.999442 0.921137 0.071152
3.384519 0.87443840 5.999604 0.921042 0.070788
4.738327 0.87733650 5.999641 0.921017 0.070549
6.092135 0.87557244 5.999712 0.921667 0.070670
7.445942 0.87530468 5.999820 0.920658 0.070677
8.799750 0.87521018 5.999712 0.920659 0.070785
10.153558 0.87653323 5.999712 0.921096 0.070614
11.507366 0.87498967 5.999856 0.921528 0.070729
12.861173 0.87615521 5.999748 0.920759 0.070575
14.214981 0.87602921 5.999802 0.920720 0.070955
15.568789 0.87558819 5.999856 0.920816 0.070761
16.922596 0.87596621 5.999748 0.921766 0.070220
18.276404 0.87443840 5.999676 0.921794 0.070492
19.630212 0.87754126 5.999785 0.921969 0.070557
20.984020 0.87505268 5.999766 0.922380 0.070228
22.337827 0.87721050 5.999659 0.921427 0.070814
23.691635 0.87428090 5.999676 0.920858 0.070610
25.045443 0.87634422 5.999748 0.921064 0.070357
26.399250 0.87560394 5.999658 0.921327 0.071041
27.753058 0.87582445 5.999730 0.921321 0.070765
29.106866 0.87643872 5.999659 0.920854 0.070364
30.460673 0.87446991 5.999712 0.921105 0.070679
31.814481 0.87577720 5.999712 0.921297 0.070731
33.168289 0.87584020 5.999748 0.920812 0.070774
34.522097 0.87535194 5.999712 0.921572 0.070647
35.875904 0.87691124 5.999802 0.921117 0.070647
37.229712 0.87508418 5.999676 0.921026 0.070670
38.583520 0.87495817 5.999784 0.920906 0.070650
39.937327 0.87656473 5.999838 0.921102 0.070658
41.291135 0.87593471 5.999910 0.921611 0.070510
42.644943 0.87694274 5.999659 0.921831 0.070467
43.998751 0.87599771 5.999604 0.921719 0.070423
45.352558 0.87618671 5.999676 0.921558 0.070434
46.706366 0.87498967 5.999766 0.921408 0.070494
48.060174 0.87667498 5.999802 0.921211 0.070509
49.413981 0.87473766 5.999784 0.921001 0.070300
50.767789 0.87591895 5.999586 0.921117 0.070595
52.121597 0.87532043 5.999640 0.920881 0.070865
53.475405 0.87469041 5.999748 0.920894 0.070888
54.829212 0.87502117 5.999838 0.920705 0.070944
56.183020 0.87609221 5.999730 0.920594 0.070815
57.536828 0.87532043 5.999676 0.920954 0.070937
58.890635 0.87528893 5.999694 0.920494 0.070893
60.244443 0.87647022 5.999766 0.921059 0.070652
61.598251 0.87456441 5.999820 0.921226 0.070863
62.952059 0.87658048 5.999730 0.921045 0.070848
64.305866 0.87576145 5.999586 0.921288 0.070726
65.659674 0.87431240 5.999712 0.920924 0.070447
67.013482 0.87698999 5.999802 0.920290 0.070860
68.367289 0.87508418 5.999766 0.920630 0.070949
69.721097 0.87609221 5.999784 0.921433 0.070641
71.074905 0.87541494 5.999838 0.921703 0.070537
72.428713 0.87648597 5.999551 0.920314 0.070913
73.782520 0.87584020 5.999658 0.920679 0.070524
75.136328 0.87475341 5.999694 0.921452 0.070754
76.490136 0.87593471 5.999568 0.921596 0.070596
77.843943 0.87673798 5.999820 0.921022 0.070616
79.197751 0.87550944 5.999550 0.921201 0.070384
80.551559 0.87626547 5.999748 0.921745 0.070444
