# Layer profile at T = 0.280000
# input   = bicrystal_Sigma139_theta25.4611deg.dat
# seed    = 806
# n_samples = 1000
# Lx = 81.309039  Ly = 46.943795
# columns : x rho coord psi6 psi4
0.677575 0.84914287 5.868916 0.849218 0.105887
2.032726 0.85245965 5.887516 0.854455 0.100679
3.387877 0.86068086 5.921392 0.878223 0.091204
4.743027 0.86589968 5.962222 0.900643 0.081618
6.098178 0.87275331 5.986366 0.912167 0.075187
7.453329 0.87509549 5.995976 0.918262 0.072222
8.808479 0.87366503 5.998795 0.919488 0.071492
10.163630 0.87540988 5.999569 0.919820 0.071101
11.518780 0.87393226 5.999784 0.920803 0.071037
12.873931 0.87520553 5.999838 0.920546 0.070892
14.229082 0.87605437 5.999839 0.921137 0.070809
15.584232 0.87401086 5.999766 0.920599 0.070975
16.939383 0.87509549 5.999838 0.920714 0.070876
18.294534 0.87445100 5.999676 0.920479 0.070838
19.649684 0.87445100 5.999766 0.920936 0.070875
21.004835 0.87573999 5.999803 0.921251 0.070652
22.359986 0.87459247 5.999784 0.921196 0.070851
23.715136 0.87441956 5.999838 0.920653 0.070882
25.070287 0.87388510 5.999838 0.920278 0.071174
26.425438 0.87545704 5.999677 0.920133 0.070741
27.780588 0.87581858 5.999713 0.920611 0.070889
29.135739 0.87437240 5.999730 0.920547 0.070863
30.490889 0.87495402 5.999766 0.921070 0.070543
31.846040 0.87522125 5.999856 0.921279 0.070687
33.201191 0.87328777 5.999712 0.921028 0.070802
34.556341 0.87588146 5.999731 0.920626 0.071012
35.911492 0.87446672 5.999748 0.919734 0.071301
37.266643 0.87335065 5.999568 0.919402 0.071515
38.621793 0.87651023 5.997884 0.918790 0.072014
39.976944 0.87122854 5.989030 0.914373 0.074600
41.332095 0.86714151 5.976053 0.905079 0.078310
42.687245 0.86833618 5.954797 0.894523 0.083908
44.042396 0.85692394 5.920204 0.873600 0.092527
45.397547 0.85343425 5.885766 0.855577 0.101134
46.752697 0.84810539 5.862751 0.841050 0.107576
48.107848 0.84647058 5.840666 0.832024 0.113311
49.462998 0.84049723 5.831398 0.825376 0.114066
50.818149 0.84909571 5.859338 0.838629 0.107328
52.173300 0.85684534 5.919096 0.875434 0.092794
53.528450 0.86995527 5.971975 0.904528 0.079581
54.883601 0.87416805 5.993490 0.916176 0.073613
56.238752 0.87308342 5.999010 0.919508 0.071999
57.593902 0.87583430 5.999803 0.920742 0.071094
58.949053 0.87418377 5.999874 0.921176 0.071119
60.304204 0.87544132 5.999910 0.921002 0.070912
61.659354 0.87270615 5.999640 0.920406 0.070862
63.014505 0.87665171 5.999552 0.921049 0.070531
64.369656 0.87423093 5.999712 0.921060 0.070836
65.724806 0.87364931 5.999730 0.920851 0.070840
67.079957 0.87467107 5.999694 0.920143 0.071049
68.435107 0.87523697 5.999749 0.920134 0.070971
69.790258 0.87399514 5.999640 0.920034 0.071222
71.145409 0.87443528 5.999658 0.919804 0.071284
72.500559 0.87410518 5.997806 0.919015 0.072360
73.855710 0.87247036 5.991820 0.915689 0.074282
75.210861 0.86909071 5.968673 0.902559 0.080724
76.566011 0.85910893 5.910691 0.870481 0.095436
77.921162 0.84318524 5.840343 0.825317 0.112002
79.276313 0.83760487 5.815577 0.818460 0.117883
80.631463 0.84573177 5.842199 0.829231 0.113145
