# Layer profile at T = 0.300000
# input   = perfect_Sigma139_theta25.4611deg.dat
# seed    = 1000032
# n_samples = 1000
# Lx = 81.430475  Ly = 47.013907
# columns : x rho coord psi6 psi4
0.678587 0.87095150 5.999262 0.910757 0.075021
2.035762 0.87175079 5.999209 0.910376 0.075247
3.392936 0.87063805 5.999334 0.911219 0.075146
4.750111 0.87019922 5.999280 0.911337 0.074882
6.107286 0.87124927 5.999334 0.911145 0.074744
7.464460 0.87222097 5.999317 0.911404 0.074565
8.821635 0.87142167 5.999335 0.911326 0.074684
10.178809 0.87139033 5.999496 0.911129 0.074908
11.535984 0.87145302 5.999209 0.911458 0.074745
12.893159 0.87123360 5.999155 0.911390 0.074661
14.250333 0.87261278 5.999246 0.911149 0.074838
15.607508 0.87055968 5.999316 0.911106 0.074981
16.964682 0.87175079 5.999371 0.911184 0.074762
18.321857 0.87068506 5.999208 0.910963 0.075062
19.679031 0.87193886 5.999353 0.910609 0.074960
21.036206 0.87107688 5.999352 0.911417 0.074847
22.393381 0.87171945 5.999263 0.911844 0.074830
23.750555 0.87170378 5.999389 0.911262 0.074818
25.107730 0.87013653 5.999514 0.911326 0.074950
26.464904 0.87211126 5.999479 0.911763 0.074751
27.822079 0.87173512 5.999425 0.912170 0.074814
29.179254 0.87093582 5.999298 0.911612 0.075106
30.536428 0.87231500 5.999551 0.911392 0.074720
31.893603 0.87198588 5.999335 0.911903 0.074505
33.250777 0.87004249 5.999207 0.911464 0.074524
34.607952 0.87190752 5.999299 0.911771 0.074614
35.965126 0.87200155 5.999353 0.911553 0.074801
37.322301 0.87077910 5.999334 0.910845 0.074945
38.679476 0.87162541 5.999299 0.910855 0.074955
40.036650 0.87179781 5.999137 0.911761 0.075027
41.393825 0.87157840 5.999137 0.910857 0.074815
42.750999 0.87046565 5.999028 0.911567 0.075193
44.108174 0.87120226 5.999370 0.911245 0.075020
45.465348 0.87242471 5.999317 0.911091 0.074731
46.822523 0.87018354 5.999460 0.910899 0.074792
48.179698 0.87095150 5.999172 0.910963 0.075067
49.536872 0.87145302 5.999137 0.911060 0.075398
50.894047 0.87192319 5.999389 0.911310 0.074832
52.251221 0.87038729 5.999172 0.911468 0.074663
53.608396 0.87148436 5.999065 0.910821 0.075002
54.965571 0.87198588 5.999281 0.911150 0.075125
56.322745 0.87101419 5.999046 0.911478 0.074590
57.679920 0.87317699 5.998977 0.911955 0.074745
59.037094 0.86958799 5.999171 0.911520 0.074781
60.394269 0.87300459 5.999461 0.910912 0.074854
61.751443 0.87117091 5.999352 0.911004 0.074964
63.108618 0.87198588 5.999245 0.910372 0.075161
64.465793 0.87076343 5.999082 0.911023 0.075109
65.822967 0.87131196 5.999173 0.911575 0.075002
67.180142 0.87131196 5.999298 0.911590 0.074995
68.537316 0.87159407 5.999425 0.911555 0.074827
69.894491 0.87145302 5.999389 0.910809 0.074918
71.251666 0.86983875 5.999333 0.911101 0.075122
72.608840 0.87334939 5.999408 0.910910 0.075169
73.966015 0.87019922 5.999424 0.911266 0.074989
75.323189 0.87239336 5.999605 0.911727 0.074839
76.680364 0.87102986 5.999226 0.911232 0.075166
78.037538 0.87128062 5.999388 0.911264 0.074916
79.394713 0.87159407 5.999389 0.911027 0.074705
80.751888 0.87139033 5.999335 0.911465 0.074713
