# Layer profile at T = 0.320000
# input   = bicrystal_Sigma139_theta25.4611deg.dat
# seed    = 2000812
# n_samples = 1000
# Lx = 81.896961  Ly = 47.283233
# columns : x rho coord psi6 psi4
0.682475 0.82653621 5.795610 0.788044 0.130474
2.047424 0.83106059 5.832426 0.806750 0.121721
3.412373 0.84212363 5.882429 0.835988 0.110217
4.777323 0.84858481 5.927840 0.857756 0.098743
6.142272 0.85458117 5.956377 0.874559 0.091388
7.507221 0.85839280 5.975397 0.884032 0.087010
8.872171 0.86104236 5.988879 0.893003 0.082661
10.237120 0.86417224 5.995518 0.896578 0.081317
11.602069 0.86265378 5.998527 0.898697 0.080288
12.967019 0.86319609 5.998600 0.899582 0.079947
14.331968 0.86384685 5.998709 0.900258 0.079303
15.696918 0.86375389 5.998188 0.899796 0.079710
17.061867 0.86350597 5.998116 0.899173 0.079735
18.426816 0.86254532 5.998886 0.900699 0.079547
19.791766 0.86496245 5.998800 0.900349 0.079511
21.156715 0.86260730 5.998779 0.900259 0.079307
22.521664 0.86404828 5.998547 0.899841 0.079732
23.886614 0.86330455 5.998744 0.898864 0.079667
25.251563 0.86344400 5.998349 0.899073 0.080229
26.616512 0.86302565 5.996355 0.898118 0.080437
27.981462 0.86096488 5.988716 0.894125 0.082601
29.346411 0.85792797 5.971988 0.885158 0.087098
30.711360 0.85447271 5.944766 0.870590 0.093219
32.076310 0.84739174 5.923057 0.858068 0.098217
33.441259 0.84672548 5.916263 0.851454 0.100637
34.806208 0.84819745 5.919733 0.854942 0.100151
36.171158 0.85033569 5.930958 0.862126 0.097751
37.536107 0.84966943 5.928552 0.860805 0.098317
38.901057 0.84438582 5.902470 0.848358 0.104030
40.266006 0.84172077 5.878065 0.834348 0.109929
41.630955 0.83722738 5.863660 0.824310 0.113569
42.995905 0.83781617 5.870635 0.831169 0.111553
44.360854 0.84534647 5.898200 0.844761 0.105314
45.725803 0.85002580 5.936967 0.865302 0.096092
47.090753 0.85901258 5.967911 0.880436 0.088510
48.455702 0.86028313 5.989266 0.892917 0.083117
49.820651 0.86330455 5.997200 0.896736 0.081088
51.185601 0.86443564 5.998064 0.898403 0.080389
52.550550 0.86256081 5.998437 0.899636 0.079865
53.915499 0.86359894 5.999013 0.899263 0.079550
55.280449 0.86293268 5.998905 0.899585 0.079639
56.645398 0.86398630 5.998763 0.899959 0.079493
58.010347 0.86228191 5.998203 0.899320 0.079693
59.375297 0.86336652 5.998223 0.899333 0.079896
60.740246 0.86310312 5.998779 0.898748 0.079967
62.105195 0.86421872 5.998709 0.899025 0.079680
63.470145 0.86375389 5.998726 0.899616 0.079804
64.835094 0.86322707 5.998654 0.899949 0.079676
66.200044 0.86297916 5.997522 0.899885 0.079630
67.564993 0.86249884 5.990856 0.898872 0.080943
68.929942 0.86163115 5.987916 0.898229 0.081500
70.294892 0.86116631 5.989726 0.897886 0.080885
71.659841 0.86102686 5.986881 0.897892 0.081717
73.024790 0.86268477 5.985308 0.898103 0.081859
74.389740 0.86031412 5.985574 0.896248 0.082392
75.754689 0.86068598 5.980107 0.889264 0.085336
77.119638 0.85337260 5.951413 0.874751 0.092504
78.484588 0.84240253 5.900015 0.845265 0.104714
79.849537 0.83577090 5.839284 0.813705 0.118873
81.214486 0.82442896 5.794974 0.789511 0.129697
