# Layer profile at T = 0.400000
# input   = perfect_Sigma139_theta25.4611deg.dat
# seed    = 6000047
# n_samples = 1000
# Lx = 88.104827  Ly = 50.867346
# columns : x rho coord psi6 psi4
0.734207 0.74388529 5.814214 0.724014 0.146278
2.202621 0.74483583 5.817831 0.723227 0.144987
3.671034 0.74492955 5.813181 0.723743 0.146378
5.139448 0.74456808 5.813360 0.721492 0.146135
6.607862 0.74241262 5.811483 0.722879 0.146223
8.076276 0.74268038 5.809514 0.722730 0.146549
9.544690 0.74233230 5.807441 0.723474 0.146659
11.013103 0.74332300 5.815479 0.723334 0.145152
12.481517 0.74613446 5.815151 0.721839 0.145789
13.949931 0.74510359 5.820052 0.723710 0.146145
15.418345 0.74400578 5.819913 0.726030 0.144706
16.886759 0.74328284 5.821953 0.724816 0.144858
18.355172 0.74541151 5.819785 0.725145 0.145154
19.823586 0.74784811 5.831382 0.726498 0.143958
21.292000 0.74579976 5.830021 0.727017 0.143666
22.760414 0.74565250 5.834243 0.729709 0.142169
24.228828 0.74618801 5.827867 0.731418 0.142275
25.697241 0.74771423 5.826195 0.732353 0.142322
27.165655 0.74403256 5.824795 0.732520 0.142489
28.634069 0.74383174 5.821418 0.730886 0.143218
30.102483 0.74642899 5.821860 0.729016 0.142642
31.570896 0.74245279 5.821051 0.732539 0.142690
33.039310 0.74399240 5.819639 0.730418 0.143186
34.507724 0.74189050 5.817865 0.732869 0.143868
35.976138 0.74396562 5.812255 0.731130 0.143506
37.444552 0.74314896 5.806536 0.731600 0.144163
38.912965 0.73787413 5.797369 0.729089 0.146139
40.381379 0.74167629 5.802776 0.730174 0.144812
41.849793 0.74186372 5.815837 0.728534 0.144012
43.318207 0.74533119 5.823664 0.728498 0.143385
44.786621 0.74557217 5.824852 0.729850 0.143030
46.255034 0.74463501 5.817889 0.731115 0.142449
47.723448 0.74266699 5.816812 0.732015 0.143279
49.191862 0.74538474 5.826083 0.732117 0.142209
50.660276 0.74606752 5.822402 0.731473 0.142357
52.128689 0.74226536 5.821041 0.730075 0.144183
53.597103 0.74412627 5.817477 0.732937 0.143370
55.065517 0.74456808 5.820714 0.729519 0.143019
56.533931 0.74530441 5.823047 0.729973 0.143461
58.002345 0.74399240 5.818632 0.729557 0.144104
59.470758 0.74626834 5.824585 0.730584 0.142921
60.939172 0.74506343 5.826080 0.730022 0.143400
62.407586 0.74557217 5.827168 0.729250 0.143054
63.876000 0.74683063 5.826850 0.729163 0.143757
65.344414 0.74622817 5.826298 0.729531 0.143096
66.812827 0.74589348 5.825968 0.729482 0.143062
68.281241 0.74575960 5.826978 0.728589 0.143455
69.749655 0.74442081 5.813593 0.728070 0.144615
71.218069 0.73962794 5.814810 0.726220 0.144964
72.686483 0.74490277 5.808321 0.727408 0.145194
74.154896 0.74340333 5.815318 0.725261 0.145341
75.623310 0.74505004 5.813912 0.723156 0.145797
77.091724 0.74431371 5.816498 0.724431 0.145364
78.560138 0.74471534 5.818071 0.724921 0.145465
80.028551 0.74496971 5.818834 0.725413 0.145450
81.496965 0.74609430 5.820345 0.725549 0.145091
82.965379 0.74413966 5.814278 0.723709 0.145728
84.433793 0.74261344 5.814419 0.726319 0.145894
85.902207 0.74575960 5.811935 0.724069 0.145985
87.370620 0.74322929 5.807836 0.724208 0.146878
