# Layer profile at T = 0.440000
# input   = perfect_Sigma139_theta25.4611deg.dat
# seed    = 8000053
# n_samples = 1000
# Lx = 109.316716  Ly = 63.114035
# columns : x rho coord psi6 psi4
0.910973 0.50578171 6.104900 0.483955 0.180566
2.732918 0.49369374 6.071217 0.487720 0.182397
4.554863 0.48565828 6.043423 0.486539 0.183152
6.376808 0.48024913 6.029190 0.489282 0.183157
8.198754 0.47003957 6.005920 0.494312 0.185205
10.020699 0.46770025 5.987616 0.494506 0.185248
11.842644 0.46597836 5.984846 0.492703 0.186345
13.664589 0.47004827 6.027234 0.487540 0.184395
15.486535 0.46490871 6.059596 0.487038 0.184343
17.308480 0.47027438 6.066553 0.483215 0.183756
19.130425 0.47730106 6.095399 0.483200 0.183385
20.952371 0.48351897 6.104317 0.481173 0.183101
22.774316 0.48244932 6.075869 0.482124 0.184320
24.596261 0.47730106 6.037223 0.487499 0.186101
26.418206 0.47110053 5.999243 0.488937 0.187233
28.240152 0.46154321 5.962354 0.491107 0.188667
30.062097 0.45731676 5.938007 0.495769 0.187995
31.884042 0.46096925 5.931952 0.496357 0.190390
33.705987 0.47212671 5.944852 0.494285 0.189084
35.527933 0.48095354 5.984811 0.487918 0.186943
37.349878 0.49061522 5.985696 0.488083 0.187897
39.171823 0.47504000 5.942572 0.490456 0.190547
40.993768 0.44830731 5.810964 0.497278 0.197647
42.815714 0.41470448 5.687902 0.505819 0.202934
44.637659 0.38333662 5.628584 0.513264 0.208032
46.459604 0.36507422 5.646737 0.512569 0.205440
48.281549 0.36635258 5.663233 0.511667 0.205383
50.103495 0.37418803 5.711304 0.509679 0.202701
51.925440 0.39533763 5.743863 0.508535 0.202472
53.747385 0.42293996 5.818543 0.500189 0.197681
55.569331 0.44996832 5.882243 0.494337 0.193707
57.391276 0.47532698 5.945772 0.487134 0.190712
59.213221 0.49147616 6.028807 0.483848 0.186874
61.035166 0.50748621 6.107478 0.478098 0.182659
62.857112 0.52328754 6.180563 0.471663 0.179709
64.679057 0.52738353 6.203713 0.471096 0.179025
66.501002 0.52193960 6.163734 0.471712 0.180514
68.322947 0.51686091 6.159471 0.476558 0.179472
70.144893 0.51897413 6.167049 0.477398 0.179069
71.966838 0.51486944 6.165408 0.479316 0.178449
73.788783 0.50994728 6.153516 0.480826 0.179061
75.610728 0.50961682 6.158325 0.481235 0.179086
77.432674 0.51806101 6.195813 0.476872 0.177186
79.254619 0.53082730 6.243742 0.473092 0.174673
81.076564 0.54161951 6.293685 0.469721 0.172644
82.898509 0.54817659 6.326945 0.466008 0.171298
84.720455 0.54845487 6.343333 0.468010 0.169977
86.542400 0.54940278 6.342709 0.468678 0.170789
88.364345 0.54461977 6.324051 0.470183 0.171553
90.186291 0.53521898 6.291786 0.469618 0.174343
92.008236 0.53019247 6.248413 0.473639 0.176236
93.830181 0.51712180 6.190569 0.477490 0.178315
95.652126 0.50187704 6.127099 0.478788 0.183279
97.474072 0.48833677 6.077911 0.480658 0.185550
99.296017 0.47837941 6.102983 0.480991 0.183711
101.117962 0.47895337 6.142351 0.478136 0.181234
102.939907 0.48822371 6.130172 0.483234 0.181291
104.761853 0.49617221 6.115713 0.483817 0.180937
106.583798 0.50424245 6.086612 0.485540 0.181275
108.405743 0.50931245 6.106820 0.484727 0.180028
