# Layer profile at T = 0.300000
# input   = bicrystal_Sigma139_theta25.4611deg.dat
# seed    = 1000809
# n_samples = 1000
# Lx = 81.574238  Ly = 47.096908
# columns : x rho coord psi6 psi4
0.679785 0.83515050 5.823341 0.813166 0.120781
2.039356 0.84915921 5.902488 0.854087 0.101928
3.398927 0.86209033 5.955943 0.883427 0.088167
4.758497 0.86458910 5.979914 0.898554 0.081306
6.118068 0.86693169 5.983265 0.906556 0.078902
7.477638 0.86697854 5.987301 0.908059 0.077101
8.837209 0.86769694 5.992099 0.909650 0.076418
10.196780 0.87010200 5.995746 0.910158 0.076119
11.556350 0.86727527 5.999064 0.909745 0.075763
12.915921 0.87064861 5.999498 0.909702 0.075526
14.275492 0.87003953 5.999318 0.911096 0.075254
15.635062 0.86697854 5.999261 0.910764 0.075393
16.994633 0.87130454 5.999373 0.910378 0.075382
18.354203 0.86855589 5.999389 0.910986 0.075083
19.713774 0.86994583 5.999497 0.910668 0.074973
21.073345 0.86958663 5.999264 0.910698 0.075395
22.432915 0.86808737 5.999352 0.910628 0.075328
23.792486 0.87046120 5.999300 0.911231 0.074830
25.152057 0.86982089 5.999497 0.910689 0.075306
26.511627 0.86949293 5.999030 0.909892 0.075306
27.871198 0.87042997 5.999569 0.909542 0.075221
29.230769 0.86933676 5.999389 0.909867 0.075295
30.590339 0.86914935 5.999227 0.910553 0.075294
31.949910 0.86886824 5.999335 0.910417 0.075460
33.309480 0.86804052 5.999370 0.910138 0.075423
34.669051 0.87136700 5.999140 0.910546 0.075322
36.028622 0.86755638 5.999298 0.910045 0.075742
37.388192 0.86949293 5.998833 0.909942 0.075617
38.747763 0.86907126 5.995561 0.907416 0.077453
40.107334 0.86369891 5.979965 0.898262 0.081568
41.466904 0.85973212 5.946866 0.881057 0.089291
42.826475 0.85398495 5.911470 0.861545 0.097534
44.186045 0.84659797 5.895497 0.852476 0.101568
45.545616 0.85306353 5.906267 0.857536 0.098854
46.905187 0.85514063 5.924721 0.868209 0.095198
48.264757 0.85770187 5.934687 0.874307 0.092711
49.624328 0.85551545 5.928021 0.870574 0.094549
50.983899 0.85332903 5.905326 0.855215 0.100231
52.343469 0.84755063 5.884393 0.844998 0.104765
53.703040 0.84634810 5.885225 0.845174 0.104061
55.062610 0.85012748 5.919555 0.865791 0.096311
56.422181 0.86426114 5.958439 0.887642 0.086610
57.781752 0.86743145 5.981996 0.900720 0.080496
59.141322 0.86800929 5.992785 0.906990 0.077373
60.500893 0.86761885 5.997246 0.909288 0.075898
61.860464 0.86978966 5.998995 0.910638 0.075239
63.220034 0.87075793 5.999229 0.911178 0.075009
64.579605 0.86916497 5.999317 0.910339 0.075486
65.939176 0.86894632 5.999263 0.910034 0.075608
67.298746 0.86952416 5.999335 0.910708 0.075404
68.658317 0.86975842 5.999354 0.911723 0.074907
70.017887 0.87094534 5.999390 0.910847 0.075160
71.377458 0.86925867 5.999245 0.910002 0.075418
72.737029 0.86966472 5.997378 0.909347 0.076125
74.096599 0.86836848 5.991907 0.906028 0.078009
75.456170 0.86232459 5.976836 0.895452 0.082950
76.815741 0.85870138 5.934072 0.872227 0.094142
78.175311 0.84363069 5.854125 0.827429 0.113597
79.534882 0.82161030 5.766200 0.778682 0.133568
80.894452 0.82495240 5.755731 0.774199 0.136619
