# Layer profile at T = 0.360000
# input   = perfect_Sigma139_theta25.4611deg.dat
# seed    = 4000041
# n_samples = 1000
# Lx = 82.321785  Ly = 47.528505
# columns : x rho coord psi6 psi4
0.686015 0.85165703 5.993410 0.873472 0.089742
2.058045 0.85131966 5.994038 0.873223 0.089168
3.430074 0.85285315 5.994120 0.873001 0.089618
4.802104 0.85276114 5.993742 0.872921 0.089607
6.174134 0.85150368 5.994165 0.872134 0.089703
7.546164 0.85263846 5.994658 0.873555 0.089203
8.918193 0.85351256 5.994430 0.873966 0.089297
10.290223 0.85093629 5.994323 0.873679 0.089320
11.662253 0.85250045 5.993380 0.872679 0.089456
13.034283 0.85305251 5.994086 0.872836 0.089704
14.406312 0.85142700 5.993876 0.872857 0.089556
15.778342 0.85191772 5.993466 0.871799 0.089760
17.150372 0.85335921 5.993243 0.871917 0.090074
18.522402 0.85127365 5.993263 0.872978 0.090042
19.894431 0.85308318 5.993655 0.872707 0.089692
21.266461 0.85240844 5.993308 0.873014 0.089841
22.638491 0.85306784 5.993403 0.873423 0.089933
24.010521 0.85095162 5.993999 0.874001 0.089438
25.382550 0.85386526 5.994361 0.873844 0.089651
26.754580 0.85187172 5.994060 0.873682 0.089183
28.126610 0.85216308 5.993630 0.871821 0.089724
29.498640 0.85406462 5.993123 0.872384 0.090185
30.870669 0.84992418 5.993721 0.872943 0.089889
32.242699 0.85354323 5.993442 0.872953 0.089742
33.614729 0.85259246 5.994532 0.874314 0.089397
34.986759 0.85128899 5.993713 0.873769 0.089544
36.358788 0.85388060 5.993714 0.873571 0.089743
37.730818 0.85173370 5.993933 0.873922 0.089374
39.102848 0.85323653 5.993620 0.873891 0.089406
40.474878 0.85319052 5.994446 0.874035 0.089368
41.846907 0.85193306 5.994204 0.874095 0.089303
43.218937 0.85227043 5.994404 0.872542 0.089597
44.590967 0.85369658 5.993821 0.873982 0.089562
45.962997 0.85204040 5.994205 0.874339 0.089402
47.335026 0.85231643 5.993271 0.872779 0.089546
48.707056 0.85394194 5.993086 0.873391 0.089292
50.079086 0.85352789 5.993945 0.874055 0.089201
51.451116 0.85176437 5.994185 0.873610 0.089231
52.823145 0.85369658 5.994036 0.873583 0.089345
54.195175 0.85342055 5.994304 0.874654 0.088775
55.567205 0.85326720 5.994860 0.874975 0.088828
56.939235 0.85213241 5.994313 0.873480 0.089317
58.311264 0.85432531 5.994220 0.874138 0.089110
59.683294 0.85309851 5.994410 0.874482 0.088969
61.055324 0.85331320 5.994465 0.873710 0.089350
62.427354 0.85171837 5.993824 0.873666 0.089680
63.799384 0.85403395 5.993697 0.872824 0.089774
65.171413 0.85279181 5.993311 0.872612 0.089794
66.543443 0.85230110 5.993577 0.873769 0.089782
67.915473 0.85188705 5.993988 0.873570 0.089555
69.287503 0.85349722 5.993676 0.873001 0.089391
70.659532 0.85225509 5.993792 0.873136 0.089695
72.031562 0.85220909 5.994134 0.873802 0.089686
73.403592 0.85466268 5.993971 0.871925 0.089828
74.775622 0.85089028 5.993458 0.872614 0.089777
76.147651 0.85165703 5.993824 0.873595 0.089728
77.519681 0.85397261 5.994200 0.874480 0.089393
78.891711 0.85276114 5.993832 0.874037 0.089525
80.263741 0.85265380 5.994119 0.874034 0.089325
81.635770 0.85377325 5.993678 0.873517 0.089676
