# Layer profile at T = 0.440000
# input   = bicrystal_Sigma139_theta25.4611deg.dat
# seed    = 8000830
# n_samples = 1000
# Lx = 107.516888  Ly = 62.074904
# columns : x rho coord psi6 psi4
0.895974 0.51239264 6.108323 0.475372 0.181891
2.687922 0.50327681 6.079008 0.480374 0.182358
4.479870 0.50253064 6.061754 0.480040 0.183528
6.271818 0.50950686 6.043864 0.478471 0.184160
8.063767 0.51293204 6.040399 0.477921 0.184950
9.855715 0.52044766 6.062841 0.479383 0.182781
11.647663 0.52432234 6.109957 0.478141 0.179835
13.439611 0.52016897 6.108795 0.476904 0.181263
15.231559 0.50022022 6.003936 0.483579 0.185813
17.023507 0.46965430 5.856629 0.492607 0.194059
18.815455 0.43209418 5.754785 0.500687 0.199949
20.607403 0.39895713 5.717720 0.503795 0.200662
22.399352 0.38504065 5.707775 0.506500 0.201271
24.191300 0.39253829 5.677423 0.508196 0.201957
25.983248 0.41503121 5.709981 0.504909 0.200588
27.775196 0.45272618 5.777339 0.498599 0.197771
29.567144 0.49372046 5.937726 0.489862 0.188651
31.359092 0.53068724 6.076536 0.483063 0.179928
33.151040 0.53863438 6.156872 0.478561 0.176703
34.942989 0.54430706 6.192036 0.479298 0.174475
36.734937 0.54464868 6.200779 0.475048 0.174906
38.526885 0.54436100 6.197384 0.473592 0.175390
40.318833 0.54219441 6.190280 0.475298 0.175789
42.110781 0.53914681 6.184553 0.473395 0.176436
43.902729 0.53958732 6.206994 0.473714 0.174866
45.694677 0.54465767 6.224049 0.473702 0.174589
47.486625 0.55135520 6.248084 0.469392 0.173553
49.278574 0.54850538 6.245325 0.469132 0.174649
51.070522 0.54015369 6.203399 0.469227 0.176645
52.862470 0.52842177 6.147093 0.466438 0.181220
54.654418 0.50814938 6.120073 0.471291 0.183554
56.446366 0.49052003 6.079321 0.474493 0.185528
58.238314 0.48436190 6.043116 0.478530 0.186793
60.030262 0.48217734 6.005948 0.482566 0.187931
61.822210 0.47091290 5.974113 0.487851 0.188709
63.614159 0.46194989 5.900126 0.493428 0.192213
65.406107 0.45344537 5.878467 0.495760 0.193009
67.198055 0.45498266 5.886465 0.494059 0.191588
68.990003 0.45580974 5.872194 0.491203 0.192757
70.781951 0.46202181 5.912906 0.488820 0.191278
72.573899 0.46070028 5.943703 0.487290 0.190095
74.365847 0.45860562 5.931037 0.490399 0.190007
76.157795 0.44951676 5.896404 0.494065 0.191797
77.949744 0.45318467 5.865066 0.494096 0.191973
79.741692 0.45797632 5.849911 0.494007 0.194690
81.533640 0.46289384 5.845601 0.494530 0.193189
83.325588 0.47499435 5.860909 0.494869 0.191507
85.117536 0.48719374 5.928330 0.494327 0.187830
86.909484 0.50777180 5.988811 0.486049 0.185148
88.701432 0.52525730 6.063584 0.481642 0.181612
90.493381 0.53413939 6.122679 0.478847 0.178307
92.285329 0.53495748 6.144137 0.480985 0.176957
94.077277 0.52927582 6.142983 0.481616 0.176422
95.869225 0.51597065 6.105725 0.483370 0.178386
97.661173 0.51161052 6.089476 0.485335 0.179369
99.453121 0.51722925 6.101731 0.481208 0.179113
101.245069 0.52412456 6.121645 0.479261 0.178819
103.037017 0.52704630 6.137362 0.479462 0.177210
104.828966 0.53052542 6.149306 0.478631 0.178665
106.620914 0.52325253 6.139887 0.474643 0.178963
