# Layer profile at T = 0.340000
# input   = bicrystal_Sigma139_theta25.4611deg.dat
# seed    = 3000815
# n_samples = 1000
# Lx = 82.281278  Ly = 47.505118
# columns : x rho coord psi6 psi4
0.685677 0.84733816 5.934385 0.855743 0.100398
2.057032 0.84993232 5.957793 0.870020 0.093610
3.428387 0.85157477 5.968095 0.877941 0.090155
4.799741 0.85381588 5.976485 0.881021 0.088386
6.171096 0.85547369 5.982846 0.882513 0.087407
7.542450 0.85630259 5.987774 0.885180 0.086080
8.913805 0.85697799 5.989969 0.885876 0.085553
10.285160 0.85674774 5.994285 0.886788 0.084993
11.656514 0.85710079 5.996508 0.886960 0.084561
13.027869 0.85773014 5.997691 0.885765 0.084681
14.399224 0.85878930 5.997319 0.886142 0.084578
15.770578 0.85625654 5.997275 0.886257 0.084934
17.141933 0.85637934 5.996863 0.885942 0.084749
18.513288 0.85771479 5.996528 0.886069 0.085103
19.884642 0.85733104 5.997028 0.886124 0.085293
21.255997 0.85749989 5.995919 0.886465 0.085078
22.627351 0.85584209 5.994583 0.885649 0.085150
23.998706 0.85763804 5.992519 0.885523 0.085465
25.370061 0.85453733 5.986618 0.885195 0.086285
26.741415 0.85522809 5.979987 0.883859 0.087471
28.112770 0.85493643 5.981614 0.883762 0.087267
29.484125 0.85315583 5.984311 0.883794 0.086921
30.855479 0.85492108 5.982422 0.882712 0.087947
32.226834 0.85525879 5.980903 0.878195 0.089256
33.598189 0.84896526 5.961397 0.868654 0.093908
34.969543 0.84471330 5.926695 0.851889 0.101227
36.340898 0.83728388 5.893851 0.834952 0.109509
37.712252 0.83346171 5.868704 0.823117 0.114913
39.083607 0.82868785 5.852091 0.811734 0.119740
40.454962 0.82772079 5.838807 0.801010 0.123707
41.826316 0.82758264 5.834384 0.801206 0.124216
43.197671 0.82650814 5.838292 0.807078 0.122725
44.569026 0.83072940 5.854949 0.814723 0.118819
45.940380 0.83496602 5.882563 0.824911 0.113465
47.311735 0.84089114 5.910882 0.840976 0.105956
48.683090 0.84693906 5.944957 0.858043 0.098320
50.054444 0.85295628 5.971044 0.871812 0.091561
51.425799 0.85562719 5.983334 0.881426 0.088236
52.797153 0.85489038 5.986839 0.884197 0.086836
54.168508 0.85639469 5.990375 0.884669 0.086078
55.539863 0.85524344 5.988854 0.884886 0.085996
56.911217 0.85622584 5.987056 0.884324 0.086304
58.282572 0.85644074 5.987651 0.885450 0.086114
59.653927 0.85564254 5.987442 0.884688 0.086600
61.025281 0.85556579 5.982382 0.884182 0.086925
62.396636 0.85438383 5.983884 0.884172 0.086738
63.767991 0.85757664 5.986468 0.884726 0.086419
65.139345 0.85532019 5.990614 0.883929 0.086285
66.510700 0.85702404 5.990812 0.882795 0.086774
67.882054 0.85507458 5.982084 0.877728 0.089489
69.253409 0.84881176 5.959256 0.864442 0.095019
70.624764 0.84055344 5.914443 0.842574 0.105249
71.996118 0.83283236 5.867370 0.819615 0.115805
73.367473 0.82481963 5.828340 0.797188 0.126115
74.738828 0.82392933 5.809282 0.788045 0.130394
76.110182 0.82351488 5.820015 0.793826 0.127493
77.481537 0.82959350 5.851938 0.810629 0.120277
78.852892 0.83505812 5.879249 0.824994 0.114543
80.224246 0.83754483 5.893169 0.833268 0.110057
81.595601 0.83811278 5.906813 0.841247 0.106084
