# Layer profile at T = 0.380000
# input   = bicrystal_Sigma139_theta25.4611deg.dat
# seed    = 5000821
# n_samples = 1000
# Lx = 83.761926  Ly = 48.359970
# columns : x rho coord psi6 psi4
0.698016 0.81029954 5.827310 0.775419 0.133774
2.094048 0.81660952 5.870146 0.795380 0.124784
3.490080 0.82330462 5.909883 0.813728 0.115875
4.886112 0.82958498 5.934937 0.826357 0.109612
6.282144 0.83395457 5.958243 0.837437 0.104551
7.678177 0.83767242 5.971549 0.844355 0.101565
9.074209 0.83481368 5.977839 0.846048 0.100162
10.470241 0.83867965 5.980149 0.846602 0.099506
11.866273 0.83942026 5.977713 0.845651 0.100555
13.262305 0.83660595 5.969795 0.844139 0.101384
14.658337 0.83453224 5.961307 0.842240 0.102443
16.054369 0.83359908 5.955062 0.838470 0.104520
17.450401 0.83165868 5.947833 0.835479 0.106148
18.846433 0.82992566 5.942174 0.833349 0.107273
20.242465 0.82887400 5.935006 0.827766 0.109356
21.638497 0.82623743 5.918019 0.819285 0.113498
23.034530 0.82069768 5.894436 0.806625 0.118330
24.430562 0.81678727 5.864770 0.796915 0.124554
25.826594 0.81000330 5.841364 0.784334 0.129880
27.222626 0.80798884 5.818585 0.771865 0.135458
28.618658 0.80209360 5.796495 0.761190 0.140575
30.014690 0.79855349 5.776525 0.755290 0.144379
31.410722 0.79794619 5.776058 0.755139 0.143486
32.806754 0.79953110 5.785227 0.759534 0.142275
34.202786 0.80284902 5.794860 0.763953 0.140192
35.598818 0.80671500 5.810403 0.770021 0.137884
36.994851 0.80930713 5.826641 0.772795 0.134638
38.390883 0.81064022 5.833413 0.777240 0.133211
39.786915 0.80804809 5.827196 0.776369 0.134029
41.182947 0.81047729 5.826946 0.778617 0.132668
42.578979 0.81151414 5.840601 0.786169 0.129434
43.975011 0.81985339 5.873207 0.799300 0.123458
45.371043 0.82392673 5.908944 0.814504 0.115553
46.767075 0.82746684 5.924889 0.823097 0.111428
48.163107 0.82908137 5.933057 0.830751 0.109110
49.559139 0.83090326 5.937233 0.834638 0.107424
50.955172 0.82958498 5.940811 0.835938 0.106599
52.351204 0.83152537 5.942089 0.835782 0.106783
53.747236 0.83096251 5.943440 0.837584 0.105586
55.143268 0.83108101 5.944518 0.837874 0.105762
56.539300 0.83011822 5.946666 0.835764 0.105652
57.935332 0.83196974 5.946304 0.835377 0.106412
59.331364 0.83045890 5.943745 0.834514 0.107098
60.727396 0.82890362 5.937403 0.833798 0.107564
62.123428 0.82786677 5.931116 0.829158 0.109713
63.519460 0.82637074 5.920111 0.822122 0.112105
64.915492 0.82351199 5.903196 0.815599 0.115826
66.311525 0.81748344 5.882352 0.805684 0.120497
67.707557 0.81413589 5.861437 0.795263 0.124900
69.103589 0.80914419 5.837553 0.783759 0.130425
70.499621 0.80504122 5.822649 0.774621 0.133953
71.895653 0.80492272 5.813367 0.772381 0.136212
73.291685 0.80576702 5.807791 0.767650 0.137983
74.687717 0.80031614 5.790898 0.762197 0.140639
76.083749 0.79763514 5.777512 0.752715 0.144669
77.479781 0.79745739 5.757959 0.746096 0.148114
78.875813 0.79280637 5.746432 0.740528 0.150305
80.271846 0.79249532 5.750425 0.741315 0.150152
81.667878 0.79779807 5.760829 0.746679 0.147258
83.063910 0.80000509 5.791724 0.759519 0.141055
