# Layer profile at T = 0.400000
# input   = bicrystal_Sigma139_theta25.4611deg.dat
# seed    = 6000824
# n_samples = 1000
# Lx = 87.809254  Ly = 50.696696
# columns : x rho coord psi6 psi4
0.731744 0.75138166 5.710250 0.639964 0.175629
2.195231 0.75140862 5.715910 0.639636 0.174927
3.658719 0.75150297 5.706763 0.641383 0.175323
5.122206 0.74404953 5.702685 0.642198 0.175299
6.585694 0.75018211 5.702402 0.641885 0.175987
8.049182 0.74597691 5.704067 0.640975 0.175599
9.512669 0.74811995 5.705167 0.639438 0.175996
10.976157 0.74966994 5.709067 0.640435 0.175922
12.439644 0.75181297 5.712657 0.640661 0.175481
13.903132 0.74534344 5.704665 0.641553 0.176551
15.366619 0.74855125 5.699737 0.640724 0.176429
16.830107 0.74324084 5.700965 0.640961 0.175659
18.293595 0.74983167 5.698650 0.642191 0.175943
19.757082 0.74669126 5.709134 0.642056 0.174987
21.220570 0.74608474 5.702466 0.644386 0.175743
22.684057 0.75031689 5.707395 0.644846 0.175307
24.147545 0.74516822 5.701575 0.641974 0.176242
25.611032 0.74493909 5.693125 0.638293 0.177355
27.074520 0.74503344 5.697994 0.641121 0.175930
28.538008 0.74674517 5.702801 0.640162 0.175799
30.001495 0.74652952 5.697046 0.638814 0.176865
31.464983 0.74523561 5.705310 0.640905 0.176182
32.928470 0.74895559 5.705946 0.638880 0.176072
34.391958 0.74677213 5.703317 0.641215 0.176290
35.855445 0.74632735 5.702761 0.641585 0.175936
37.318933 0.74573431 5.701007 0.640829 0.177803
38.782421 0.74720343 5.695462 0.636544 0.178177
40.245908 0.74264780 5.683013 0.635297 0.178827
41.709396 0.74146172 5.674416 0.633393 0.180449
43.172883 0.74287693 5.669721 0.631996 0.181134
44.636371 0.74187955 5.672529 0.632313 0.181624
46.099858 0.73956130 5.669990 0.631106 0.181917
47.563346 0.74221650 5.673967 0.632374 0.180651
49.026834 0.74258041 5.676758 0.634186 0.180782
50.490321 0.74438649 5.681128 0.635119 0.179838
51.953809 0.74127303 5.675443 0.635505 0.179674
53.417296 0.74147520 5.676167 0.635924 0.180082
54.880784 0.74123259 5.668788 0.635779 0.180246
56.344271 0.73799783 5.665839 0.634501 0.181129
57.807759 0.73868522 5.666460 0.635694 0.180603
59.271246 0.73956130 5.671393 0.635942 0.180089
60.734734 0.74004651 5.663194 0.636120 0.180080
62.198222 0.73425090 5.663785 0.638451 0.180388
63.661709 0.73832131 5.649063 0.637813 0.182195
65.125197 0.73532915 5.654765 0.633997 0.182561
66.588684 0.73601654 5.654025 0.634605 0.180978
68.052172 0.74233781 5.669390 0.636996 0.180592
69.515659 0.74001956 5.669739 0.637116 0.180618
70.979147 0.74015434 5.678139 0.638319 0.178628
72.442635 0.74252650 5.676317 0.635906 0.180171
73.906122 0.74303867 5.684377 0.635996 0.178238
75.369610 0.74580170 5.691943 0.636237 0.178263
76.833097 0.74426519 5.687486 0.636113 0.178636
78.296585 0.74592300 5.686193 0.638564 0.178166
79.760072 0.74404953 5.685621 0.637855 0.179550
81.223560 0.74538387 5.682422 0.636649 0.179054
82.687048 0.74697430 5.694249 0.637771 0.178089
84.150535 0.74674517 5.699029 0.638159 0.176739
85.614023 0.75015515 5.698493 0.639176 0.177537
87.077510 0.74470997 5.701084 0.637955 0.177880
