# Layer profile at T = 0.380000
# input   = perfect_Sigma139_theta25.4611deg.dat
# seed    = 5000044
# n_samples = 1000
# Lx = 82.684224  Ly = 47.737759
# columns : x rho coord psi6 psi4
0.689035 0.84609196 5.988376 0.854720 0.095892
2.067106 0.84440467 5.987813 0.855567 0.095896
3.445176 0.84531672 5.988168 0.856252 0.095817
4.823246 0.84452628 5.988894 0.855646 0.095842
6.201317 0.84435907 5.989360 0.855949 0.096078
7.579387 0.84708001 5.987116 0.855315 0.095851
8.957458 0.84356863 5.988089 0.855899 0.095572
10.335528 0.84566634 5.989503 0.856701 0.095536
11.713598 0.84666959 5.989353 0.856526 0.095418
13.091669 0.84308220 5.989110 0.856197 0.095027
14.469739 0.84589435 5.989290 0.857148 0.094980
15.847810 0.84625917 5.989743 0.856863 0.095423
17.225880 0.84720162 5.989755 0.855841 0.095710
18.603950 0.84484549 5.988611 0.854594 0.096177
19.982021 0.84457188 5.988337 0.855328 0.095885
21.360091 0.84568154 5.988245 0.856727 0.095578
22.738162 0.84677600 5.989283 0.857034 0.095229
24.116232 0.84431347 5.989000 0.857205 0.095576
25.494303 0.84530152 5.988635 0.856414 0.095833
26.872373 0.84483029 5.988952 0.855293 0.096046
28.250443 0.84714082 5.988929 0.856041 0.095720
29.628514 0.84411586 5.988565 0.855697 0.095705
31.006584 0.84410066 5.988691 0.855473 0.095665
32.384655 0.84525592 5.989659 0.857072 0.095569
33.762725 0.84621357 5.988665 0.856886 0.095871
35.140795 0.84531672 5.988150 0.856374 0.096161
36.518866 0.84469349 5.989077 0.856337 0.095877
37.896936 0.84440467 5.988911 0.854978 0.095626
39.275007 0.84822007 5.988799 0.856253 0.095622
40.653077 0.84224616 5.988413 0.856905 0.095503
42.031147 0.84650238 5.988795 0.855796 0.095771
43.409218 0.84563594 5.988460 0.855718 0.095699
44.787288 0.84473909 5.988124 0.856626 0.095815
46.165359 0.84517991 5.988651 0.855202 0.095918
47.543429 0.84461748 5.989022 0.854620 0.096176
48.921499 0.84445027 5.987777 0.854933 0.095901
50.299570 0.84321901 5.988931 0.856162 0.096180
51.677640 0.84818967 5.988978 0.855618 0.095777
53.055711 0.84315821 5.988949 0.854930 0.096124
54.433781 0.84569674 5.988263 0.854988 0.095774
55.811851 0.84504310 5.988560 0.856125 0.095725
57.189922 0.84613756 5.989005 0.857285 0.095629
58.567992 0.84517991 5.988166 0.856270 0.095510
59.946063 0.84511911 5.988435 0.855568 0.095885
61.324133 0.84391825 5.989301 0.856703 0.095315
62.702204 0.84625917 5.989223 0.857403 0.095242
64.080274 0.84416146 5.988476 0.855876 0.095967
65.458344 0.84484549 5.988467 0.854234 0.095830
66.836415 0.84560553 5.988729 0.855473 0.095814
68.214485 0.84525592 5.988958 0.856897 0.095287
69.592556 0.84233736 5.988992 0.855639 0.095876
70.970626 0.84838728 5.988103 0.855287 0.096187
72.348696 0.84221576 5.988810 0.856200 0.095861
73.726767 0.84527112 5.989336 0.855342 0.095718
75.104837 0.84530152 5.988995 0.855784 0.095695
76.482908 0.84476949 5.988574 0.856458 0.095738
77.860978 0.84572714 5.987994 0.856141 0.095808
79.239048 0.84470869 5.988483 0.856043 0.095492
80.617119 0.84499750 5.988937 0.856340 0.095630
81.995189 0.84510391 5.988830 0.855139 0.095690
