# Layer profile at T = 0.420000
# input   = perfect_Sigma139_theta25.4611deg.dat
# seed    = 7000050
# n_samples = 1000
# Lx = 91.007220  Ly = 52.543043
# columns : x rho coord psi6 psi4
0.758394 0.70242641 5.679248 0.597414 0.185748
2.275181 0.70355569 5.679157 0.599077 0.185128
3.791968 0.70137241 5.665188 0.596074 0.186089
5.308755 0.69497314 5.646993 0.598263 0.188089
6.825542 0.68728147 5.623581 0.600593 0.189949
8.342329 0.67957725 5.613405 0.601186 0.190207
9.859116 0.67278901 5.604953 0.599706 0.190687
11.375903 0.67319053 5.598982 0.601814 0.191833
12.892690 0.67278901 5.587143 0.604679 0.192684
14.409477 0.67900006 5.598995 0.598446 0.191734
15.926264 0.68981608 5.605355 0.596711 0.192130
17.443051 0.69434576 5.628296 0.597251 0.189947
18.959838 0.69151001 5.637332 0.599671 0.189189
20.476625 0.69404462 5.631931 0.599279 0.189167
21.993412 0.69271457 5.635499 0.599463 0.189727
23.510199 0.69533702 5.641710 0.600155 0.188772
25.026986 0.69615261 5.657252 0.600044 0.186322
26.543773 0.70379409 5.676966 0.598129 0.185365
28.060560 0.70364352 5.687150 0.599485 0.184886
29.577347 0.70484809 5.690675 0.602314 0.184112
31.094134 0.70479790 5.681218 0.601756 0.184491
32.610921 0.70388193 5.684422 0.600155 0.184523
34.127708 0.70582680 5.690109 0.600775 0.183412
35.644495 0.70560094 5.690988 0.602646 0.184763
37.161282 0.70497357 5.686477 0.603211 0.183814
38.678069 0.70321690 5.683980 0.601615 0.184506
40.194856 0.70616559 5.687343 0.600296 0.184468
41.711643 0.70122184 5.689219 0.602631 0.183818
43.228430 0.70560094 5.680354 0.600836 0.184331
44.745217 0.70332983 5.682122 0.597722 0.184844
46.262004 0.70258952 5.686413 0.599887 0.184903
47.778791 0.70471007 5.690490 0.600830 0.183760
49.295578 0.70399485 5.674509 0.598769 0.185674
50.812365 0.69794692 5.658277 0.598815 0.186950
52.329152 0.69448378 5.656230 0.598332 0.187350
53.845939 0.69660433 5.651494 0.600681 0.187613
55.362726 0.69652904 5.663184 0.599480 0.186697
56.879513 0.70046898 5.675683 0.601012 0.184570
58.396300 0.69780889 5.674375 0.600088 0.185488
59.913087 0.70527471 5.686771 0.599051 0.184400
61.429874 0.70123438 5.670347 0.601165 0.185558
62.946661 0.70078267 5.653393 0.599214 0.187277
64.463448 0.69731954 5.660867 0.596743 0.187489
65.980235 0.69310355 5.666063 0.596378 0.187368
67.497022 0.69642866 5.657514 0.598701 0.187418
69.013809 0.70108381 5.659001 0.596195 0.187913
70.530596 0.70028077 5.659810 0.596240 0.187862
72.047383 0.69261419 5.662150 0.597899 0.187192
73.564170 0.69139708 5.661428 0.596745 0.188495
75.080957 0.69156020 5.665173 0.599691 0.186594
76.597744 0.69059403 5.668175 0.598125 0.186622
78.114531 0.70222564 5.669383 0.599337 0.186039
79.631318 0.70332983 5.676895 0.600071 0.186587
81.148105 0.70760856 5.693744 0.599290 0.184400
82.664892 0.70729487 5.697334 0.598184 0.183304
84.181679 0.70164845 5.684436 0.597416 0.185215
85.698466 0.69858684 5.660745 0.597589 0.187461
87.215253 0.70009255 5.664612 0.599436 0.185740
88.732040 0.70192450 5.668186 0.598878 0.186381
90.248827 0.70144769 5.670340 0.597172 0.186231
