# Layer profile at T = 0.420000
# input   = bicrystal_Sigma139_theta25.4611deg.dat
# seed    = 7000827
# n_samples = 1000
# Lx = 91.772153  Ly = 52.984677
# columns : x rho coord psi6 psi4
0.764768 0.62641620 5.555923 0.590067 0.196879
2.294304 0.60471139 5.541861 0.589738 0.197485
3.823840 0.59455616 5.524884 0.592073 0.198988
5.353376 0.59619729 5.500548 0.591551 0.200493
6.882912 0.60547643 5.499073 0.592460 0.201057
8.412447 0.62839048 5.530711 0.591544 0.197509
9.941983 0.64936727 5.554574 0.591795 0.196416
11.471519 0.66983814 5.599650 0.592230 0.192633
13.001055 0.67919132 5.653198 0.593157 0.188475
14.530591 0.68421341 5.671434 0.595934 0.185899
16.060127 0.68511418 5.674837 0.594386 0.186322
17.589663 0.68664425 5.684979 0.591967 0.186332
19.119199 0.69081493 5.689345 0.592591 0.185229
20.648735 0.68877895 5.686241 0.592642 0.185798
22.178270 0.68363347 5.689132 0.592711 0.184855
23.707806 0.68637279 5.680324 0.593106 0.185723
25.237342 0.69253009 5.681135 0.593261 0.186365
26.766878 0.69025966 5.679013 0.594030 0.186367
28.296414 0.68979077 5.670495 0.593609 0.186831
29.825950 0.68616302 5.678104 0.589480 0.186812
31.355486 0.68891468 5.674912 0.591484 0.187019
32.885022 0.68633577 5.673528 0.589663 0.187143
34.414558 0.69144423 5.689450 0.590960 0.186462
35.944093 0.69628123 5.700556 0.590934 0.184831
37.473629 0.69724370 5.709571 0.591888 0.184764
39.003165 0.69488690 5.693900 0.589716 0.186227
40.532701 0.69149359 5.696663 0.588421 0.185615
42.062237 0.69621954 5.703596 0.590818 0.184737
43.591773 0.69788534 5.710280 0.589334 0.185376
45.121309 0.69586170 5.713835 0.589558 0.184777
46.650845 0.69571363 5.717676 0.590562 0.183450
48.180381 0.69586170 5.715253 0.589084 0.184068
49.709916 0.69888482 5.708646 0.589561 0.184957
51.239452 0.69381338 5.711709 0.589987 0.185226
52.768988 0.69228331 5.710930 0.591118 0.184089
54.298524 0.69238202 5.704323 0.589381 0.184206
55.828060 0.69287559 5.696022 0.593454 0.184675
57.357596 0.69604679 5.709869 0.591931 0.182752
58.887132 0.69689820 5.719785 0.590369 0.183815
60.416668 0.69835423 5.718655 0.591221 0.183134
61.946204 0.69718200 5.731350 0.594027 0.181074
63.475739 0.70290743 5.736452 0.596315 0.181065
65.005275 0.69878611 5.735692 0.595070 0.181328
66.534811 0.70263597 5.728571 0.591539 0.180965
68.064347 0.69990899 5.726596 0.592103 0.182401
69.593883 0.69874909 5.726831 0.593762 0.181595
71.123419 0.69888482 5.720440 0.593680 0.182273
72.652955 0.69304834 5.707439 0.592807 0.183728
74.182491 0.68550904 5.689263 0.594222 0.185260
75.712027 0.68680466 5.682124 0.593426 0.185714
77.241562 0.68890234 5.687659 0.588900 0.187378
78.771098 0.68844579 5.695069 0.589901 0.185737
80.300634 0.68738461 5.686880 0.591769 0.185958
81.830170 0.69080259 5.688625 0.591996 0.186108
83.359706 0.69009925 5.688147 0.587124 0.186747
84.889242 0.69016095 5.673032 0.590370 0.187187
86.418778 0.68555840 5.665455 0.589144 0.187648
87.948314 0.68156047 5.644718 0.589858 0.189927
89.477850 0.66806129 5.616797 0.587391 0.191963
91.007385 0.64886136 5.582961 0.589609 0.194825
