# Layer profile at T = 0.340000
# input   = perfect_Sigma139_theta25.4611deg.dat
# seed    = 3000038
# n_samples = 1000
# Lx = 82.049432  Ly = 47.371262
# columns : x rho coord psi6 psi4
0.683745 0.85937347 5.996767 0.887840 0.084147
2.051236 0.85793783 5.996707 0.888585 0.084252
3.418726 0.85823113 5.996978 0.887903 0.083992
4.786217 0.85949696 5.996731 0.887620 0.084452
6.153707 0.85688812 5.996721 0.887310 0.084331
7.521198 0.85826201 5.997140 0.887822 0.084063
8.888688 0.85803045 5.996995 0.887554 0.083957
10.256179 0.85869424 5.996297 0.887611 0.084188
11.623670 0.85813851 5.996834 0.887365 0.084127
12.991160 0.85796871 5.996707 0.887684 0.084618
14.358651 0.85711967 5.996020 0.887031 0.084472
15.726141 0.85699618 5.996794 0.887033 0.084268
17.093632 0.85892579 5.996388 0.887513 0.084396
18.461122 0.85914191 5.996532 0.888299 0.084381
19.828613 0.85798414 5.996941 0.887314 0.084328
21.196103 0.85974395 5.996696 0.887438 0.084313
22.563594 0.85582297 5.997132 0.887456 0.084411
23.931084 0.85732035 5.997101 0.888699 0.083897
25.298575 0.85975939 5.996822 0.888155 0.084217
26.666065 0.85535987 5.996643 0.887561 0.084446
28.033556 0.85846269 5.996637 0.886834 0.084249
29.401047 0.85921910 5.996676 0.887465 0.084552
30.768537 0.85795327 5.996797 0.887902 0.084041
32.136028 0.85835463 5.997248 0.888687 0.083751
33.503518 0.85909560 5.997179 0.888431 0.083972
34.871009 0.85647132 5.997044 0.888326 0.084050
36.238499 0.85977483 5.996642 0.887272 0.084411
37.605990 0.85707336 5.996578 0.887430 0.084265
38.973480 0.85815395 5.997284 0.887959 0.084388
40.340971 0.85782977 5.997175 0.888351 0.084150
41.708461 0.85898754 5.996873 0.888132 0.084180
43.075952 0.85782977 5.996617 0.887776 0.084288
44.443442 0.85965133 5.996947 0.888581 0.083918
45.810933 0.85710424 5.997028 0.888816 0.084130
47.178423 0.85938890 5.996731 0.888604 0.083903
48.545914 0.85782977 5.996707 0.888919 0.083908
49.913405 0.85815395 5.996924 0.888456 0.084028
51.280895 0.85889492 5.996729 0.888250 0.083868
52.648386 0.85994463 5.996841 0.888292 0.083976
54.015876 0.85745929 5.997120 0.888635 0.083937
55.383367 0.85887948 5.997142 0.888305 0.084241
56.750857 0.85806133 5.996798 0.887993 0.084068
58.118348 0.85982114 5.997486 0.888409 0.084207
59.485838 0.85779890 5.997193 0.888512 0.083741
60.853329 0.85883317 5.996369 0.888328 0.084201
62.220819 0.85867880 5.996530 0.889037 0.083820
63.588310 0.85654851 5.996684 0.888777 0.083768
64.955800 0.86022250 5.996788 0.889072 0.083769
66.323291 0.85742841 5.997227 0.888461 0.084008
67.690781 0.85858618 5.996943 0.888200 0.084147
69.058272 0.85804589 5.996672 0.888747 0.083719
70.425763 0.86006813 5.997038 0.888521 0.084096
71.793253 0.85684181 5.996721 0.888764 0.083802
73.160744 0.85923453 5.996766 0.888152 0.084058
74.528234 0.85835463 5.997015 0.888628 0.083955
75.895725 0.85687268 5.997334 0.887957 0.083904
77.263215 0.85999094 5.996679 0.888217 0.084108
78.630706 0.85776803 5.996941 0.887293 0.084152
79.998196 0.85795327 5.996923 0.888707 0.083910
81.365687 0.85875599 5.996567 0.888177 0.083989
