# Density profile (accumulated) at T = 0.360000
# columns : x rho
0.686015 0.85165703
2.058045 0.85131966
3.430074 0.85285315
4.802104 0.85276114
6.174134 0.85150368
7.546164 0.85263846
8.918193 0.85351256
10.290223 0.85093629
11.662253 0.85250045
13.034283 0.85305251
14.406312 0.85142700
15.778342 0.85191772
17.150372 0.85335921
18.522402 0.85127365
19.894431 0.85308318
21.266461 0.85240844
22.638491 0.85306784
24.010521 0.85095162
25.382550 0.85386526
26.754580 0.85187172
28.126610 0.85216308
29.498640 0.85406462
30.870669 0.84992418
32.242699 0.85354323
33.614729 0.85259246
34.986759 0.85128899
36.358788 0.85388060
37.730818 0.85173370
39.102848 0.85323653
40.474878 0.85319052
41.846907 0.85193306
43.218937 0.85227043
44.590967 0.85369658
45.962997 0.85204040
47.335026 0.85231643
48.707056 0.85394194
50.079086 0.85352789
51.451116 0.85176437
52.823145 0.85369658
54.195175 0.85342055
55.567205 0.85326720
56.939235 0.85213241
58.311264 0.85432531
59.683294 0.85309851
61.055324 0.85331320
62.427354 0.85171837
63.799384 0.85403395
65.171413 0.85279181
66.543443 0.85230110
67.915473 0.85188705
69.287503 0.85349722
70.659532 0.85225509
72.031562 0.85220909
73.403592 0.85466268
74.775622 0.85089028
76.147651 0.85165703
77.519681 0.85397261
78.891711 0.85276114
80.263741 0.85265380
81.635770 0.85377325
