# Density profile (accumulated) at T = 0.340000
# columns : x rho
0.685677 0.84733816
2.057032 0.84993232
3.428387 0.85157477
4.799741 0.85381588
6.171096 0.85547369
7.542450 0.85630259
8.913805 0.85697799
10.285160 0.85674774
11.656514 0.85710079
13.027869 0.85773014
14.399224 0.85878930
15.770578 0.85625654
17.141933 0.85637934
18.513288 0.85771479
19.884642 0.85733104
21.255997 0.85749989
22.627351 0.85584209
23.998706 0.85763804
25.370061 0.85453733
26.741415 0.85522809
28.112770 0.85493643
29.484125 0.85315583
30.855479 0.85492108
32.226834 0.85525879
33.598189 0.84896526
34.969543 0.84471330
36.340898 0.83728388
37.712252 0.83346171
39.083607 0.82868785
40.454962 0.82772079
41.826316 0.82758264
43.197671 0.82650814
44.569026 0.83072940
45.940380 0.83496602
47.311735 0.84089114
48.683090 0.84693906
50.054444 0.85295628
51.425799 0.85562719
52.797153 0.85489038
54.168508 0.85639469
55.539863 0.85524344
56.911217 0.85622584
58.282572 0.85644074
59.653927 0.85564254
61.025281 0.85556579
62.396636 0.85438383
63.767991 0.85757664
65.139345 0.85532019
66.510700 0.85702404
67.882054 0.85507458
69.253409 0.84881176
70.624764 0.84055344
71.996118 0.83283236
73.367473 0.82481963
74.738828 0.82392933
76.110182 0.82351488
77.481537 0.82959350
78.852892 0.83505812
80.224246 0.83754483
81.595601 0.83811278
