# Density profile (accumulated) at T = 0.400000
# columns : x rho
0.731744 0.75138166
2.195231 0.75140862
3.658719 0.75150297
5.122206 0.74404953
6.585694 0.75018211
8.049182 0.74597691
9.512669 0.74811995
10.976157 0.74966994
12.439644 0.75181297
13.903132 0.74534344
15.366619 0.74855125
16.830107 0.74324084
18.293595 0.74983167
19.757082 0.74669126
21.220570 0.74608474
22.684057 0.75031689
24.147545 0.74516822
25.611032 0.74493909
27.074520 0.74503344
28.538008 0.74674517
30.001495 0.74652952
31.464983 0.74523561
32.928470 0.74895559
34.391958 0.74677213
35.855445 0.74632735
37.318933 0.74573431
38.782421 0.74720343
40.245908 0.74264780
41.709396 0.74146172
43.172883 0.74287693
44.636371 0.74187955
46.099858 0.73956130
47.563346 0.74221650
49.026834 0.74258041
50.490321 0.74438649
51.953809 0.74127303
53.417296 0.74147520
54.880784 0.74123259
56.344271 0.73799783
57.807759 0.73868522
59.271246 0.73956130
60.734734 0.74004651
62.198222 0.73425090
63.661709 0.73832131
65.125197 0.73532915
66.588684 0.73601654
68.052172 0.74233781
69.515659 0.74001956
70.979147 0.74015434
72.442635 0.74252650
73.906122 0.74303867
75.369610 0.74580170
76.833097 0.74426519
78.296585 0.74592300
79.760072 0.74404953
81.223560 0.74538387
82.687048 0.74697430
84.150535 0.74674517
85.614023 0.75015515
87.077510 0.74470997
