# Density profile (accumulated) at T = 0.320000
# columns : x rho
0.682475 0.82653621
2.047424 0.83106059
3.412373 0.84212363
4.777323 0.84858481
6.142272 0.85458117
7.507221 0.85839280
8.872171 0.86104236
10.237120 0.86417224
11.602069 0.86265378
12.967019 0.86319609
14.331968 0.86384685
15.696918 0.86375389
17.061867 0.86350597
18.426816 0.86254532
19.791766 0.86496245
21.156715 0.86260730
22.521664 0.86404828
23.886614 0.86330455
25.251563 0.86344400
26.616512 0.86302565
27.981462 0.86096488
29.346411 0.85792797
30.711360 0.85447271
32.076310 0.84739174
33.441259 0.84672548
34.806208 0.84819745
36.171158 0.85033569
37.536107 0.84966943
38.901057 0.84438582
40.266006 0.84172077
41.630955 0.83722738
42.995905 0.83781617
44.360854 0.84534647
45.725803 0.85002580
47.090753 0.85901258
48.455702 0.86028313
49.820651 0.86330455
51.185601 0.86443564
52.550550 0.86256081
53.915499 0.86359894
55.280449 0.86293268
56.645398 0.86398630
58.010347 0.86228191
59.375297 0.86336652
60.740246 0.86310312
62.105195 0.86421872
63.470145 0.86375389
64.835094 0.86322707
66.200044 0.86297916
67.564993 0.86249884
68.929942 0.86163115
70.294892 0.86116631
71.659841 0.86102686
73.024790 0.86268477
74.389740 0.86031412
75.754689 0.86068598
77.119638 0.85337260
78.484588 0.84240253
79.849537 0.83577090
81.214486 0.82442896
