# Density profile (accumulated) at T = 0.280000
# columns : x rho
0.676904 0.87607646
2.030712 0.87498967
3.384519 0.87443840
4.738327 0.87733650
6.092135 0.87557244
7.445942 0.87530468
8.799750 0.87521018
10.153558 0.87653323
11.507366 0.87498967
12.861173 0.87615521
14.214981 0.87602921
15.568789 0.87558819
16.922596 0.87596621
18.276404 0.87443840
19.630212 0.87754126
20.984020 0.87505268
22.337827 0.87721050
23.691635 0.87428090
25.045443 0.87634422
26.399250 0.87560394
27.753058 0.87582445
29.106866 0.87643872
30.460673 0.87446991
31.814481 0.87577720
33.168289 0.87584020
34.522097 0.87535194
35.875904 0.87691124
37.229712 0.87508418
38.583520 0.87495817
39.937327 0.87656473
41.291135 0.87593471
42.644943 0.87694274
43.998751 0.87599771
45.352558 0.87618671
46.706366 0.87498967
48.060174 0.87667498
49.413981 0.87473766
50.767789 0.87591895
52.121597 0.87532043
53.475405 0.87469041
54.829212 0.87502117
56.183020 0.87609221
57.536828 0.87532043
58.890635 0.87528893
60.244443 0.87647022
61.598251 0.87456441
62.952059 0.87658048
64.305866 0.87576145
65.659674 0.87431240
67.013482 0.87698999
68.367289 0.87508418
69.721097 0.87609221
71.074905 0.87541494
72.428713 0.87648597
73.782520 0.87584020
75.136328 0.87475341
76.490136 0.87593471
77.843943 0.87673798
79.197751 0.87550944
80.551559 0.87626547
