# Density profile (accumulated) at T = 0.280000
# columns : x rho
0.677575 0.84914287
2.032726 0.85245965
3.387877 0.86068086
4.743027 0.86589968
6.098178 0.87275331
7.453329 0.87509549
8.808479 0.87366503
10.163630 0.87540988
11.518780 0.87393226
12.873931 0.87520553
14.229082 0.87605437
15.584232 0.87401086
16.939383 0.87509549
18.294534 0.87445100
19.649684 0.87445100
21.004835 0.87573999
22.359986 0.87459247
23.715136 0.87441956
25.070287 0.87388510
26.425438 0.87545704
27.780588 0.87581858
29.135739 0.87437240
30.490889 0.87495402
31.846040 0.87522125
33.201191 0.87328777
34.556341 0.87588146
35.911492 0.87446672
37.266643 0.87335065
38.621793 0.87651023
39.976944 0.87122854
41.332095 0.86714151
42.687245 0.86833618
44.042396 0.85692394
45.397547 0.85343425
46.752697 0.84810539
48.107848 0.84647058
49.462998 0.84049723
50.818149 0.84909571
52.173300 0.85684534
53.528450 0.86995527
54.883601 0.87416805
56.238752 0.87308342
57.593902 0.87583430
58.949053 0.87418377
60.304204 0.87544132
61.659354 0.87270615
63.014505 0.87665171
64.369656 0.87423093
65.724806 0.87364931
67.079957 0.87467107
68.435107 0.87523697
69.790258 0.87399514
71.145409 0.87443528
72.500559 0.87410518
73.855710 0.87247036
75.210861 0.86909071
76.566011 0.85910893
77.921162 0.84318524
79.276313 0.83760487
80.631463 0.84573177
