# Density profile (accumulated) at T = 0.360000
# columns : x rho
0.686692 0.82256743
2.060076 0.82790878
3.433460 0.83155130
4.806844 0.83536218
6.180228 0.84188199
7.553612 0.84252479
8.926996 0.84486641
10.300381 0.84636627
11.673765 0.85095769
13.047149 0.85043733
14.420533 0.84916703
15.793917 0.84982514
17.167301 0.84800388
18.540685 0.84905990
19.914069 0.84809570
21.287453 0.84471336
22.660837 0.84047395
24.034221 0.83471938
25.407605 0.82637831
26.780989 0.82454174
28.154374 0.82201646
29.527758 0.82864341
30.901142 0.83960159
32.274526 0.84252479
33.647910 0.84590713
35.021294 0.84454501
36.394678 0.84702437
37.768062 0.84179016
39.141446 0.84469806
40.514830 0.84561634
41.888214 0.84806509
43.261598 0.84844771
44.634982 0.85254938
46.008366 0.85420229
47.381751 0.85389619
48.755135 0.85427881
50.128519 0.85593172
51.501903 0.85666635
52.875287 0.85553380
54.248671 0.85885492
55.622055 0.85660513
56.995439 0.85447777
58.368823 0.85556441
59.742207 0.85567154
61.115591 0.85657452
62.488975 0.85190658
63.862359 0.85383497
65.235744 0.85355949
66.609128 0.85250346
67.982512 0.85541136
69.355896 0.85421759
70.729280 0.85276364
72.102664 0.85658982
73.476048 0.85210554
74.849432 0.85155457
76.222816 0.84498885
77.596200 0.83621924
78.969584 0.83087790
80.342968 0.82285822
81.716352 0.82135836
