# Density profile (accumulated) at T = 0.420000
# columns : x rho
0.758394 0.70242641
2.275181 0.70355569
3.791968 0.70137241
5.308755 0.69497314
6.825542 0.68728147
8.342329 0.67957725
9.859116 0.67278901
11.375903 0.67319053
12.892690 0.67278901
14.409477 0.67900006
15.926264 0.68981608
17.443051 0.69434576
18.959838 0.69151001
20.476625 0.69404462
21.993412 0.69271457
23.510199 0.69533702
25.026986 0.69615261
26.543773 0.70379409
28.060560 0.70364352
29.577347 0.70484809
31.094134 0.70479790
32.610921 0.70388193
34.127708 0.70582680
35.644495 0.70560094
37.161282 0.70497357
38.678069 0.70321690
40.194856 0.70616559
41.711643 0.70122184
43.228430 0.70560094
44.745217 0.70332983
46.262004 0.70258952
47.778791 0.70471007
49.295578 0.70399485
50.812365 0.69794692
52.329152 0.69448378
53.845939 0.69660433
55.362726 0.69652904
56.879513 0.70046898
58.396300 0.69780889
59.913087 0.70527471
61.429874 0.70123438
62.946661 0.70078267
64.463448 0.69731954
65.980235 0.69310355
67.497022 0.69642866
69.013809 0.70108381
70.530596 0.70028077
72.047383 0.69261419
73.564170 0.69139708
75.080957 0.69156020
76.597744 0.69059403
78.114531 0.70222564
79.631318 0.70332983
81.148105 0.70760856
82.664892 0.70729487
84.181679 0.70164845
85.698466 0.69858684
87.215253 0.70009255
88.732040 0.70192450
90.248827 0.70144769
