# Density profile (accumulated) at T = 0.420000
# columns : x rho
0.764768 0.62641620
2.294304 0.60471139
3.823840 0.59455616
5.353376 0.59619729
6.882912 0.60547643
8.412447 0.62839048
9.941983 0.64936727
11.471519 0.66983814
13.001055 0.67919132
14.530591 0.68421341
16.060127 0.68511418
17.589663 0.68664425
19.119199 0.69081493
20.648735 0.68877895
22.178270 0.68363347
23.707806 0.68637279
25.237342 0.69253009
26.766878 0.69025966
28.296414 0.68979077
29.825950 0.68616302
31.355486 0.68891468
32.885022 0.68633577
34.414558 0.69144423
35.944093 0.69628123
37.473629 0.69724370
39.003165 0.69488690
40.532701 0.69149359
42.062237 0.69621954
43.591773 0.69788534
45.121309 0.69586170
46.650845 0.69571363
48.180381 0.69586170
49.709916 0.69888482
51.239452 0.69381338
52.768988 0.69228331
54.298524 0.69238202
55.828060 0.69287559
57.357596 0.69604679
58.887132 0.69689820
60.416668 0.69835423
61.946204 0.69718200
63.475739 0.70290743
65.005275 0.69878611
66.534811 0.70263597
68.064347 0.69990899
69.593883 0.69874909
71.123419 0.69888482
72.652955 0.69304834
74.182491 0.68550904
75.712027 0.68680466
77.241562 0.68890234
78.771098 0.68844579
80.300634 0.68738461
81.830170 0.69080259
83.359706 0.69009925
84.889242 0.69016095
86.418778 0.68555840
87.948314 0.68156047
89.477850 0.66806129
91.007385 0.64886136
