# Density profile (accumulated) at T = 0.320000
# columns : x rho
0.681129 0.86496057
2.043388 0.86342055
3.405646 0.86480501
4.767905 0.86623614
6.130164 0.86401167
7.492422 0.86335833
8.854681 0.86440056
10.216939 0.86461834
11.579198 0.86553613
12.941457 0.86544279
14.303715 0.86365389
15.665974 0.86674947
17.028232 0.86362277
18.390491 0.86497612
19.752749 0.86447834
21.115008 0.86410500
22.477267 0.86538057
23.839525 0.86359166
25.201784 0.86469612
26.564042 0.86542724
27.926301 0.86559835
29.288559 0.86382500
30.650818 0.86544279
32.013077 0.86468056
33.375335 0.86468056
34.737594 0.86580058
36.099852 0.86391833
37.462111 0.86505390
38.824370 0.86412056
40.186628 0.86533390
41.548887 0.86522501
42.911145 0.86505390
44.273404 0.86494501
45.635662 0.86471167
46.997921 0.86488279
48.360180 0.86536502
49.722438 0.86595613
51.084697 0.86388722
52.446955 0.86496057
53.809214 0.86435389
55.171472 0.86643836
56.533731 0.86443167
57.895990 0.86524057
59.258248 0.86418278
60.620507 0.86625169
61.982765 0.86480501
63.345024 0.86432278
64.707283 0.86692059
66.069541 0.86500723
67.431800 0.86421389
68.794058 0.86450945
70.156317 0.86594058
71.518575 0.86324944
72.880834 0.86696725
74.243093 0.86598724
75.605351 0.86421389
76.967610 0.86396500
78.329868 0.86654725
79.692127 0.86454056
81.054385 0.86489834
