# Density profile (accumulated) at T = 0.440000
# columns : x rho
0.895974 0.51239264
2.687922 0.50327681
4.479870 0.50253064
6.271818 0.50950686
8.063767 0.51293204
9.855715 0.52044766
11.647663 0.52432234
13.439611 0.52016897
15.231559 0.50022022
17.023507 0.46965430
18.815455 0.43209418
20.607403 0.39895713
22.399352 0.38504065
24.191300 0.39253829
25.983248 0.41503121
27.775196 0.45272618
29.567144 0.49372046
31.359092 0.53068724
33.151040 0.53863438
34.942989 0.54430706
36.734937 0.54464868
38.526885 0.54436100
40.318833 0.54219441
42.110781 0.53914681
43.902729 0.53958732
45.694677 0.54465767
47.486625 0.55135520
49.278574 0.54850538
51.070522 0.54015369
52.862470 0.52842177
54.654418 0.50814938
56.446366 0.49052003
58.238314 0.48436190
60.030262 0.48217734
61.822210 0.47091290
63.614159 0.46194989
65.406107 0.45344537
67.198055 0.45498266
68.990003 0.45580974
70.781951 0.46202181
72.573899 0.46070028
74.365847 0.45860562
76.157795 0.44951676
77.949744 0.45318467
79.741692 0.45797632
81.533640 0.46289384
83.325588 0.47499435
85.117536 0.48719374
86.909484 0.50777180
88.701432 0.52525730
90.493381 0.53413939
92.285329 0.53495748
94.077277 0.52927582
95.869225 0.51597065
97.661173 0.51161052
99.453121 0.51722925
101.245069 0.52412456
103.037017 0.52704630
104.828966 0.53052542
106.620914 0.52325253
