# Density profile (accumulated) at T = 0.440000
# columns : x rho
0.910973 0.50578171
2.732918 0.49369374
4.554863 0.48565828
6.376808 0.48024913
8.198754 0.47003957
10.020699 0.46770025
11.842644 0.46597836
13.664589 0.47004827
15.486535 0.46490871
17.308480 0.47027438
19.130425 0.47730106
20.952371 0.48351897
22.774316 0.48244932
24.596261 0.47730106
26.418206 0.47110053
28.240152 0.46154321
30.062097 0.45731676
31.884042 0.46096925
33.705987 0.47212671
35.527933 0.48095354
37.349878 0.49061522
39.171823 0.47504000
40.993768 0.44830731
42.815714 0.41470448
44.637659 0.38333662
46.459604 0.36507422
48.281549 0.36635258
50.103495 0.37418803
51.925440 0.39533763
53.747385 0.42293996
55.569331 0.44996832
57.391276 0.47532698
59.213221 0.49147616
61.035166 0.50748621
62.857112 0.52328754
64.679057 0.52738353
66.501002 0.52193960
68.322947 0.51686091
70.144893 0.51897413
71.966838 0.51486944
73.788783 0.50994728
75.610728 0.50961682
77.432674 0.51806101
79.254619 0.53082730
81.076564 0.54161951
82.898509 0.54817659
84.720455 0.54845487
86.542400 0.54940278
88.364345 0.54461977
90.186291 0.53521898
92.008236 0.53019247
93.830181 0.51712180
95.652126 0.50187704
97.474072 0.48833677
99.296017 0.47837941
101.117962 0.47895337
102.939907 0.48822371
104.761853 0.49617221
106.583798 0.50424245
108.405743 0.50931245
