# Density profile (accumulated) at T = 0.400000
# columns : x rho
0.734207 0.74388529
2.202621 0.74483583
3.671034 0.74492955
5.139448 0.74456808
6.607862 0.74241262
8.076276 0.74268038
9.544690 0.74233230
11.013103 0.74332300
12.481517 0.74613446
13.949931 0.74510359
15.418345 0.74400578
16.886759 0.74328284
18.355172 0.74541151
19.823586 0.74784811
21.292000 0.74579976
22.760414 0.74565250
24.228828 0.74618801
25.697241 0.74771423
27.165655 0.74403256
28.634069 0.74383174
30.102483 0.74642899
31.570896 0.74245279
33.039310 0.74399240
34.507724 0.74189050
35.976138 0.74396562
37.444552 0.74314896
38.912965 0.73787413
40.381379 0.74167629
41.849793 0.74186372
43.318207 0.74533119
44.786621 0.74557217
46.255034 0.74463501
47.723448 0.74266699
49.191862 0.74538474
50.660276 0.74606752
52.128689 0.74226536
53.597103 0.74412627
55.065517 0.74456808
56.533931 0.74530441
58.002345 0.74399240
59.470758 0.74626834
60.939172 0.74506343
62.407586 0.74557217
63.876000 0.74683063
65.344414 0.74622817
66.812827 0.74589348
68.281241 0.74575960
69.749655 0.74442081
71.218069 0.73962794
72.686483 0.74490277
74.154896 0.74340333
75.623310 0.74505004
77.091724 0.74431371
78.560138 0.74471534
80.028551 0.74496971
81.496965 0.74609430
82.965379 0.74413966
84.433793 0.74261344
85.902207 0.74575960
87.370620 0.74322929
