# Density profile (accumulated) at T = 0.300000
# columns : x rho
0.678587 0.87095150
2.035762 0.87175079
3.392936 0.87063805
4.750111 0.87019922
6.107286 0.87124927
7.464460 0.87222097
8.821635 0.87142167
10.178809 0.87139033
11.535984 0.87145302
12.893159 0.87123360
14.250333 0.87261278
15.607508 0.87055968
16.964682 0.87175079
18.321857 0.87068506
19.679031 0.87193886
21.036206 0.87107688
22.393381 0.87171945
23.750555 0.87170378
25.107730 0.87013653
26.464904 0.87211126
27.822079 0.87173512
29.179254 0.87093582
30.536428 0.87231500
31.893603 0.87198588
33.250777 0.87004249
34.607952 0.87190752
35.965126 0.87200155
37.322301 0.87077910
38.679476 0.87162541
40.036650 0.87179781
41.393825 0.87157840
42.750999 0.87046565
44.108174 0.87120226
45.465348 0.87242471
46.822523 0.87018354
48.179698 0.87095150
49.536872 0.87145302
50.894047 0.87192319
52.251221 0.87038729
53.608396 0.87148436
54.965571 0.87198588
56.322745 0.87101419
57.679920 0.87317699
59.037094 0.86958799
60.394269 0.87300459
61.751443 0.87117091
63.108618 0.87198588
64.465793 0.87076343
65.822967 0.87131196
67.180142 0.87131196
68.537316 0.87159407
69.894491 0.87145302
71.251666 0.86983875
72.608840 0.87334939
73.966015 0.87019922
75.323189 0.87239336
76.680364 0.87102986
78.037538 0.87128062
79.394713 0.87159407
80.751888 0.87139033
