# Density profile (accumulated) at T = 0.380000
# columns : x rho
0.689035 0.84609196
2.067106 0.84440467
3.445176 0.84531672
4.823246 0.84452628
6.201317 0.84435907
7.579387 0.84708001
8.957458 0.84356863
10.335528 0.84566634
11.713598 0.84666959
13.091669 0.84308220
14.469739 0.84589435
15.847810 0.84625917
17.225880 0.84720162
18.603950 0.84484549
19.982021 0.84457188
21.360091 0.84568154
22.738162 0.84677600
24.116232 0.84431347
25.494303 0.84530152
26.872373 0.84483029
28.250443 0.84714082
29.628514 0.84411586
31.006584 0.84410066
32.384655 0.84525592
33.762725 0.84621357
35.140795 0.84531672
36.518866 0.84469349
37.896936 0.84440467
39.275007 0.84822007
40.653077 0.84224616
42.031147 0.84650238
43.409218 0.84563594
44.787288 0.84473909
46.165359 0.84517991
47.543429 0.84461748
48.921499 0.84445027
50.299570 0.84321901
51.677640 0.84818967
53.055711 0.84315821
54.433781 0.84569674
55.811851 0.84504310
57.189922 0.84613756
58.567992 0.84517991
59.946063 0.84511911
61.324133 0.84391825
62.702204 0.84625917
64.080274 0.84416146
65.458344 0.84484549
66.836415 0.84560553
68.214485 0.84525592
69.592556 0.84233736
70.970626 0.84838728
72.348696 0.84221576
73.726767 0.84527112
75.104837 0.84530152
76.482908 0.84476949
77.860978 0.84572714
79.239048 0.84470869
80.617119 0.84499750
81.995189 0.84510391
