# Density profile (accumulated) at T = 0.380000
# columns : x rho
0.698016 0.81029954
2.094048 0.81660952
3.490080 0.82330462
4.886112 0.82958498
6.282144 0.83395457
7.678177 0.83767242
9.074209 0.83481368
10.470241 0.83867965
11.866273 0.83942026
13.262305 0.83660595
14.658337 0.83453224
16.054369 0.83359908
17.450401 0.83165868
18.846433 0.82992566
20.242465 0.82887400
21.638497 0.82623743
23.034530 0.82069768
24.430562 0.81678727
25.826594 0.81000330
27.222626 0.80798884
28.618658 0.80209360
30.014690 0.79855349
31.410722 0.79794619
32.806754 0.79953110
34.202786 0.80284902
35.598818 0.80671500
36.994851 0.80930713
38.390883 0.81064022
39.786915 0.80804809
41.182947 0.81047729
42.578979 0.81151414
43.975011 0.81985339
45.371043 0.82392673
46.767075 0.82746684
48.163107 0.82908137
49.559139 0.83090326
50.955172 0.82958498
52.351204 0.83152537
53.747236 0.83096251
55.143268 0.83108101
56.539300 0.83011822
57.935332 0.83196974
59.331364 0.83045890
60.727396 0.82890362
62.123428 0.82786677
63.519460 0.82637074
64.915492 0.82351199
66.311525 0.81748344
67.707557 0.81413589
69.103589 0.80914419
70.499621 0.80504122
71.895653 0.80492272
73.291685 0.80576702
74.687717 0.80031614
76.083749 0.79763514
77.479781 0.79745739
78.875813 0.79280637
80.271846 0.79249532
81.667878 0.79779807
83.063910 0.80000509
