# Density profile (accumulated) at T = 0.300000
# columns : x rho
0.679785 0.83515050
2.039356 0.84915921
3.398927 0.86209033
4.758497 0.86458910
6.118068 0.86693169
7.477638 0.86697854
8.837209 0.86769694
10.196780 0.87010200
11.556350 0.86727527
12.915921 0.87064861
14.275492 0.87003953
15.635062 0.86697854
16.994633 0.87130454
18.354203 0.86855589
19.713774 0.86994583
21.073345 0.86958663
22.432915 0.86808737
23.792486 0.87046120
25.152057 0.86982089
26.511627 0.86949293
27.871198 0.87042997
29.230769 0.86933676
30.590339 0.86914935
31.949910 0.86886824
33.309480 0.86804052
34.669051 0.87136700
36.028622 0.86755638
37.388192 0.86949293
38.747763 0.86907126
40.107334 0.86369891
41.466904 0.85973212
42.826475 0.85398495
44.186045 0.84659797
45.545616 0.85306353
46.905187 0.85514063
48.264757 0.85770187
49.624328 0.85551545
50.983899 0.85332903
52.343469 0.84755063
53.703040 0.84634810
55.062610 0.85012748
56.422181 0.86426114
57.781752 0.86743145
59.141322 0.86800929
60.500893 0.86761885
61.860464 0.86978966
63.220034 0.87075793
64.579605 0.86916497
65.939176 0.86894632
67.298746 0.86952416
68.658317 0.86975842
70.017887 0.87094534
71.377458 0.86925867
72.737029 0.86966472
74.096599 0.86836848
75.456170 0.86232459
76.815741 0.85870138
78.175311 0.84363069
79.534882 0.82161030
80.894452 0.82495240
