# Density profile (accumulated) at T = 0.340000
# columns : x rho
0.683745 0.85937347
2.051236 0.85793783
3.418726 0.85823113
4.786217 0.85949696
6.153707 0.85688812
7.521198 0.85826201
8.888688 0.85803045
10.256179 0.85869424
11.623670 0.85813851
12.991160 0.85796871
14.358651 0.85711967
15.726141 0.85699618
17.093632 0.85892579
18.461122 0.85914191
19.828613 0.85798414
21.196103 0.85974395
22.563594 0.85582297
23.931084 0.85732035
25.298575 0.85975939
26.666065 0.85535987
28.033556 0.85846269
29.401047 0.85921910
30.768537 0.85795327
32.136028 0.85835463
33.503518 0.85909560
34.871009 0.85647132
36.238499 0.85977483
37.605990 0.85707336
38.973480 0.85815395
40.340971 0.85782977
41.708461 0.85898754
43.075952 0.85782977
44.443442 0.85965133
45.810933 0.85710424
47.178423 0.85938890
48.545914 0.85782977
49.913405 0.85815395
51.280895 0.85889492
52.648386 0.85994463
54.015876 0.85745929
55.383367 0.85887948
56.750857 0.85806133
58.118348 0.85982114
59.485838 0.85779890
60.853329 0.85883317
62.220819 0.85867880
63.588310 0.85654851
64.955800 0.86022250
66.323291 0.85742841
67.690781 0.85858618
69.058272 0.85804589
70.425763 0.86006813
71.793253 0.85684181
73.160744 0.85923453
74.528234 0.85835463
75.895725 0.85687268
77.263215 0.85999094
78.630706 0.85776803
79.998196 0.85795327
81.365687 0.85875599
