# Layer profile at T = 0.300000
# input   = perfect_Sigma91_theta10.4174deg.dat
# seed    = 1000020
# n_samples = 1000
# Lx = 109.792186  Ly = 38.033129
# columns : x rho coord psi6 psi4
0.914935 0.87199387 5.999390 0.911496 0.074819
2.744805 0.87183581 5.999621 0.911572 0.074816
4.574674 0.87215193 5.999143 0.911040 0.074948
6.404544 0.87186455 5.999423 0.910091 0.075421
8.234414 0.87052826 5.999109 0.911461 0.074679
10.064284 0.87149097 5.999308 0.910880 0.075186
11.894153 0.87169213 5.999209 0.911310 0.075110
13.724023 0.87288473 5.998946 0.911509 0.074803
15.553893 0.87120359 5.999291 0.911492 0.074792
17.383763 0.87195076 5.999143 0.911326 0.074764
19.213633 0.87179271 5.999143 0.911248 0.074921
21.043502 0.87225251 5.999341 0.911647 0.074808
22.873372 0.87124670 5.999456 0.911560 0.074965
24.703242 0.87269794 5.999259 0.911182 0.074962
26.533112 0.87149097 5.999324 0.910928 0.074821
28.362981 0.87095932 5.999373 0.911282 0.074967
30.192851 0.87164902 5.999357 0.911254 0.075023
32.022721 0.87045642 5.999158 0.911372 0.074796
33.852591 0.87338763 5.999194 0.911261 0.074939
35.682460 0.87110301 5.999142 0.910490 0.074815
37.512330 0.87055700 5.999059 0.911487 0.074757
39.342200 0.87242493 5.999160 0.910831 0.075113
41.172070 0.87128980 5.999307 0.910055 0.075262
43.001940 0.87117485 5.999109 0.910740 0.074935
44.831809 0.87264046 5.999391 0.910606 0.074960
46.661679 0.87284162 5.999243 0.910850 0.074980
48.491549 0.87143349 5.999340 0.910858 0.074950
50.321419 0.87094495 5.999241 0.911119 0.075035
52.151288 0.87153407 5.999555 0.910952 0.074823
53.981158 0.87206571 5.999292 0.911840 0.074627
55.811028 0.87153407 5.999308 0.911039 0.075054
57.640898 0.87113175 5.999192 0.910868 0.074981
59.470767 0.87180708 5.999423 0.911639 0.074882
61.300637 0.87202261 5.999440 0.910658 0.074972
63.130507 0.87091622 5.999225 0.910682 0.074648
64.960377 0.87251114 5.999341 0.910357 0.075202
66.790247 0.87150533 5.999373 0.911059 0.074813
68.620116 0.87213756 5.999539 0.911743 0.074716
70.449986 0.87094495 5.999439 0.911828 0.074774
72.279856 0.87101680 5.999225 0.911283 0.074883
74.109726 0.87216629 5.999226 0.910338 0.075172
75.939595 0.87093059 5.999489 0.911477 0.074828
77.769465 0.87314337 5.999622 0.911475 0.074608
79.599335 0.87094495 5.999307 0.911302 0.074901
81.429205 0.87133291 5.999258 0.910803 0.074808
83.259074 0.87220940 5.999242 0.911086 0.074790
85.088944 0.87172086 5.999489 0.910474 0.074943
86.918814 0.87116048 5.999390 0.911125 0.074848
88.748684 0.87239619 5.999111 0.910488 0.074777
90.578553 0.87143349 5.999110 0.910897 0.075029
92.408423 0.87179271 5.999258 0.911840 0.074708
94.238293 0.87180708 5.999374 0.911181 0.074985
96.068163 0.87289910 5.999391 0.911079 0.074887
97.898033 0.87058574 5.999373 0.911401 0.074970
99.727902 0.87156281 5.999308 0.910881 0.074857
101.557772 0.87218066 5.999110 0.911367 0.075157
103.387642 0.87146223 5.999159 0.911434 0.074858
105.217512 0.87163465 5.999423 0.911868 0.074643
107.047381 0.87256862 5.999243 0.911746 0.074681
108.877251 0.87110301 5.999489 0.912110 0.074647
