# Layer profile at T = 0.420000
# input   = perfect_Sigma91_theta10.4174deg.dat
# seed    = 7000038
# n_samples = 1000
# Lx = 122.980908  Ly = 42.601836
# columns : x rho coord psi6 psi4
1.024841 0.70749945 5.698312 0.598752 0.183846
3.074523 0.70678942 5.702691 0.598604 0.183730
5.124205 0.70735058 5.703202 0.597864 0.183427
7.173886 0.70528920 5.690920 0.599518 0.184842
9.223568 0.69927684 5.687149 0.598109 0.184223
11.273250 0.69781097 5.680977 0.600257 0.184310
13.322932 0.69941427 5.687390 0.596760 0.184874
15.372614 0.70328508 5.691212 0.595092 0.185272
17.422295 0.70957228 5.693625 0.593787 0.184713
19.471977 0.70290716 5.699697 0.592746 0.185077
21.521659 0.70309039 5.690898 0.589406 0.185534
23.571341 0.70071981 5.674097 0.590621 0.186924
25.621023 0.69673448 5.652904 0.595284 0.189317
27.670704 0.69096262 5.648910 0.596898 0.188614
29.720386 0.69183298 5.655179 0.597133 0.187046
31.770068 0.70173905 5.688002 0.595194 0.184918
33.819750 0.70838126 5.701225 0.592886 0.184417
35.869432 0.70623972 5.695293 0.594273 0.185782
37.919113 0.69884166 5.677630 0.594849 0.186298
39.968795 0.68612983 5.651344 0.594113 0.188720
42.018477 0.68026635 5.631084 0.598108 0.188637
44.068159 0.67776979 5.630367 0.599608 0.189089
46.117841 0.67910969 5.637487 0.595626 0.189289
48.167522 0.69030985 5.639105 0.593936 0.189343
50.217204 0.69587557 5.667007 0.595349 0.187533
52.266886 0.70336524 5.692191 0.595462 0.184363
54.316568 0.70641150 5.688801 0.594049 0.185353
56.366250 0.70044496 5.682782 0.592799 0.186748
58.415931 0.70396075 5.674117 0.594557 0.186833
60.465613 0.69861262 5.665672 0.595446 0.186241
62.515295 0.68938223 5.635563 0.596546 0.189474
64.564977 0.68345004 5.635316 0.597455 0.189676
66.614659 0.67554809 5.620251 0.597319 0.190636
68.664341 0.67488386 5.619334 0.596722 0.190615
70.714022 0.68026635 5.613458 0.596889 0.191409
72.763704 0.68609547 5.622183 0.592570 0.191765
74.813386 0.69045872 5.632565 0.593300 0.189831
76.863068 0.68916464 5.642860 0.595638 0.189069
78.912750 0.69476471 5.641551 0.596079 0.188833
80.962431 0.69383709 5.643763 0.592616 0.188975
83.012113 0.68869510 5.642766 0.592771 0.190406
85.061795 0.69474181 5.655040 0.594733 0.188088
87.111477 0.69976928 5.676241 0.592666 0.187141
89.161159 0.70540372 5.697805 0.590893 0.184766
91.210840 0.71166802 5.715511 0.592773 0.183767
93.260522 0.70389204 5.694472 0.593231 0.184787
95.310204 0.69434099 5.659393 0.594172 0.189005
97.359886 0.69589847 5.647895 0.593337 0.189597
99.409568 0.69516554 5.656107 0.591950 0.189670
101.459249 0.69380274 5.654193 0.588834 0.189846
103.508931 0.69408904 5.653858 0.590769 0.189276
105.558613 0.69592138 5.651001 0.592050 0.188480
107.608295 0.69286367 5.646254 0.594846 0.189190
109.657977 0.68606112 5.630327 0.596012 0.189474
111.707658 0.66992510 5.623697 0.594427 0.191407
113.757340 0.67178034 5.618599 0.596641 0.190372
115.807022 0.68473267 5.624459 0.595262 0.190449
117.856704 0.69099697 5.640542 0.594370 0.189353
119.906386 0.69576105 5.656895 0.594974 0.188369
121.956067 0.70230020 5.672287 0.596368 0.186224
