# Layer profile at T = 0.360000
# input   = perfect_Sigma91_theta10.4174deg.dat
# seed    = 4000029
# n_samples = 1000
# Lx = 111.068831  Ly = 38.475372
# columns : x rho coord psi6 psi4
0.925574 0.85158600 5.993619 0.873450 0.089523
2.776721 0.85249862 5.994120 0.873382 0.089504
4.627868 0.85259690 5.994269 0.872767 0.089941
6.479015 0.85068742 5.993811 0.873727 0.089558
8.330162 0.85234418 5.994020 0.873921 0.089506
10.181309 0.85162812 5.994015 0.873800 0.089352
12.032457 0.85138944 5.993420 0.873979 0.089620
13.883604 0.85098227 5.993813 0.873724 0.089504
15.734751 0.85158600 5.992943 0.873175 0.089798
17.585898 0.85200721 5.993656 0.874147 0.089466
19.437045 0.85206337 5.994266 0.873286 0.089402
21.288193 0.85162812 5.993719 0.873495 0.089560
23.139340 0.85188085 5.994380 0.874138 0.089373
24.990487 0.85233014 5.993444 0.873544 0.089488
26.841634 0.85174045 5.993851 0.872889 0.089857
28.692781 0.85199317 5.993787 0.872479 0.089883
30.543928 0.85039258 5.994040 0.872831 0.089414
32.395076 0.85209145 5.994381 0.873145 0.089757
34.246223 0.85248458 5.994977 0.874163 0.089263
36.097370 0.85084187 5.994191 0.875318 0.089287
37.948517 0.85144560 5.994196 0.873875 0.089086
39.799664 0.85214761 5.993723 0.872716 0.089640
41.650812 0.85131924 5.993980 0.873201 0.089496
43.501959 0.85042066 5.993891 0.873051 0.089799
45.353106 0.85303215 5.994437 0.873141 0.089441
47.204253 0.85171236 5.994033 0.871856 0.090072
49.055400 0.85199317 5.994331 0.873628 0.089648
50.906547 0.85098227 5.993582 0.873799 0.089177
52.757695 0.85261094 5.994203 0.873964 0.089217
54.608842 0.85266710 5.993973 0.874430 0.088973
56.459989 0.85206337 5.994068 0.874791 0.089383
58.311136 0.85115075 5.993765 0.873345 0.089329
60.162283 0.85240034 5.994087 0.873044 0.089588
62.013430 0.85202125 5.994265 0.873972 0.089343
63.864578 0.85251266 5.994499 0.873539 0.089604
65.715725 0.85095419 5.994126 0.873337 0.089230
67.566872 0.85263902 5.993825 0.872946 0.089492
69.418019 0.85199317 5.993985 0.873989 0.089692
71.269166 0.85096823 5.993268 0.874222 0.089636
73.120314 0.85119287 5.993946 0.873374 0.089533
74.971461 0.85228802 5.994350 0.873162 0.089636
76.822608 0.85214761 5.993245 0.872635 0.089459
78.673755 0.85067338 5.993134 0.873310 0.089586
80.524902 0.85192297 5.993342 0.873960 0.089257
82.376049 0.85234418 5.994383 0.874134 0.088817
84.227197 0.85265306 5.994303 0.875165 0.089154
86.078344 0.85165620 5.993768 0.874454 0.089388
87.929491 0.85261094 5.993924 0.873005 0.090043
89.780638 0.85122095 5.994408 0.873550 0.089403
91.631785 0.85318660 5.994388 0.873668 0.089098
93.482933 0.85064530 5.993447 0.873699 0.089392
95.334080 0.85299003 5.993350 0.872626 0.089714
97.185227 0.85129116 5.993386 0.873330 0.089555
99.036374 0.84973268 5.993424 0.872239 0.089957
100.887521 0.85291983 5.993037 0.872151 0.089890
102.738668 0.85123499 5.993518 0.873766 0.089347
104.589816 0.85259690 5.993709 0.872804 0.089713
106.440963 0.85009773 5.994203 0.872857 0.089608
108.292110 0.85138944 5.994063 0.872657 0.089489
110.143257 0.85209145 5.993508 0.873380 0.089666
