# Layer profile at T = 0.340000
# input   = bicrystal_Sigma91_theta10.4174deg.dat
# seed    = 3000803
# n_samples = 1000
# Lx = 110.755313  Ly = 38.366766
# columns : x rho coord psi6 psi4
0.922961 0.84626184 5.948343 0.862340 0.098292
2.768883 0.85299703 5.957425 0.866725 0.095807
4.614805 0.85490321 5.977207 0.875935 0.090570
6.460727 0.85751539 5.989791 0.884325 0.086827
8.306648 0.85768483 5.994551 0.885572 0.085181
10.152570 0.85905446 5.996713 0.886683 0.084941
11.998492 0.85820727 5.996726 0.886154 0.084882
13.844414 0.85760011 5.996872 0.886907 0.084330
15.690336 0.85892738 5.996877 0.887118 0.084330
17.536258 0.85926626 5.997075 0.886113 0.084741
19.382180 0.85757187 5.996872 0.885488 0.084897
21.228102 0.85961926 5.996994 0.886571 0.084915
23.074023 0.85750127 5.997135 0.886450 0.084681
24.919945 0.85983106 5.996814 0.887058 0.084400
26.765867 0.85778367 5.996741 0.885739 0.085006
28.611789 0.85974634 5.992626 0.885397 0.085504
30.457711 0.85587749 5.986703 0.885625 0.085979
32.303633 0.85747303 5.988901 0.884861 0.086238
34.149555 0.85925214 5.986657 0.882520 0.087323
35.995477 0.85041309 5.972289 0.877082 0.090414
37.841398 0.84970709 5.956280 0.868074 0.095376
39.687320 0.84775855 5.932145 0.855936 0.101991
41.533242 0.84527344 5.927202 0.852563 0.104285
43.379164 0.84668543 5.940698 0.857983 0.100422
45.225086 0.84780091 5.951435 0.863659 0.097950
47.071008 0.84870458 5.941371 0.864821 0.098357
48.916930 0.84928349 5.940031 0.864979 0.098588
50.762852 0.84901522 5.952452 0.866401 0.096801
52.608773 0.85241811 5.954862 0.865617 0.097039
54.454695 0.84662895 5.943712 0.859928 0.100004
56.300617 0.84739143 5.941480 0.858945 0.099985
58.146539 0.84974945 5.950134 0.865975 0.096906
59.992461 0.85570805 5.964193 0.873256 0.092999
61.838383 0.85301115 5.971876 0.879075 0.089894
63.684305 0.85457846 5.969813 0.881992 0.089073
65.530227 0.85418310 5.960195 0.882195 0.089835
67.376149 0.85414074 5.974906 0.883568 0.087892
69.222070 0.85976046 5.990770 0.885867 0.085457
71.067992 0.85826375 5.993946 0.887845 0.084648
72.913914 0.85901210 5.996548 0.887072 0.084585
74.759836 0.85875794 5.996925 0.886854 0.084180
76.605758 0.85870147 5.997007 0.887488 0.084252
78.451680 0.85950630 5.997043 0.887789 0.084353
80.297602 0.85920978 5.997338 0.887675 0.084322
82.143524 0.85765659 5.997185 0.887572 0.084551
83.989445 0.85919566 5.997420 0.886938 0.084079
85.835367 0.86012757 5.997062 0.886848 0.084411
87.681289 0.85832023 5.997121 0.886813 0.084669
89.527211 0.86072061 5.996342 0.885678 0.084891
91.373133 0.85685176 5.995304 0.884895 0.085427
93.219055 0.85774131 5.991144 0.882530 0.086976
95.064977 0.85567981 5.976651 0.877123 0.090622
96.910899 0.84795622 5.952176 0.865508 0.096792
98.756820 0.84324018 5.931882 0.854228 0.103338
100.602742 0.84315546 5.907660 0.843498 0.109346
102.448664 0.84057152 5.899632 0.840679 0.110950
104.294586 0.84205411 5.919310 0.848536 0.106050
106.140508 0.84417209 5.931037 0.857491 0.102554
107.986430 0.84756087 5.941242 0.861885 0.099621
109.832352 0.84924114 5.945598 0.861772 0.099086
