# Layer profile at T = 0.320000
# input   = perfect_Sigma91_theta10.4174deg.dat
# seed    = 2000023
# n_samples = 1000
# Lx = 110.282667  Ly = 38.203037
# columns : x rho coord psi6 psi4
0.919022 0.86355693 5.998450 0.901258 0.078907
2.757067 0.86505226 5.998271 0.900148 0.079476
4.595111 0.86387024 5.998615 0.900356 0.079356
6.433156 0.86462502 5.998682 0.900693 0.079347
8.271200 0.86415506 5.998500 0.900323 0.079498
10.109244 0.86369934 5.998582 0.900376 0.079255
11.947289 0.86432596 5.998352 0.900672 0.079235
13.785333 0.86361390 5.998417 0.899324 0.079597
15.623378 0.86402689 5.998500 0.900470 0.079120
17.461422 0.86237491 5.998398 0.899950 0.079232
19.299467 0.86547949 5.998404 0.900625 0.079316
21.137511 0.86426899 5.998303 0.899767 0.079284
22.975556 0.86334331 5.998054 0.900434 0.079413
24.813600 0.86369934 5.998137 0.900210 0.079245
26.651645 0.86486712 5.998320 0.899723 0.079369
28.489689 0.86348573 5.998417 0.900721 0.079317
30.327733 0.86281639 5.998713 0.900943 0.079192
32.165778 0.86429747 5.998797 0.900691 0.079300
34.003822 0.86338604 5.998697 0.899862 0.079309
35.841867 0.86466774 5.998369 0.900921 0.079110
37.679911 0.86375631 5.998302 0.900006 0.079499
39.517956 0.86414082 5.998945 0.900513 0.078977
41.356000 0.86414082 5.998665 0.900525 0.079283
43.194045 0.86341452 5.998812 0.900146 0.079135
45.032089 0.86227522 5.998646 0.900161 0.079524
46.870134 0.86446837 5.998600 0.900497 0.079184
48.708178 0.86411234 5.998616 0.900146 0.079305
50.546222 0.86367086 5.998467 0.900243 0.079503
52.384267 0.86352845 5.997922 0.899684 0.079422
54.222311 0.86314394 5.998152 0.898989 0.079855
56.060356 0.86369934 5.998104 0.899633 0.079886
57.898400 0.86354269 5.998268 0.900958 0.079103
59.736445 0.86389872 5.998368 0.900583 0.079311
61.574489 0.86414082 5.998319 0.900113 0.079372
63.412534 0.86456806 5.998122 0.900708 0.079095
65.250578 0.86261701 5.998729 0.900444 0.079251
67.088623 0.86545101 5.998552 0.899883 0.079365
68.926667 0.86443989 5.998501 0.899609 0.079192
70.764711 0.86284487 5.998564 0.900292 0.079174
72.602756 0.86415506 5.998616 0.900582 0.079334
74.440800 0.86303001 5.998465 0.900508 0.079299
76.278845 0.86518043 5.998634 0.900284 0.079162
78.116889 0.86394144 5.998451 0.901550 0.078880
79.954934 0.86466774 5.998518 0.899797 0.079310
81.792978 0.86365662 5.998664 0.900188 0.079384
83.631023 0.86455381 5.998485 0.900489 0.079316
85.469067 0.86502377 5.998255 0.900780 0.078911
87.307111 0.86352845 5.998450 0.900976 0.079148
89.145156 0.86505226 5.998551 0.901095 0.079418
90.983200 0.86287335 5.998366 0.900555 0.078983
92.821245 0.86489560 5.998106 0.899973 0.079432
94.659289 0.86308697 5.998812 0.900564 0.079015
96.497334 0.86466774 5.998880 0.901099 0.078813
98.335378 0.86300153 5.998564 0.900770 0.079191
100.173423 0.86489560 5.998617 0.901275 0.079283
102.011467 0.86384176 5.998450 0.900497 0.078868
103.849512 0.86540829 5.998700 0.900518 0.079362
105.687556 0.86298728 5.998696 0.901160 0.079039
107.525600 0.86479591 5.998238 0.900093 0.079315
109.363645 0.86320090 5.998598 0.900982 0.079363
