# Layer profile at T = 0.380000
# input   = bicrystal_Sigma91_theta10.4174deg.dat
# seed    = 5000809
# n_samples = 1000
# Lx = 112.188892  Ly = 38.863372
# columns : x rho coord psi6 psi4
0.934907 0.83598800 5.959604 0.843932 0.102153
2.804722 0.83838247 5.976528 0.850212 0.099269
4.674537 0.84036411 5.983477 0.851236 0.097795
6.544352 0.84123107 5.986161 0.852100 0.097300
8.414167 0.84017145 5.987421 0.853579 0.096818
10.283982 0.84233198 5.989054 0.853912 0.096651
12.153797 0.84096961 5.990215 0.852784 0.096749
14.023611 0.84143749 5.989222 0.852827 0.096822
15.893426 0.84118979 5.989236 0.851593 0.096877
17.763241 0.84109346 5.990085 0.852983 0.096418
19.633056 0.84240079 5.989904 0.855361 0.096214
21.502871 0.84103841 5.988563 0.854289 0.096010
23.372686 0.84120355 5.990315 0.854436 0.096089
25.242501 0.84193290 5.987627 0.852913 0.096856
27.112316 0.84101089 5.988121 0.853993 0.096583
28.982130 0.84179529 5.987085 0.854013 0.096503
30.851945 0.83927696 5.985391 0.851287 0.097565
32.721760 0.84149254 5.981913 0.851453 0.097772
34.591575 0.83975861 5.974895 0.848425 0.099704
36.461390 0.83579534 5.962065 0.843558 0.102413
38.331205 0.83357976 5.939165 0.835078 0.107605
40.201020 0.82987796 5.924451 0.828148 0.111162
42.070834 0.82868073 5.920140 0.822290 0.113218
43.940649 0.82757982 5.916060 0.820030 0.113711
45.810464 0.82697432 5.912354 0.818555 0.114687
47.680279 0.82788257 5.915708 0.820059 0.114270
49.550094 0.82824036 5.925763 0.825139 0.111840
51.419909 0.82991925 5.926743 0.826292 0.110988
53.289724 0.82724955 5.910503 0.820945 0.114804
55.159539 0.82376793 5.897746 0.815075 0.117157
57.029353 0.82338261 5.884244 0.812400 0.119386
58.899168 0.82145602 5.873838 0.810536 0.120767
60.768983 0.82054777 5.875140 0.810640 0.121175
62.638798 0.82213033 5.886646 0.813966 0.118902
64.508613 0.82539176 5.901182 0.816452 0.116497
66.378428 0.82646515 5.901910 0.818786 0.115628
68.248243 0.82474498 5.906294 0.822712 0.114764
70.118057 0.82846054 5.907196 0.822168 0.114059
71.987872 0.82522663 5.912418 0.821500 0.113784
73.857687 0.82722202 5.918519 0.822383 0.113373
75.727502 0.82899724 5.910194 0.821695 0.114129
77.597317 0.82603855 5.913454 0.825033 0.113188
79.467132 0.83229996 5.928077 0.830173 0.110047
81.336947 0.83023576 5.942086 0.834649 0.106924
83.206761 0.83538250 5.952623 0.839499 0.104658
85.076576 0.83476324 5.950049 0.840348 0.104203
86.946391 0.83231372 5.942181 0.839239 0.105877
88.816206 0.83298803 5.943665 0.838745 0.105888
90.686021 0.83163942 5.933116 0.832748 0.108734
92.555836 0.82896971 5.917280 0.825187 0.112271
94.425651 0.82495140 5.894657 0.819273 0.116523
96.295466 0.82001108 5.882795 0.811720 0.119668
98.165280 0.82474498 5.888824 0.812514 0.118792
100.035095 0.82343765 5.891355 0.813172 0.118624
101.904910 0.82473122 5.898784 0.816628 0.116107
103.774725 0.82735964 5.909151 0.820324 0.114516
105.644540 0.83085502 5.927355 0.825845 0.110911
107.514355 0.83133667 5.934399 0.832620 0.108436
109.384170 0.83307060 5.940945 0.836911 0.106549
111.253984 0.83439168 5.947504 0.839830 0.104954
