# Layer profile at T = 0.300000
# input   = bicrystal_Sigma91_theta10.4174deg.dat
# seed    = 1000797
# n_samples = 1000
# Lx = 109.946186  Ly = 38.086476
# columns : x rho coord psi6 psi4
0.916218 0.86383573 5.969845 0.892394 0.086822
2.748655 0.86926623 5.995632 0.907473 0.077307
4.581091 0.86895100 5.999110 0.910731 0.075694
6.413528 0.87041251 5.999078 0.911012 0.075274
8.245964 0.86895100 5.999274 0.910304 0.075023
10.078400 0.86913727 5.999093 0.910345 0.075287
11.910837 0.87009728 5.999407 0.909933 0.075345
13.743273 0.86905130 5.999522 0.910930 0.075157
15.575710 0.87154446 5.999457 0.911181 0.074958
17.408146 0.87002564 5.999473 0.910780 0.074944
19.240583 0.86925190 5.999357 0.910561 0.075027
21.073019 0.86985370 5.999242 0.910449 0.075057
22.905455 0.86975340 5.999193 0.910114 0.075074
24.737892 0.86978205 5.999374 0.911113 0.074999
26.570328 0.87018325 5.999407 0.911793 0.074533
28.402765 0.86922324 5.999473 0.911114 0.074869
30.235201 0.87026922 5.999424 0.910494 0.075159
32.067638 0.86993967 5.999440 0.911019 0.075065
33.900074 0.86946683 5.999489 0.910125 0.075238
35.732511 0.86916593 5.999225 0.910249 0.075209
37.564947 0.86996832 5.999012 0.910516 0.075378
39.397383 0.86938086 5.999159 0.910014 0.075539
41.229820 0.86985370 5.999325 0.910778 0.075208
43.062256 0.87018325 5.998979 0.910416 0.075432
44.894693 0.86770442 5.998712 0.909094 0.076050
46.727129 0.86882205 5.994904 0.904875 0.078435
48.559566 0.86522560 5.960056 0.886175 0.090343
50.392002 0.84506542 5.880481 0.846791 0.114848
52.224439 0.83555130 5.859399 0.835103 0.121361
54.056875 0.84651259 5.918651 0.863635 0.103622
55.889311 0.86548351 5.970614 0.892149 0.086432
57.721748 0.86667277 5.993536 0.906139 0.078494
59.554184 0.87044116 5.998486 0.909308 0.075872
61.386621 0.86926623 5.999275 0.910262 0.075614
63.219057 0.86883637 5.999159 0.910240 0.075355
65.051494 0.87114326 5.999112 0.910701 0.075030
66.883930 0.86939519 5.999258 0.910621 0.075357
68.716366 0.86872175 5.999390 0.911268 0.074967
70.548803 0.86981071 5.999489 0.910574 0.075251
72.381239 0.86892235 5.999423 0.911172 0.075082
74.213676 0.86995400 5.999391 0.911316 0.074733
76.046112 0.87028355 5.999424 0.911365 0.074887
77.878549 0.86968175 5.999176 0.911071 0.074859
79.710985 0.87094266 5.999424 0.911459 0.075022
81.543422 0.86879339 5.999439 0.910801 0.074777
83.375858 0.87081371 5.999671 0.911210 0.074853
85.208294 0.87088535 5.999490 0.911101 0.075184
87.040731 0.86903697 5.999324 0.910911 0.075122
88.873167 0.87015459 5.999391 0.910852 0.075135
90.705604 0.86922324 5.999390 0.910626 0.075238
92.538040 0.86973907 5.999275 0.909851 0.075447
94.370477 0.86913727 5.999126 0.910185 0.075153
96.202913 0.86961011 5.999242 0.911421 0.074988
98.035349 0.86883637 5.998928 0.910687 0.075570
99.867786 0.86816294 5.997442 0.908155 0.076608
101.700222 0.86652949 5.988177 0.902140 0.080469
103.532659 0.86276110 5.949928 0.881154 0.093065
105.365095 0.84394779 5.879151 0.847007 0.113981
107.197532 0.83737102 5.843997 0.830188 0.124606
109.029968 0.84275853 5.910094 0.862028 0.105158
