# Layer profile at T = 0.400000
# input   = perfect_Sigma91_theta10.4174deg.dat
# seed    = 6000035
# n_samples = 1000
# Lx = 118.867213  Ly = 41.176811
# columns : x rho coord psi6 psi4
0.990560 0.74956900 5.867843 0.749909 0.135178
2.971680 0.74776701 5.866180 0.748794 0.134690
4.952801 0.74985095 5.864950 0.749732 0.135292
6.933921 0.74893156 5.864195 0.749147 0.134688
8.915041 0.74893156 5.871364 0.750405 0.133768
10.896161 0.74944642 5.870602 0.749660 0.134655
12.877281 0.74964255 5.870015 0.750683 0.134258
14.858402 0.74944642 5.864714 0.750825 0.134700
16.839522 0.74920125 5.863524 0.748448 0.135197
18.820642 0.74809799 5.865142 0.750565 0.134681
20.801762 0.74471465 5.853039 0.752395 0.135411
22.782883 0.74261845 5.844008 0.752649 0.136765
24.764003 0.74431012 5.853322 0.752684 0.135364
26.745123 0.74837993 5.867879 0.754844 0.133534
28.726243 0.74905415 5.866672 0.755212 0.133732
30.707363 0.74817154 5.860780 0.754034 0.133971
32.688484 0.74630825 5.853846 0.754941 0.134358
34.669604 0.74543790 5.850896 0.751690 0.135274
36.650724 0.74421205 5.850288 0.750618 0.135881
38.631844 0.74521724 5.845654 0.748635 0.137135
40.612965 0.74019127 5.835431 0.748829 0.137847
42.594085 0.73901445 5.830873 0.748840 0.137794
44.575205 0.74242231 5.833053 0.749453 0.137987
46.556325 0.74147841 5.842379 0.749960 0.136906
48.537445 0.74115969 5.844991 0.749201 0.136579
50.518566 0.74222618 5.842901 0.750418 0.137217
52.499686 0.74406495 5.843784 0.750476 0.136565
54.480806 0.74172358 5.845786 0.751610 0.136216
56.461926 0.74453077 5.845676 0.750694 0.136044
58.443047 0.74293717 5.847721 0.748146 0.137051
60.424167 0.74435915 5.843253 0.747166 0.136511
62.405287 0.74274103 5.835732 0.744532 0.138729
64.386407 0.74191971 5.834575 0.742752 0.138971
66.367527 0.74256941 5.827176 0.742269 0.139947
68.348648 0.74218940 5.827979 0.740106 0.140808
70.329768 0.74266748 5.829443 0.737993 0.140479
72.310888 0.74081645 5.814224 0.735915 0.143497
74.292008 0.73990932 5.810782 0.735125 0.143823
76.273129 0.74059580 5.806290 0.734209 0.144982
78.254249 0.74103710 5.807547 0.735493 0.144635
80.235369 0.73729827 5.803462 0.733198 0.145271
82.216489 0.73810733 5.799708 0.734338 0.145619
84.197610 0.73669760 5.799424 0.730328 0.146974
86.178730 0.73853637 5.797235 0.729913 0.146480
88.159850 0.73598661 5.791369 0.725859 0.147862
90.140970 0.73587629 5.791704 0.724770 0.148301
92.122090 0.73766602 5.800685 0.724691 0.147162
94.103211 0.73902671 5.795229 0.723737 0.148968
96.084331 0.73629307 5.790707 0.722335 0.148769
98.065451 0.73784990 5.783140 0.722259 0.150035
100.046571 0.73503045 5.792999 0.727450 0.147957
102.027692 0.74058354 5.813073 0.729336 0.145528
104.008812 0.74391785 5.825133 0.734248 0.143005
105.989932 0.74565855 5.836243 0.739014 0.141022
107.971052 0.74494756 5.835462 0.741179 0.140779
109.952172 0.74709279 5.854098 0.746304 0.137034
111.933293 0.74929932 5.875027 0.749188 0.134103
113.914413 0.75154262 5.873361 0.750913 0.133654
115.895533 0.75086840 5.868757 0.752677 0.134498
117.876653 0.75070904 5.868207 0.752075 0.134353
