# Layer profile at T = 0.280000
# input   = perfect_Sigma91_theta10.4174deg.dat
# seed    = 17
# n_samples = 1000
# Lx = 109.519572  Ly = 37.938692
# columns : x rho coord psi6 psi4
0.912663 0.87706240 5.999885 0.921722 0.070409
2.737989 0.87563280 5.999703 0.921528 0.070517
4.563315 0.87688911 5.999621 0.921605 0.070455
6.388642 0.87522847 5.999687 0.921140 0.070952
8.213968 0.87535844 5.999786 0.921184 0.070824
10.039294 0.87704796 5.999704 0.921240 0.070554
11.864620 0.87590717 5.999786 0.920787 0.070454
13.689946 0.87683135 5.999605 0.921010 0.070821
15.515273 0.87459310 5.999703 0.920609 0.070863
17.340599 0.87710572 5.999786 0.920534 0.070879
19.165925 0.87514183 5.999686 0.921201 0.070667
20.991251 0.87652810 5.999687 0.921370 0.070586
22.816577 0.87543064 5.999555 0.921498 0.070384
24.641904 0.87686023 5.999704 0.920489 0.070625
26.467230 0.87582053 5.999835 0.920893 0.070727
28.292556 0.87548840 5.999736 0.921135 0.070612
30.117882 0.87690355 5.999737 0.920916 0.070506
31.943208 0.87629706 5.999819 0.921368 0.070411
33.768535 0.87496855 5.999736 0.921838 0.070379
35.593861 0.87654254 5.999769 0.921390 0.070604
37.419187 0.87634038 5.999736 0.921500 0.070355
39.244513 0.87560392 5.999720 0.921401 0.070589
41.069839 0.87596493 5.999786 0.920687 0.070827
42.895166 0.87595049 5.999654 0.920860 0.070812
44.720492 0.87635482 5.999654 0.920917 0.070812
46.545818 0.87586385 5.999670 0.920919 0.070560
48.371144 0.87602269 5.999720 0.920949 0.070512
50.196470 0.87528624 5.999687 0.920674 0.070717
52.021797 0.87623930 5.999489 0.921311 0.070878
53.847123 0.87632594 5.999637 0.920564 0.070816
55.672449 0.87522847 5.999687 0.920651 0.070888
57.497775 0.87566168 5.999736 0.920272 0.071005
59.323101 0.87606601 5.999687 0.921083 0.070800
61.148427 0.87524292 5.999637 0.920903 0.070935
62.973754 0.87730788 5.999704 0.921210 0.070830
64.799080 0.87544508 5.999654 0.921461 0.070708
66.624406 0.87576277 5.999736 0.920741 0.070739
68.449732 0.87563280 5.999703 0.920784 0.070827
70.275058 0.87584941 5.999687 0.920432 0.070721
72.100385 0.87587829 5.999802 0.920704 0.070730
73.925711 0.87583497 5.999670 0.920398 0.070855
75.751037 0.87613822 5.999736 0.920847 0.070962
77.576363 0.87675915 5.999654 0.920734 0.070674
79.401689 0.87485303 5.999719 0.921278 0.070530
81.227016 0.87667251 5.999736 0.921986 0.070305
83.052342 0.87625374 5.999720 0.921538 0.070539
84.877668 0.87583497 5.999769 0.920589 0.070966
86.702994 0.87618154 5.999720 0.920908 0.070802
88.528320 0.87593605 5.999753 0.921646 0.070289
90.353647 0.87690355 5.999671 0.921438 0.070297
92.178973 0.87553172 5.999522 0.921824 0.070473
94.004299 0.87642702 5.999670 0.921211 0.071006
95.829625 0.87573389 5.999703 0.920748 0.070634
97.654951 0.87592161 5.999769 0.921725 0.070322
99.480278 0.87690355 5.999687 0.921148 0.070408
101.305604 0.87654254 5.999819 0.921635 0.070572
103.130930 0.87561836 5.999786 0.921422 0.070531
104.956256 0.87635482 5.999769 0.921787 0.070240
106.781582 0.87677359 5.999736 0.921647 0.070122
108.606909 0.87596493 5.999703 0.921605 0.070312
