# Layer profile at T = 0.360000
# input   = bicrystal_Sigma91_theta10.4174deg.dat
# seed    = 4000806
# n_samples = 1000
# Lx = 111.400301  Ly = 38.590196
# columns : x rho coord psi6 psi4
0.928336 0.82316198 5.853999 0.805402 0.126334
2.785008 0.83104760 5.893188 0.824900 0.116094
4.641679 0.83946359 5.933047 0.844030 0.105811
6.498351 0.84517195 5.967253 0.858516 0.097495
8.355023 0.84804707 5.980218 0.865604 0.093695
10.211694 0.84857743 5.983010 0.869216 0.092347
12.068366 0.84986146 5.986895 0.871454 0.091265
13.925038 0.85041973 5.991876 0.871613 0.090241
15.781709 0.85082448 5.993455 0.873882 0.089586
17.638381 0.85131297 5.993950 0.873558 0.089798
19.495053 0.84987542 5.994942 0.872872 0.089573
21.351724 0.85039182 5.994420 0.873574 0.089643
23.208396 0.85142463 5.994738 0.874299 0.089290
25.065068 0.85118736 5.995015 0.873278 0.089437
26.921739 0.84931714 5.994988 0.872514 0.090119
28.778411 0.85069887 5.994734 0.871011 0.090122
30.635083 0.85048952 5.994535 0.871872 0.090349
32.491755 0.85142463 5.994082 0.871139 0.090020
34.348426 0.84941484 5.992836 0.870103 0.090414
36.205098 0.84782376 5.991127 0.869838 0.090974
38.061770 0.85148046 5.989657 0.870100 0.091010
39.918441 0.84847973 5.987301 0.869282 0.091725
41.775113 0.84821455 5.981851 0.868072 0.092558
43.631785 0.84694447 5.975759 0.863957 0.094767
45.488456 0.84429267 5.962409 0.859029 0.098086
47.345128 0.84060806 5.945209 0.849874 0.102387
49.201800 0.83551380 5.924178 0.841370 0.107370
51.058471 0.83704906 5.913996 0.834897 0.110823
52.915143 0.83385293 5.904578 0.829116 0.113657
54.771815 0.82885638 5.896021 0.824513 0.115940
56.628487 0.83231768 5.889981 0.821403 0.117231
58.485158 0.83115926 5.890382 0.823649 0.116411
60.341830 0.83212228 5.903021 0.830514 0.113130
62.198502 0.83635121 5.926574 0.841639 0.106816
64.055173 0.84150130 5.940872 0.852303 0.101737
65.911845 0.84430663 5.955996 0.860984 0.097685
67.768517 0.84533943 5.968977 0.865912 0.094911
69.625188 0.84907987 5.976297 0.868968 0.093060
71.481860 0.84916362 5.985734 0.870624 0.091528
73.338532 0.85026621 5.992466 0.871309 0.090571
75.195203 0.84962419 5.994398 0.871576 0.090340
77.051875 0.84977772 5.993939 0.870461 0.090637
78.908547 0.85058722 5.994372 0.872172 0.090122
80.765218 0.85064304 5.990730 0.872252 0.090168
82.621890 0.84866117 5.983077 0.869931 0.091816
84.478562 0.84835412 5.980126 0.869210 0.092226
86.335234 0.84718174 5.978699 0.869316 0.092640
88.191905 0.84694447 5.979335 0.869031 0.092240
90.048577 0.84757253 5.976436 0.869355 0.092479
91.905249 0.84725153 5.968108 0.867194 0.094098
93.761920 0.84549296 5.962677 0.866753 0.094754
95.618592 0.84670721 5.964807 0.868730 0.094102
97.475264 0.84563253 5.967040 0.867067 0.094217
99.331935 0.84411123 5.961524 0.865035 0.095800
101.188607 0.84641411 5.962140 0.863331 0.096395
103.045279 0.84260389 5.953273 0.858700 0.098894
104.901950 0.83933798 5.934434 0.844722 0.105734
106.758622 0.83268056 5.896867 0.823031 0.116115
108.615294 0.82151507 5.844209 0.799534 0.128789
110.471966 0.81757923 5.827464 0.792259 0.133165
