# Layer profile at T = 0.440000
# input   = bicrystal_Sigma91_theta10.4174deg.dat
# seed    = 8000818
# n_samples = 1000
# Lx = 149.102090  Ly = 51.650479
# columns : x rho coord psi6 psi4
1.242517 0.45801727 6.121045 0.471448 0.185680
3.727552 0.46299572 6.133054 0.472937 0.184165
6.212587 0.47071660 6.176239 0.468930 0.183587
8.697622 0.48442876 6.253209 0.466087 0.179188
11.182657 0.48943837 6.258751 0.466698 0.179048
13.667692 0.47029588 6.113892 0.477059 0.184258
16.152726 0.43259524 5.992598 0.486986 0.186720
18.637761 0.41162966 5.918462 0.493948 0.190552
21.122796 0.41619518 5.917016 0.497220 0.190069
23.607831 0.42752330 5.922331 0.496262 0.191794
26.092866 0.45733945 5.985281 0.484163 0.189601
28.577901 0.48026836 6.103287 0.474505 0.185386
31.062935 0.49288199 6.204859 0.466146 0.181840
33.547970 0.50914960 6.290202 0.460506 0.178451
36.033005 0.51141678 6.306237 0.458091 0.178483
38.518040 0.50487234 6.288618 0.461486 0.178443
41.003075 0.49564000 6.252920 0.465637 0.178451
43.488110 0.49967574 6.257582 0.467892 0.177785
45.973144 0.50272981 6.264742 0.467061 0.177931
48.458179 0.50248829 6.291630 0.460138 0.177577
50.943214 0.51334895 6.374032 0.455490 0.174628
53.428249 0.51755608 6.361207 0.459557 0.173884
55.913284 0.51401118 6.315513 0.462531 0.175180
58.398318 0.49795393 6.189333 0.470313 0.181233
60.883353 0.46404750 6.017461 0.482594 0.187618
63.368388 0.42994630 5.834466 0.496906 0.194856
65.853423 0.40129879 5.804477 0.505179 0.193881
68.338458 0.38998626 5.810472 0.504807 0.195637
70.823493 0.39125619 5.836795 0.497456 0.196983
73.308527 0.40560722 5.932080 0.486447 0.195372
75.793562 0.42150085 6.031219 0.476964 0.190385
78.278597 0.42507692 6.077016 0.474133 0.190387
80.763632 0.42940093 6.061635 0.475589 0.190388
83.248667 0.44337019 6.042490 0.479924 0.189866
85.733702 0.47794664 6.068888 0.478221 0.186363
88.218736 0.50362578 6.140110 0.471488 0.181677
90.703771 0.49422983 6.181553 0.473499 0.180267
93.188806 0.48068129 6.156685 0.473480 0.181323
95.673841 0.46982063 6.146941 0.474370 0.184116
98.158876 0.45681745 6.150902 0.471110 0.185242
100.643911 0.46568361 6.112344 0.474607 0.185081
103.128945 0.48180319 6.144435 0.473965 0.182433
105.613980 0.50039251 6.219752 0.468834 0.179414
108.099015 0.51655884 6.257941 0.465771 0.177843
110.584050 0.51176737 6.292722 0.463116 0.175997
113.069085 0.51793005 6.314931 0.462476 0.175268
115.554120 0.52092180 6.314738 0.462331 0.174875
118.039154 0.51593556 6.288378 0.465649 0.175459
120.524189 0.50630588 6.209060 0.470405 0.177982
123.009224 0.49784486 6.105947 0.475228 0.182060
125.494259 0.46123495 5.992821 0.483835 0.187894
127.979294 0.42656500 5.983051 0.488383 0.189690
130.464329 0.42076071 5.988798 0.488353 0.188898
132.949363 0.43025015 6.028810 0.485746 0.186252
135.434398 0.44763966 6.097205 0.481455 0.183821
137.919433 0.47592098 6.158105 0.476757 0.181311
140.404468 0.48922022 6.162661 0.473477 0.181653
142.889503 0.49793056 6.179015 0.467413 0.183054
145.374538 0.49624770 6.194631 0.466577 0.182525
147.859572 0.47705068 6.126145 0.472282 0.185888
