# Layer profile at T = 0.400000
# input   = bicrystal_Sigma91_theta10.4174deg.dat
# seed    = 6000812
# n_samples = 1000
# Lx = 118.892187  Ly = 41.185462
# columns : x rho coord psi6 psi4
0.990768 0.74008864 5.688174 0.635404 0.179079
2.972305 0.74169383 5.698464 0.637464 0.177585
4.953841 0.74619080 5.708853 0.641273 0.175719
6.935378 0.74385042 5.712401 0.643280 0.175339
8.916914 0.74372788 5.699404 0.643221 0.175680
10.898451 0.73931668 5.694229 0.645774 0.175221
12.879987 0.74218396 5.695427 0.647653 0.175360
14.861523 0.74188988 5.703498 0.648978 0.174257
16.843060 0.74299268 5.703213 0.650952 0.174175
18.824596 0.73981907 5.696971 0.649918 0.173274
20.806133 0.73709883 5.688704 0.649305 0.174982
22.787669 0.74095863 5.689747 0.646786 0.174956
24.769206 0.74163256 5.691879 0.646342 0.174981
26.750742 0.73887556 5.695323 0.648686 0.174624
28.732279 0.74035822 5.696678 0.648631 0.173809
30.713815 0.74550461 5.719383 0.651006 0.172280
32.695352 0.74822485 5.727822 0.654074 0.170608
34.676888 0.74469589 5.721168 0.655454 0.171432
36.658424 0.74809007 5.730885 0.653293 0.170418
38.639961 0.74822485 5.729787 0.650341 0.171490
40.621497 0.74498997 5.708548 0.649551 0.173175
42.603034 0.74088511 5.695356 0.647775 0.174304
44.584570 0.73652293 5.682621 0.647376 0.176727
46.566107 0.73761347 5.687509 0.645640 0.175959
48.547643 0.74229424 5.697585 0.642833 0.175879
50.529180 0.74347056 5.704887 0.639000 0.176168
52.510716 0.74245354 5.698161 0.637353 0.178194
54.492253 0.73937795 5.689896 0.636118 0.178485
56.473789 0.74173059 5.684172 0.638557 0.178912
58.455325 0.73593477 5.671012 0.635058 0.180790
60.436862 0.73168286 5.653945 0.630617 0.182702
62.418398 0.73217300 5.659649 0.634472 0.180663
64.399935 0.73423155 5.663290 0.633168 0.181563
66.381471 0.73540787 5.669744 0.637788 0.180138
68.363008 0.74037047 5.684072 0.637952 0.178697
70.344544 0.74272311 5.699822 0.643885 0.176883
72.326081 0.74578644 5.710601 0.647165 0.173870
74.307617 0.74446308 5.711156 0.647131 0.173323
76.289154 0.74349507 5.704270 0.647774 0.174667
78.270690 0.74325000 5.702211 0.647828 0.174408
80.252227 0.74278438 5.714611 0.647673 0.172595
82.233763 0.74463463 5.713444 0.645682 0.173051
84.215299 0.74325000 5.704189 0.646178 0.174186
86.196836 0.73893683 5.700506 0.647916 0.174060
88.178372 0.73919415 5.698687 0.643147 0.175646
90.159909 0.74415675 5.707415 0.645099 0.173912
92.141445 0.74253931 5.701843 0.647432 0.174782
94.122982 0.74041948 5.703604 0.646084 0.174129
96.104518 0.73963527 5.701302 0.646570 0.174400
98.086055 0.74077483 5.704772 0.645039 0.174789
100.067591 0.74252706 5.704066 0.642317 0.174824
102.049128 0.73758897 5.687981 0.642940 0.177367
104.030664 0.73691503 5.680911 0.642718 0.177214
106.012200 0.73185441 5.675289 0.641754 0.178014
107.993737 0.73284693 5.674408 0.639590 0.178741
109.975273 0.74005188 5.685857 0.641280 0.177543
111.956810 0.73958626 5.697041 0.638591 0.176302
113.938346 0.74345831 5.703942 0.643439 0.175742
115.919883 0.74133848 5.697741 0.637292 0.176571
117.901419 0.73829966 5.685161 0.636307 0.179053
