# Layer profile at T = 0.420000
# input   = bicrystal_Sigma91_theta10.4174deg.dat
# seed    = 7000815
# n_samples = 1000
# Lx = 123.214246  Ly = 42.682667
# columns : x rho coord psi6 psi4
1.026785 0.68578109 5.629413 0.591286 0.190409
3.080356 0.67971163 5.620111 0.594062 0.191426
5.133927 0.68897555 5.641828 0.594315 0.189622
7.187498 0.69254649 5.658007 0.593725 0.189035
9.241068 0.68989966 5.658183 0.593592 0.188116
11.294639 0.68513079 5.666861 0.592916 0.186875
13.348210 0.68451472 5.671728 0.594598 0.186279
15.401781 0.69333370 5.679458 0.595930 0.185668
17.455352 0.69488529 5.679385 0.597164 0.185610
19.508922 0.70288284 5.695970 0.594883 0.184694
21.562493 0.70406935 5.700938 0.594301 0.184412
23.616064 0.70376131 5.693545 0.595444 0.184894
25.669635 0.69958570 5.697065 0.594986 0.184607
27.723205 0.69971120 5.699369 0.593737 0.184397
29.776776 0.70227817 5.699298 0.594944 0.183981
31.830347 0.70403512 5.703760 0.595403 0.183451
33.883918 0.69960852 5.685757 0.593646 0.186050
35.937488 0.69351624 5.667862 0.591433 0.187957
37.991059 0.69679055 5.686746 0.592833 0.185799
40.044630 0.70289424 5.698312 0.596302 0.183880
42.098201 0.69761198 5.687720 0.594954 0.185950
44.151772 0.69877568 5.686999 0.593571 0.185805
46.205342 0.70114870 5.696031 0.592331 0.185726
48.258913 0.70089771 5.686221 0.594938 0.185708
50.312484 0.69376723 5.658099 0.592659 0.188733
52.366055 0.69122307 5.655619 0.592348 0.189148
54.419625 0.68946612 5.653037 0.589748 0.189407
56.473196 0.68275777 5.629175 0.588548 0.191689
58.526767 0.68173098 5.616434 0.588430 0.192844
60.580338 0.67550179 5.590282 0.586686 0.195175
62.633908 0.66218776 5.572706 0.590541 0.196384
64.687479 0.64701409 5.557078 0.593506 0.196512
66.741050 0.63343766 5.528745 0.596060 0.198381
68.794621 0.62817822 5.510579 0.597659 0.199099
70.848192 0.65461233 5.527049 0.593868 0.198364
72.901762 0.67935795 5.608293 0.593792 0.190944
74.955333 0.68969430 5.646866 0.594363 0.189092
77.008904 0.69619730 5.682005 0.594641 0.186283
79.062475 0.69802270 5.686498 0.593620 0.185251
81.116045 0.69324243 5.669755 0.594122 0.187495
83.169616 0.68537038 5.651496 0.596280 0.188479
85.223187 0.68911245 5.648671 0.597682 0.187377
87.276758 0.68875878 5.651124 0.594291 0.188201
89.330329 0.69223845 5.669457 0.593302 0.186902
91.383899 0.69636843 5.693388 0.597522 0.184181
93.437470 0.70055545 5.698428 0.595001 0.184261
95.491041 0.70599743 5.713519 0.596093 0.183454
97.544612 0.70992205 5.725758 0.595528 0.182649
99.598182 0.70397808 5.708921 0.595137 0.183603
101.651753 0.70484514 5.706058 0.594607 0.184306
103.705324 0.70297411 5.715403 0.594858 0.183796
105.758895 0.70449147 5.713409 0.594681 0.183169
107.812465 0.70093194 5.680475 0.595081 0.185023
109.866036 0.68887287 5.656067 0.598152 0.187397
111.919607 0.68020220 5.625652 0.595531 0.190604
113.973178 0.68408118 5.634846 0.593162 0.188897
116.026749 0.69128012 5.661754 0.592549 0.187928
118.080319 0.68802862 5.651268 0.590892 0.188783
120.133890 0.68692197 5.637303 0.593885 0.190870
122.187461 0.68734409 5.635169 0.590546 0.191803
