# Layer profile at T = 0.380000
# input   = perfect_Sigma91_theta10.4174deg.dat
# seed    = 5000032
# n_samples = 1000
# Lx = 111.597780  Ly = 38.658605
# columns : x rho coord psi6 psi4
0.929981 0.84356029 5.988179 0.855422 0.096207
2.789944 0.84490932 5.988972 0.855285 0.095807
4.649907 0.84308743 5.989492 0.856039 0.095394
6.509870 0.84356029 5.988806 0.856490 0.095651
8.369833 0.84315697 5.988767 0.855335 0.095803
10.229796 0.84440865 5.988965 0.854877 0.095957
12.089759 0.84385235 5.988678 0.856563 0.095666
13.949722 0.84324042 5.988801 0.855867 0.095670
15.809685 0.84483978 5.987785 0.855612 0.095843
17.669648 0.84285100 5.989143 0.856521 0.095713
19.529611 0.84368546 5.989071 0.854308 0.095972
21.389574 0.84324042 5.988339 0.856548 0.095914
23.249537 0.84481196 5.988493 0.857112 0.095759
25.109500 0.84368546 5.987554 0.857444 0.095669
26.969463 0.84418613 5.989885 0.857040 0.095105
28.829426 0.84325432 5.989890 0.856170 0.095701
30.689389 0.84521528 5.988893 0.855305 0.096147
32.549352 0.84304571 5.988815 0.855944 0.095585
34.409315 0.84421394 5.988831 0.855963 0.095878
36.269278 0.84461726 5.989478 0.856892 0.095477
38.129241 0.84404705 5.989932 0.857648 0.094883
39.989204 0.84314306 5.988404 0.856676 0.095547
41.849167 0.84509011 5.988661 0.855546 0.095821
43.709130 0.84342121 5.987616 0.856038 0.096273
45.569093 0.84365764 5.989499 0.857136 0.095275
47.429056 0.84364373 5.989483 0.856724 0.095686
49.289019 0.84369936 5.987719 0.856097 0.095502
51.148982 0.84362983 5.988708 0.856186 0.095682
53.008945 0.84401924 5.988185 0.856292 0.095854
54.868908 0.84383844 5.988282 0.856363 0.095665
56.728871 0.84344903 5.988029 0.856071 0.095654
58.588834 0.84497885 5.988462 0.856074 0.095933
60.448797 0.84433911 5.988305 0.856155 0.095807
62.308760 0.84214172 5.988902 0.855695 0.095808
64.168723 0.84477024 5.989134 0.856268 0.095231
66.028686 0.84492322 5.989284 0.857079 0.095588
67.888649 0.84406096 5.989290 0.856725 0.095312
69.748612 0.84342121 5.987963 0.856193 0.095900
71.608575 0.84422785 5.988155 0.856019 0.095581
73.468538 0.84312916 5.988173 0.855624 0.095545
75.328501 0.84290663 5.987576 0.854947 0.096260
77.188464 0.84399142 5.987872 0.855093 0.096324
79.048427 0.84332386 5.988143 0.855588 0.095952
80.908390 0.84353247 5.987585 0.855380 0.095892
82.768353 0.84330995 5.988143 0.854951 0.096018
84.628316 0.84382453 5.988793 0.855731 0.096236
86.488279 0.84264239 5.987423 0.854024 0.096474
88.348242 0.84449209 5.988340 0.854756 0.095859
90.208205 0.84286491 5.989951 0.855836 0.096123
92.068168 0.84283710 5.989043 0.854763 0.095570
93.928131 0.84300399 5.988204 0.855088 0.096339
95.788094 0.84303180 5.988419 0.856129 0.096128
97.648057 0.84425566 5.987695 0.855954 0.096016
99.508020 0.84315697 5.989097 0.855811 0.095912
101.367983 0.84449209 5.988110 0.856378 0.095684
103.227946 0.84250332 5.988808 0.856616 0.095623
105.087909 0.84407487 5.989257 0.857343 0.095544
106.947872 0.84400533 5.988927 0.856156 0.095657
108.807835 0.84262848 5.989569 0.856322 0.095271
110.667798 0.84342121 5.989348 0.856094 0.095745
