# Layer profile at T = 0.440000
# input   = perfect_Sigma91_theta10.4174deg.dat
# seed    = 8000041
# n_samples = 1000
# Lx = 144.507984  Ly = 50.059034
# columns : x rho coord psi6 psi4
1.204233 0.56029295 6.202422 0.472622 0.175735
3.612700 0.54956849 6.177938 0.473068 0.176034
6.021166 0.53845420 6.108736 0.478143 0.180389
8.429632 0.52800345 6.069574 0.481930 0.180291
10.838099 0.53177733 6.091930 0.483961 0.179106
13.246565 0.54176360 6.097140 0.480215 0.179573
15.655032 0.53965686 6.159320 0.475795 0.176877
18.063498 0.55183282 6.220300 0.472137 0.175044
20.471964 0.56552662 6.270889 0.470189 0.171778
22.880431 0.57055293 6.268851 0.472056 0.171203
25.288897 0.55982847 6.227050 0.472206 0.174283
27.697364 0.54113324 6.163836 0.478250 0.176517
30.105830 0.52690031 6.087413 0.482323 0.179493
32.514296 0.51105830 6.008050 0.488488 0.181535
34.922763 0.49863352 5.989338 0.493690 0.183947
37.331229 0.50473808 5.987495 0.492551 0.183429
39.739696 0.51279180 5.991072 0.491155 0.183316
42.148162 0.50815531 5.985163 0.489854 0.183653
44.556628 0.50560898 5.964747 0.490726 0.185501
46.965095 0.49582177 5.972331 0.489666 0.186217
49.373561 0.48873848 6.020806 0.484873 0.184913
51.782028 0.49375650 6.020595 0.483417 0.184634
54.190494 0.49694149 6.038021 0.484123 0.184261
56.598960 0.51314016 6.074385 0.480286 0.182498
59.007427 0.52394756 6.107915 0.481480 0.180219
61.415893 0.54409428 6.141283 0.476133 0.178896
63.824359 0.55566476 6.219870 0.472931 0.175309
66.232826 0.55706649 6.285753 0.470204 0.170666
68.641292 0.56439031 6.304059 0.470246 0.169492
71.049759 0.56619845 6.252520 0.471479 0.172227
73.458225 0.54810040 6.155156 0.477115 0.176556
75.866691 0.51350510 5.995817 0.487620 0.184367
78.275158 0.46377280 5.801627 0.498880 0.195970
80.683624 0.43144183 5.785397 0.500247 0.196620
83.092091 0.42784212 5.836981 0.496503 0.194658
85.500557 0.43373104 5.830283 0.498870 0.195723
87.909023 0.43783669 5.857202 0.494515 0.193437
90.317490 0.44011761 5.857811 0.495264 0.193868
92.725956 0.44775661 5.836155 0.497448 0.193959
95.134423 0.46896500 5.904936 0.493221 0.191104
97.542889 0.49451128 5.964526 0.488543 0.186536
99.951355 0.50078173 6.009904 0.487812 0.185055
102.359822 0.49718202 6.025074 0.487678 0.183218
104.768288 0.50833779 6.032519 0.489366 0.182799
107.176755 0.51507271 6.055636 0.486069 0.181535
109.585221 0.51890466 6.079585 0.483507 0.180008
111.993687 0.52149246 6.020183 0.485439 0.183635
114.402154 0.50286358 5.915518 0.487448 0.189458
116.810620 0.45142267 5.766968 0.497516 0.198128
119.219087 0.41152734 5.698142 0.505133 0.202287
121.627553 0.40675815 5.732122 0.506130 0.199907
124.036019 0.42498061 5.806296 0.501843 0.196680
126.444486 0.43999319 5.853039 0.497095 0.194510
128.852952 0.45218574 5.893576 0.494201 0.191449
131.261419 0.45960079 5.896593 0.492305 0.191334
133.669885 0.47224952 5.873703 0.492047 0.192668
136.078351 0.47752466 5.912598 0.488370 0.192466
138.486818 0.49466887 5.949195 0.484860 0.189338
140.895284 0.52389779 6.062266 0.479325 0.182339
143.303751 0.55799544 6.180037 0.472136 0.177295
