# Layer profile at T = 0.340000
# input   = perfect_Sigma91_theta10.4174deg.dat
# seed    = 3000026
# n_samples = 1000
# Lx = 110.621955  Ly = 38.320569
# columns : x rho coord psi6 psi4
0.921850 0.85714967 5.996285 0.887650 0.083907
2.765549 0.86075893 5.995840 0.887620 0.084086
4.609248 0.85789983 5.996502 0.887576 0.084473
6.452947 0.85792814 5.997212 0.887853 0.084447
8.296647 0.85884814 5.996753 0.888033 0.084042
10.140346 0.86022108 5.996709 0.887259 0.084163
11.984045 0.85753183 5.996798 0.888138 0.083941
13.827744 0.86015031 5.996676 0.888393 0.084196
15.671444 0.85784321 5.997146 0.887725 0.084354
17.515143 0.85778660 5.997459 0.887934 0.084210
19.358842 0.85842353 5.997131 0.887690 0.084239
21.202541 0.85867830 5.997132 0.887980 0.084044
23.046241 0.85906045 5.997100 0.888394 0.084043
24.889940 0.85927276 5.997167 0.888446 0.083701
26.733639 0.85869245 5.997165 0.887795 0.084028
28.577338 0.85971154 5.996592 0.886600 0.084284
30.421038 0.85747521 5.997293 0.887705 0.083995
32.264737 0.85864999 5.996934 0.887635 0.084173
34.108436 0.85959830 5.996740 0.887174 0.084124
35.952135 0.85849430 5.996719 0.888400 0.084138
37.795835 0.85751767 5.997359 0.888761 0.083713
39.639534 0.85872076 5.997198 0.888132 0.084038
41.483233 0.85886230 5.996885 0.887487 0.084220
43.326932 0.85973984 5.997218 0.888484 0.083827
45.170632 0.85971154 5.996691 0.887775 0.084098
47.014331 0.85690905 5.996317 0.888330 0.084184
48.858030 0.85986723 5.997119 0.888386 0.084068
50.701729 0.85821122 5.997064 0.888410 0.083746
52.545429 0.86005123 5.996577 0.887729 0.084162
54.389128 0.85789983 5.996915 0.888233 0.084167
56.232827 0.85958415 5.997349 0.888693 0.084135
58.076527 0.85944261 5.997118 0.888519 0.083817
59.920226 0.85855091 5.997000 0.888120 0.084141
61.763925 0.85860753 5.996967 0.887618 0.084399
63.607624 0.85889061 5.997083 0.887897 0.084414
65.451324 0.85741859 5.996913 0.887732 0.084629
67.295023 0.85989554 5.996856 0.888454 0.084152
69.138722 0.85782906 5.996931 0.888644 0.083963
70.982421 0.86061739 5.996645 0.888387 0.083757
72.826121 0.85846599 5.996933 0.888581 0.083754
74.669820 0.85843768 5.996636 0.887933 0.084256
76.513519 0.85884814 5.996902 0.887924 0.084402
78.357218 0.85798475 5.996503 0.886522 0.084279
80.200918 0.85806968 5.996355 0.887237 0.084176
82.044617 0.85921615 5.996475 0.887265 0.084645
83.888316 0.85828199 5.997065 0.887144 0.084453
85.732015 0.85723459 5.997457 0.886925 0.084512
87.575715 0.85852260 5.997313 0.887378 0.084322
89.419414 0.85763090 5.996617 0.887221 0.084208
91.263113 0.85918784 5.996936 0.887387 0.084418
93.106812 0.85879153 5.997017 0.886918 0.084278
94.950512 0.85840937 5.996851 0.887438 0.084459
96.794211 0.85816875 5.996602 0.887550 0.084486
98.637910 0.85889061 5.996902 0.888388 0.083905
100.481609 0.85829614 5.996751 0.887348 0.084525
102.325309 0.85746106 5.996913 0.888181 0.084449
104.169008 0.85924446 5.997480 0.888756 0.083780
106.012707 0.85883399 5.997413 0.888571 0.083860
107.856406 0.85948507 5.997283 0.888686 0.084174
109.700106 0.85845183 5.996834 0.888078 0.084375
