# Layer profile at T = 0.280000
# input   = bicrystal_Sigma91_theta10.4174deg.dat
# seed    = 794
# n_samples = 1000
# Lx = 109.544839  Ly = 37.947445
# columns : x rho coord psi6 psi4
0.912874 0.87430516 5.998448 0.919193 0.072112
2.738621 0.87569079 5.999473 0.920111 0.071238
4.564368 0.87664341 5.999654 0.920676 0.070783
6.390116 0.87483920 5.999736 0.920805 0.070732
8.215863 0.87681662 5.999638 0.920798 0.070852
10.041610 0.87551758 5.999819 0.920447 0.070861
11.867358 0.87547428 5.999736 0.921172 0.070788
13.693105 0.87619597 5.999802 0.920627 0.070953
15.518852 0.87560419 5.999654 0.921928 0.070416
17.344599 0.87660011 5.999753 0.920438 0.071087
19.170347 0.87599390 5.999670 0.921363 0.070703
20.996094 0.87632587 5.999769 0.920518 0.070795
22.821841 0.87489694 5.999835 0.921006 0.070745
24.647589 0.87634030 5.999786 0.921040 0.070671
26.473336 0.87543098 5.999720 0.920581 0.071015
28.299083 0.87541655 5.999753 0.920036 0.071062
30.124831 0.87602276 5.999654 0.920653 0.070818
31.950578 0.87661454 5.999572 0.920626 0.070824
33.776325 0.87550315 5.999885 0.921226 0.070580
35.602073 0.87670115 5.999770 0.921449 0.070889
37.427820 0.87531551 5.999786 0.920476 0.070755
39.253567 0.87515674 5.999538 0.920614 0.070907
41.079315 0.87459383 5.997541 0.918195 0.072649
42.905062 0.86909460 5.981798 0.908459 0.078671
44.730809 0.86382631 5.947935 0.889615 0.090745
46.556556 0.85710022 5.904988 0.867664 0.104792
48.382304 0.84903180 5.887646 0.858295 0.110643
50.208051 0.85611873 5.926796 0.878164 0.098211
52.033798 0.87086994 5.970034 0.901498 0.083042
53.859546 0.87443506 5.992787 0.915628 0.074119
55.685293 0.87520004 5.998763 0.920205 0.071343
57.511040 0.87660011 5.999523 0.920138 0.070968
59.336788 0.87527221 5.999604 0.921114 0.070905
61.162535 0.87566192 5.999769 0.921008 0.070900
62.988282 0.87644134 5.999720 0.920408 0.070838
64.814030 0.87548872 5.999736 0.921083 0.070594
66.639777 0.87531551 5.999555 0.920429 0.070902
68.465524 0.87446393 5.999620 0.920049 0.071189
70.291272 0.87771150 5.999786 0.920646 0.070989
72.117019 0.87525778 5.999786 0.920413 0.071121
73.942766 0.87504127 5.999654 0.920734 0.070963
75.768513 0.87558975 5.999753 0.920597 0.070986
77.594261 0.87530108 5.999736 0.920381 0.071003
79.420008 0.87589286 5.999786 0.920592 0.071063
81.245755 0.87645577 5.999753 0.919818 0.071185
83.071503 0.87589286 5.999753 0.920594 0.070869
84.897250 0.87596503 5.999753 0.921442 0.070325
86.722997 0.87517118 5.999720 0.920782 0.070627
88.548745 0.87545985 5.999637 0.920856 0.071098
90.374492 0.87586399 5.999687 0.921002 0.070997
92.200239 0.87610937 5.999786 0.920959 0.070796
94.025987 0.87544542 5.999308 0.920603 0.071092
95.851734 0.87397318 5.994715 0.917167 0.073414
97.677481 0.86900800 5.977777 0.906734 0.080036
99.503229 0.86326340 5.950543 0.890411 0.090034
101.328976 0.85935187 5.913198 0.870792 0.102761
103.154723 0.84904623 5.886475 0.860110 0.110349
104.980470 0.85483413 5.919358 0.875754 0.099895
106.806218 0.87229888 5.973591 0.903396 0.081856
108.631965 0.87550315 5.994312 0.916236 0.074052
