# Layer profile at T = 0.320000
# input   = bicrystal_Sigma91_theta10.4174deg.dat
# seed    = 2000800
# n_samples = 1000
# Lx = 110.334720  Ly = 38.221068
# columns : x rho coord psi6 psi4
0.919456 0.83188232 5.847150 0.818835 0.126574
2.758368 0.84040475 5.907733 0.851056 0.108143
4.597280 0.85699430 5.964190 0.879081 0.091788
6.436192 0.86395167 5.988390 0.894080 0.083482
8.275104 0.86267118 5.993320 0.897614 0.081128
10.114016 0.86181751 5.987717 0.898125 0.081414
11.952928 0.86103498 5.977775 0.897607 0.082569
13.791840 0.86247199 5.978950 0.898077 0.082683
15.630752 0.86250044 5.988552 0.898302 0.080982
17.469664 0.86289882 5.993504 0.899636 0.079935
19.308576 0.86584396 5.997683 0.899298 0.079773
21.147488 0.86328297 5.998682 0.899630 0.079688
22.986400 0.86497607 5.998602 0.899979 0.079502
24.825312 0.86398013 5.998699 0.900225 0.079308
26.664224 0.86571591 5.999030 0.900537 0.079143
28.503136 0.86325451 5.998764 0.900296 0.079312
30.342048 0.86399436 5.998501 0.900343 0.079712
32.180960 0.86415086 5.998535 0.899806 0.079354
34.019872 0.86486225 5.998026 0.899627 0.079673
35.858784 0.86343947 5.993359 0.897999 0.080777
37.697696 0.86301264 5.985575 0.895244 0.083114
39.536608 0.85894350 5.982591 0.891878 0.084931
41.375520 0.85881545 5.971257 0.884306 0.088918
43.214432 0.85511624 5.941183 0.869126 0.097081
45.053344 0.84757553 5.924428 0.858830 0.103309
46.892256 0.84768935 5.936086 0.864604 0.099953
48.731168 0.85624023 5.956265 0.876068 0.093725
50.570080 0.85524429 5.962420 0.879178 0.091837
52.408992 0.85380729 5.948742 0.871786 0.096275
54.247904 0.85264061 5.942798 0.869755 0.096966
56.086816 0.85628292 5.956483 0.877012 0.092818
57.925728 0.85948416 5.982254 0.889912 0.085606
59.764640 0.86277077 5.991903 0.896713 0.081659
61.603552 0.86309801 5.983103 0.898331 0.081757
63.442464 0.86048010 5.977678 0.897241 0.082462
65.281376 0.86230125 5.983599 0.897573 0.081915
67.120288 0.86205938 5.987358 0.897464 0.081320
68.959200 0.86306955 5.992384 0.898532 0.080772
70.798112 0.86370980 5.996574 0.899740 0.079691
72.637024 0.86358175 5.998682 0.899461 0.079395
74.475936 0.86560209 5.998356 0.899778 0.079514
76.314848 0.86383785 5.998699 0.900005 0.078879
78.153760 0.86427891 5.998700 0.901001 0.079564
79.992672 0.86331142 5.998599 0.899482 0.079539
81.831584 0.86496184 5.998487 0.899253 0.079792
83.670496 0.86450655 5.998519 0.899515 0.079344
85.509408 0.86420777 5.998535 0.900101 0.079563
87.348320 0.86407972 5.998650 0.899943 0.079685
89.187232 0.86435005 5.998733 0.900192 0.079636
91.026144 0.86493339 5.998421 0.899570 0.079673
92.865056 0.86419354 5.998370 0.899312 0.079888
94.703968 0.86483379 5.998783 0.899883 0.079482
96.542880 0.86415086 5.998255 0.899843 0.079487
98.381792 0.86339679 5.998187 0.899497 0.079710
100.220704 0.86419354 5.998650 0.899499 0.080008
102.059616 0.86471997 5.997943 0.899824 0.079944
103.898528 0.86264272 5.995382 0.896814 0.081370
105.737440 0.85892928 5.980520 0.888091 0.086583
107.576352 0.85150239 5.932228 0.863661 0.101368
109.415264 0.83959376 5.869651 0.829706 0.120455
