# Density profile (accumulated) at T = 0.360000
# columns : x rho
0.928336 0.82316198
2.785008 0.83104760
4.641679 0.83946359
6.498351 0.84517195
8.355023 0.84804707
10.211694 0.84857743
12.068366 0.84986146
13.925038 0.85041973
15.781709 0.85082448
17.638381 0.85131297
19.495053 0.84987542
21.351724 0.85039182
23.208396 0.85142463
25.065068 0.85118736
26.921739 0.84931714
28.778411 0.85069887
30.635083 0.85048952
32.491755 0.85142463
34.348426 0.84941484
36.205098 0.84782376
38.061770 0.85148046
39.918441 0.84847973
41.775113 0.84821455
43.631785 0.84694447
45.488456 0.84429267
47.345128 0.84060806
49.201800 0.83551380
51.058471 0.83704906
52.915143 0.83385293
54.771815 0.82885638
56.628487 0.83231768
58.485158 0.83115926
60.341830 0.83212228
62.198502 0.83635121
64.055173 0.84150130
65.911845 0.84430663
67.768517 0.84533943
69.625188 0.84907987
71.481860 0.84916362
73.338532 0.85026621
75.195203 0.84962419
77.051875 0.84977772
78.908547 0.85058722
80.765218 0.85064304
82.621890 0.84866117
84.478562 0.84835412
86.335234 0.84718174
88.191905 0.84694447
90.048577 0.84757253
91.905249 0.84725153
93.761920 0.84549296
95.618592 0.84670721
97.475264 0.84563253
99.331935 0.84411123
101.188607 0.84641411
103.045279 0.84260389
104.901950 0.83933798
106.758622 0.83268056
108.615294 0.82151507
110.471966 0.81757923
