# Density profile (accumulated) at T = 0.380000
# columns : x rho
0.929981 0.84356029
2.789944 0.84490932
4.649907 0.84308743
6.509870 0.84356029
8.369833 0.84315697
10.229796 0.84440865
12.089759 0.84385235
13.949722 0.84324042
15.809685 0.84483978
17.669648 0.84285100
19.529611 0.84368546
21.389574 0.84324042
23.249537 0.84481196
25.109500 0.84368546
26.969463 0.84418613
28.829426 0.84325432
30.689389 0.84521528
32.549352 0.84304571
34.409315 0.84421394
36.269278 0.84461726
38.129241 0.84404705
39.989204 0.84314306
41.849167 0.84509011
43.709130 0.84342121
45.569093 0.84365764
47.429056 0.84364373
49.289019 0.84369936
51.148982 0.84362983
53.008945 0.84401924
54.868908 0.84383844
56.728871 0.84344903
58.588834 0.84497885
60.448797 0.84433911
62.308760 0.84214172
64.168723 0.84477024
66.028686 0.84492322
67.888649 0.84406096
69.748612 0.84342121
71.608575 0.84422785
73.468538 0.84312916
75.328501 0.84290663
77.188464 0.84399142
79.048427 0.84332386
80.908390 0.84353247
82.768353 0.84330995
84.628316 0.84382453
86.488279 0.84264239
88.348242 0.84449209
90.208205 0.84286491
92.068168 0.84283710
93.928131 0.84300399
95.788094 0.84303180
97.648057 0.84425566
99.508020 0.84315697
101.367983 0.84449209
103.227946 0.84250332
105.087909 0.84407487
106.947872 0.84400533
108.807835 0.84262848
110.667798 0.84342121
