# Density profile (accumulated) at T = 0.420000
# columns : x rho
1.024841 0.70749945
3.074523 0.70678942
5.124205 0.70735058
7.173886 0.70528920
9.223568 0.69927684
11.273250 0.69781097
13.322932 0.69941427
15.372614 0.70328508
17.422295 0.70957228
19.471977 0.70290716
21.521659 0.70309039
23.571341 0.70071981
25.621023 0.69673448
27.670704 0.69096262
29.720386 0.69183298
31.770068 0.70173905
33.819750 0.70838126
35.869432 0.70623972
37.919113 0.69884166
39.968795 0.68612983
42.018477 0.68026635
44.068159 0.67776979
46.117841 0.67910969
48.167522 0.69030985
50.217204 0.69587557
52.266886 0.70336524
54.316568 0.70641150
56.366250 0.70044496
58.415931 0.70396075
60.465613 0.69861262
62.515295 0.68938223
64.564977 0.68345004
66.614659 0.67554809
68.664341 0.67488386
70.714022 0.68026635
72.763704 0.68609547
74.813386 0.69045872
76.863068 0.68916464
78.912750 0.69476471
80.962431 0.69383709
83.012113 0.68869510
85.061795 0.69474181
87.111477 0.69976928
89.161159 0.70540372
91.210840 0.71166802
93.260522 0.70389204
95.310204 0.69434099
97.359886 0.69589847
99.409568 0.69516554
101.459249 0.69380274
103.508931 0.69408904
105.558613 0.69592138
107.608295 0.69286367
109.657977 0.68606112
111.707658 0.66992510
113.757340 0.67178034
115.807022 0.68473267
117.856704 0.69099697
119.906386 0.69576105
121.956067 0.70230020
