# Density profile (accumulated) at T = 0.300000
# columns : x rho
0.914935 0.87199387
2.744805 0.87183581
4.574674 0.87215193
6.404544 0.87186455
8.234414 0.87052826
10.064284 0.87149097
11.894153 0.87169213
13.724023 0.87288473
15.553893 0.87120359
17.383763 0.87195076
19.213633 0.87179271
21.043502 0.87225251
22.873372 0.87124670
24.703242 0.87269794
26.533112 0.87149097
28.362981 0.87095932
30.192851 0.87164902
32.022721 0.87045642
33.852591 0.87338763
35.682460 0.87110301
37.512330 0.87055700
39.342200 0.87242493
41.172070 0.87128980
43.001940 0.87117485
44.831809 0.87264046
46.661679 0.87284162
48.491549 0.87143349
50.321419 0.87094495
52.151288 0.87153407
53.981158 0.87206571
55.811028 0.87153407
57.640898 0.87113175
59.470767 0.87180708
61.300637 0.87202261
63.130507 0.87091622
64.960377 0.87251114
66.790247 0.87150533
68.620116 0.87213756
70.449986 0.87094495
72.279856 0.87101680
74.109726 0.87216629
75.939595 0.87093059
77.769465 0.87314337
79.599335 0.87094495
81.429205 0.87133291
83.259074 0.87220940
85.088944 0.87172086
86.918814 0.87116048
88.748684 0.87239619
90.578553 0.87143349
92.408423 0.87179271
94.238293 0.87180708
96.068163 0.87289910
97.898033 0.87058574
99.727902 0.87156281
101.557772 0.87218066
103.387642 0.87146223
105.217512 0.87163465
107.047381 0.87256862
108.877251 0.87110301
