# Density profile (accumulated) at T = 0.400000
# columns : x rho
0.990560 0.74956900
2.971680 0.74776701
4.952801 0.74985095
6.933921 0.74893156
8.915041 0.74893156
10.896161 0.74944642
12.877281 0.74964255
14.858402 0.74944642
16.839522 0.74920125
18.820642 0.74809799
20.801762 0.74471465
22.782883 0.74261845
24.764003 0.74431012
26.745123 0.74837993
28.726243 0.74905415
30.707363 0.74817154
32.688484 0.74630825
34.669604 0.74543790
36.650724 0.74421205
38.631844 0.74521724
40.612965 0.74019127
42.594085 0.73901445
44.575205 0.74242231
46.556325 0.74147841
48.537445 0.74115969
50.518566 0.74222618
52.499686 0.74406495
54.480806 0.74172358
56.461926 0.74453077
58.443047 0.74293717
60.424167 0.74435915
62.405287 0.74274103
64.386407 0.74191971
66.367527 0.74256941
68.348648 0.74218940
70.329768 0.74266748
72.310888 0.74081645
74.292008 0.73990932
76.273129 0.74059580
78.254249 0.74103710
80.235369 0.73729827
82.216489 0.73810733
84.197610 0.73669760
86.178730 0.73853637
88.159850 0.73598661
90.140970 0.73587629
92.122090 0.73766602
94.103211 0.73902671
96.084331 0.73629307
98.065451 0.73784990
100.046571 0.73503045
102.027692 0.74058354
104.008812 0.74391785
105.989932 0.74565855
107.971052 0.74494756
109.952172 0.74709279
111.933293 0.74929932
113.914413 0.75154262
115.895533 0.75086840
117.876653 0.75070904
