# Density profile (accumulated) at T = 0.280000
# columns : x rho
0.912874 0.87430516
2.738621 0.87569079
4.564368 0.87664341
6.390116 0.87483920
8.215863 0.87681662
10.041610 0.87551758
11.867358 0.87547428
13.693105 0.87619597
15.518852 0.87560419
17.344599 0.87660011
19.170347 0.87599390
20.996094 0.87632587
22.821841 0.87489694
24.647589 0.87634030
26.473336 0.87543098
28.299083 0.87541655
30.124831 0.87602276
31.950578 0.87661454
33.776325 0.87550315
35.602073 0.87670115
37.427820 0.87531551
39.253567 0.87515674
41.079315 0.87459383
42.905062 0.86909460
44.730809 0.86382631
46.556556 0.85710022
48.382304 0.84903180
50.208051 0.85611873
52.033798 0.87086994
53.859546 0.87443506
55.685293 0.87520004
57.511040 0.87660011
59.336788 0.87527221
61.162535 0.87566192
62.988282 0.87644134
64.814030 0.87548872
66.639777 0.87531551
68.465524 0.87446393
70.291272 0.87771150
72.117019 0.87525778
73.942766 0.87504127
75.768513 0.87558975
77.594261 0.87530108
79.420008 0.87589286
81.245755 0.87645577
83.071503 0.87589286
84.897250 0.87596503
86.722997 0.87517118
88.548745 0.87545985
90.374492 0.87586399
92.200239 0.87610937
94.025987 0.87544542
95.851734 0.87397318
97.677481 0.86900800
99.503229 0.86326340
101.328976 0.85935187
103.154723 0.84904623
104.980470 0.85483413
106.806218 0.87229888
108.631965 0.87550315
