# Density profile (accumulated) at T = 0.340000
# columns : x rho
0.922961 0.84626184
2.768883 0.85299703
4.614805 0.85490321
6.460727 0.85751539
8.306648 0.85768483
10.152570 0.85905446
11.998492 0.85820727
13.844414 0.85760011
15.690336 0.85892738
17.536258 0.85926626
19.382180 0.85757187
21.228102 0.85961926
23.074023 0.85750127
24.919945 0.85983106
26.765867 0.85778367
28.611789 0.85974634
30.457711 0.85587749
32.303633 0.85747303
34.149555 0.85925214
35.995477 0.85041309
37.841398 0.84970709
39.687320 0.84775855
41.533242 0.84527344
43.379164 0.84668543
45.225086 0.84780091
47.071008 0.84870458
48.916930 0.84928349
50.762852 0.84901522
52.608773 0.85241811
54.454695 0.84662895
56.300617 0.84739143
58.146539 0.84974945
59.992461 0.85570805
61.838383 0.85301115
63.684305 0.85457846
65.530227 0.85418310
67.376149 0.85414074
69.222070 0.85976046
71.067992 0.85826375
72.913914 0.85901210
74.759836 0.85875794
76.605758 0.85870147
78.451680 0.85950630
80.297602 0.85920978
82.143524 0.85765659
83.989445 0.85919566
85.835367 0.86012757
87.681289 0.85832023
89.527211 0.86072061
91.373133 0.85685176
93.219055 0.85774131
95.064977 0.85567981
96.910899 0.84795622
98.756820 0.84324018
100.602742 0.84315546
102.448664 0.84057152
104.294586 0.84205411
106.140508 0.84417209
107.986430 0.84756087
109.832352 0.84924114
