# Density profile (accumulated) at T = 0.340000
# columns : x rho
0.921850 0.85714967
2.765549 0.86075893
4.609248 0.85789983
6.452947 0.85792814
8.296647 0.85884814
10.140346 0.86022108
11.984045 0.85753183
13.827744 0.86015031
15.671444 0.85784321
17.515143 0.85778660
19.358842 0.85842353
21.202541 0.85867830
23.046241 0.85906045
24.889940 0.85927276
26.733639 0.85869245
28.577338 0.85971154
30.421038 0.85747521
32.264737 0.85864999
34.108436 0.85959830
35.952135 0.85849430
37.795835 0.85751767
39.639534 0.85872076
41.483233 0.85886230
43.326932 0.85973984
45.170632 0.85971154
47.014331 0.85690905
48.858030 0.85986723
50.701729 0.85821122
52.545429 0.86005123
54.389128 0.85789983
56.232827 0.85958415
58.076527 0.85944261
59.920226 0.85855091
61.763925 0.85860753
63.607624 0.85889061
65.451324 0.85741859
67.295023 0.85989554
69.138722 0.85782906
70.982421 0.86061739
72.826121 0.85846599
74.669820 0.85843768
76.513519 0.85884814
78.357218 0.85798475
80.200918 0.85806968
82.044617 0.85921615
83.888316 0.85828199
85.732015 0.85723459
87.575715 0.85852260
89.419414 0.85763090
91.263113 0.85918784
93.106812 0.85879153
94.950512 0.85840937
96.794211 0.85816875
98.637910 0.85889061
100.481609 0.85829614
102.325309 0.85746106
104.169008 0.85924446
106.012707 0.85883399
107.856406 0.85948507
109.700106 0.85845183
