# Density profile (accumulated) at T = 0.380000
# columns : x rho
0.934907 0.83598800
2.804722 0.83838247
4.674537 0.84036411
6.544352 0.84123107
8.414167 0.84017145
10.283982 0.84233198
12.153797 0.84096961
14.023611 0.84143749
15.893426 0.84118979
17.763241 0.84109346
19.633056 0.84240079
21.502871 0.84103841
23.372686 0.84120355
25.242501 0.84193290
27.112316 0.84101089
28.982130 0.84179529
30.851945 0.83927696
32.721760 0.84149254
34.591575 0.83975861
36.461390 0.83579534
38.331205 0.83357976
40.201020 0.82987796
42.070834 0.82868073
43.940649 0.82757982
45.810464 0.82697432
47.680279 0.82788257
49.550094 0.82824036
51.419909 0.82991925
53.289724 0.82724955
55.159539 0.82376793
57.029353 0.82338261
58.899168 0.82145602
60.768983 0.82054777
62.638798 0.82213033
64.508613 0.82539176
66.378428 0.82646515
68.248243 0.82474498
70.118057 0.82846054
71.987872 0.82522663
73.857687 0.82722202
75.727502 0.82899724
77.597317 0.82603855
79.467132 0.83229996
81.336947 0.83023576
83.206761 0.83538250
85.076576 0.83476324
86.946391 0.83231372
88.816206 0.83298803
90.686021 0.83163942
92.555836 0.82896971
94.425651 0.82495140
96.295466 0.82001108
98.165280 0.82474498
100.035095 0.82343765
101.904910 0.82473122
103.774725 0.82735964
105.644540 0.83085502
107.514355 0.83133667
109.384170 0.83307060
111.253984 0.83439168
