# Density profile (accumulated) at T = 0.280000
# columns : x rho
0.912663 0.87706240
2.737989 0.87563280
4.563315 0.87688911
6.388642 0.87522847
8.213968 0.87535844
10.039294 0.87704796
11.864620 0.87590717
13.689946 0.87683135
15.515273 0.87459310
17.340599 0.87710572
19.165925 0.87514183
20.991251 0.87652810
22.816577 0.87543064
24.641904 0.87686023
26.467230 0.87582053
28.292556 0.87548840
30.117882 0.87690355
31.943208 0.87629706
33.768535 0.87496855
35.593861 0.87654254
37.419187 0.87634038
39.244513 0.87560392
41.069839 0.87596493
42.895166 0.87595049
44.720492 0.87635482
46.545818 0.87586385
48.371144 0.87602269
50.196470 0.87528624
52.021797 0.87623930
53.847123 0.87632594
55.672449 0.87522847
57.497775 0.87566168
59.323101 0.87606601
61.148427 0.87524292
62.973754 0.87730788
64.799080 0.87544508
66.624406 0.87576277
68.449732 0.87563280
70.275058 0.87584941
72.100385 0.87587829
73.925711 0.87583497
75.751037 0.87613822
77.576363 0.87675915
79.401689 0.87485303
81.227016 0.87667251
83.052342 0.87625374
84.877668 0.87583497
86.702994 0.87618154
88.528320 0.87593605
90.353647 0.87690355
92.178973 0.87553172
94.004299 0.87642702
95.829625 0.87573389
97.654951 0.87592161
99.480278 0.87690355
101.305604 0.87654254
103.130930 0.87561836
104.956256 0.87635482
106.781582 0.87677359
108.606909 0.87596493
