# Density profile (accumulated) at T = 0.440000
# columns : x rho
1.204233 0.56029295
3.612700 0.54956849
6.021166 0.53845420
8.429632 0.52800345
10.838099 0.53177733
13.246565 0.54176360
15.655032 0.53965686
18.063498 0.55183282
20.471964 0.56552662
22.880431 0.57055293
25.288897 0.55982847
27.697364 0.54113324
30.105830 0.52690031
32.514296 0.51105830
34.922763 0.49863352
37.331229 0.50473808
39.739696 0.51279180
42.148162 0.50815531
44.556628 0.50560898
46.965095 0.49582177
49.373561 0.48873848
51.782028 0.49375650
54.190494 0.49694149
56.598960 0.51314016
59.007427 0.52394756
61.415893 0.54409428
63.824359 0.55566476
66.232826 0.55706649
68.641292 0.56439031
71.049759 0.56619845
73.458225 0.54810040
75.866691 0.51350510
78.275158 0.46377280
80.683624 0.43144183
83.092091 0.42784212
85.500557 0.43373104
87.909023 0.43783669
90.317490 0.44011761
92.725956 0.44775661
95.134423 0.46896500
97.542889 0.49451128
99.951355 0.50078173
102.359822 0.49718202
104.768288 0.50833779
107.176755 0.51507271
109.585221 0.51890466
111.993687 0.52149246
114.402154 0.50286358
116.810620 0.45142267
119.219087 0.41152734
121.627553 0.40675815
124.036019 0.42498061
126.444486 0.43999319
128.852952 0.45218574
131.261419 0.45960079
133.669885 0.47224952
136.078351 0.47752466
138.486818 0.49466887
140.895284 0.52389779
143.303751 0.55799544
