# Density profile (accumulated) at T = 0.440000
# columns : x rho
1.242517 0.45801727
3.727552 0.46299572
6.212587 0.47071660
8.697622 0.48442876
11.182657 0.48943837
13.667692 0.47029588
16.152726 0.43259524
18.637761 0.41162966
21.122796 0.41619518
23.607831 0.42752330
26.092866 0.45733945
28.577901 0.48026836
31.062935 0.49288199
33.547970 0.50914960
36.033005 0.51141678
38.518040 0.50487234
41.003075 0.49564000
43.488110 0.49967574
45.973144 0.50272981
48.458179 0.50248829
50.943214 0.51334895
53.428249 0.51755608
55.913284 0.51401118
58.398318 0.49795393
60.883353 0.46404750
63.368388 0.42994630
65.853423 0.40129879
68.338458 0.38998626
70.823493 0.39125619
73.308527 0.40560722
75.793562 0.42150085
78.278597 0.42507692
80.763632 0.42940093
83.248667 0.44337019
85.733702 0.47794664
88.218736 0.50362578
90.703771 0.49422983
93.188806 0.48068129
95.673841 0.46982063
98.158876 0.45681745
100.643911 0.46568361
103.128945 0.48180319
105.613980 0.50039251
108.099015 0.51655884
110.584050 0.51176737
113.069085 0.51793005
115.554120 0.52092180
118.039154 0.51593556
120.524189 0.50630588
123.009224 0.49784486
125.494259 0.46123495
127.979294 0.42656500
130.464329 0.42076071
132.949363 0.43025015
135.434398 0.44763966
137.919433 0.47592098
140.404468 0.48922022
142.889503 0.49793056
145.374538 0.49624770
147.859572 0.47705068
