# Density profile (accumulated) at T = 0.420000
# columns : x rho
1.026785 0.68578109
3.080356 0.67971163
5.133927 0.68897555
7.187498 0.69254649
9.241068 0.68989966
11.294639 0.68513079
13.348210 0.68451472
15.401781 0.69333370
17.455352 0.69488529
19.508922 0.70288284
21.562493 0.70406935
23.616064 0.70376131
25.669635 0.69958570
27.723205 0.69971120
29.776776 0.70227817
31.830347 0.70403512
33.883918 0.69960852
35.937488 0.69351624
37.991059 0.69679055
40.044630 0.70289424
42.098201 0.69761198
44.151772 0.69877568
46.205342 0.70114870
48.258913 0.70089771
50.312484 0.69376723
52.366055 0.69122307
54.419625 0.68946612
56.473196 0.68275777
58.526767 0.68173098
60.580338 0.67550179
62.633908 0.66218776
64.687479 0.64701409
66.741050 0.63343766
68.794621 0.62817822
70.848192 0.65461233
72.901762 0.67935795
74.955333 0.68969430
77.008904 0.69619730
79.062475 0.69802270
81.116045 0.69324243
83.169616 0.68537038
85.223187 0.68911245
87.276758 0.68875878
89.330329 0.69223845
91.383899 0.69636843
93.437470 0.70055545
95.491041 0.70599743
97.544612 0.70992205
99.598182 0.70397808
101.651753 0.70484514
103.705324 0.70297411
105.758895 0.70449147
107.812465 0.70093194
109.866036 0.68887287
111.919607 0.68020220
113.973178 0.68408118
116.026749 0.69128012
118.080319 0.68802862
120.133890 0.68692197
122.187461 0.68734409
