# Density profile (accumulated) at T = 0.320000
# columns : x rho
0.919456 0.83188232
2.758368 0.84040475
4.597280 0.85699430
6.436192 0.86395167
8.275104 0.86267118
10.114016 0.86181751
11.952928 0.86103498
13.791840 0.86247199
15.630752 0.86250044
17.469664 0.86289882
19.308576 0.86584396
21.147488 0.86328297
22.986400 0.86497607
24.825312 0.86398013
26.664224 0.86571591
28.503136 0.86325451
30.342048 0.86399436
32.180960 0.86415086
34.019872 0.86486225
35.858784 0.86343947
37.697696 0.86301264
39.536608 0.85894350
41.375520 0.85881545
43.214432 0.85511624
45.053344 0.84757553
46.892256 0.84768935
48.731168 0.85624023
50.570080 0.85524429
52.408992 0.85380729
54.247904 0.85264061
56.086816 0.85628292
57.925728 0.85948416
59.764640 0.86277077
61.603552 0.86309801
63.442464 0.86048010
65.281376 0.86230125
67.120288 0.86205938
68.959200 0.86306955
70.798112 0.86370980
72.637024 0.86358175
74.475936 0.86560209
76.314848 0.86383785
78.153760 0.86427891
79.992672 0.86331142
81.831584 0.86496184
83.670496 0.86450655
85.509408 0.86420777
87.348320 0.86407972
89.187232 0.86435005
91.026144 0.86493339
92.865056 0.86419354
94.703968 0.86483379
96.542880 0.86415086
98.381792 0.86339679
100.220704 0.86419354
102.059616 0.86471997
103.898528 0.86264272
105.737440 0.85892928
107.576352 0.85150239
109.415264 0.83959376
