# Density profile (accumulated) at T = 0.400000
# columns : x rho
0.990768 0.74008864
2.972305 0.74169383
4.953841 0.74619080
6.935378 0.74385042
8.916914 0.74372788
10.898451 0.73931668
12.879987 0.74218396
14.861523 0.74188988
16.843060 0.74299268
18.824596 0.73981907
20.806133 0.73709883
22.787669 0.74095863
24.769206 0.74163256
26.750742 0.73887556
28.732279 0.74035822
30.713815 0.74550461
32.695352 0.74822485
34.676888 0.74469589
36.658424 0.74809007
38.639961 0.74822485
40.621497 0.74498997
42.603034 0.74088511
44.584570 0.73652293
46.566107 0.73761347
48.547643 0.74229424
50.529180 0.74347056
52.510716 0.74245354
54.492253 0.73937795
56.473789 0.74173059
58.455325 0.73593477
60.436862 0.73168286
62.418398 0.73217300
64.399935 0.73423155
66.381471 0.73540787
68.363008 0.74037047
70.344544 0.74272311
72.326081 0.74578644
74.307617 0.74446308
76.289154 0.74349507
78.270690 0.74325000
80.252227 0.74278438
82.233763 0.74463463
84.215299 0.74325000
86.196836 0.73893683
88.178372 0.73919415
90.159909 0.74415675
92.141445 0.74253931
94.122982 0.74041948
96.104518 0.73963527
98.086055 0.74077483
100.067591 0.74252706
102.049128 0.73758897
104.030664 0.73691503
106.012200 0.73185441
107.993737 0.73284693
109.975273 0.74005188
111.956810 0.73958626
113.938346 0.74345831
115.919883 0.74133848
117.901419 0.73829966
