# Density profile (accumulated) at T = 0.360000
# columns : x rho
0.925574 0.85158600
2.776721 0.85249862
4.627868 0.85259690
6.479015 0.85068742
8.330162 0.85234418
10.181309 0.85162812
12.032457 0.85138944
13.883604 0.85098227
15.734751 0.85158600
17.585898 0.85200721
19.437045 0.85206337
21.288193 0.85162812
23.139340 0.85188085
24.990487 0.85233014
26.841634 0.85174045
28.692781 0.85199317
30.543928 0.85039258
32.395076 0.85209145
34.246223 0.85248458
36.097370 0.85084187
37.948517 0.85144560
39.799664 0.85214761
41.650812 0.85131924
43.501959 0.85042066
45.353106 0.85303215
47.204253 0.85171236
49.055400 0.85199317
50.906547 0.85098227
52.757695 0.85261094
54.608842 0.85266710
56.459989 0.85206337
58.311136 0.85115075
60.162283 0.85240034
62.013430 0.85202125
63.864578 0.85251266
65.715725 0.85095419
67.566872 0.85263902
69.418019 0.85199317
71.269166 0.85096823
73.120314 0.85119287
74.971461 0.85228802
76.822608 0.85214761
78.673755 0.85067338
80.524902 0.85192297
82.376049 0.85234418
84.227197 0.85265306
86.078344 0.85165620
87.929491 0.85261094
89.780638 0.85122095
91.631785 0.85318660
93.482933 0.85064530
95.334080 0.85299003
97.185227 0.85129116
99.036374 0.84973268
100.887521 0.85291983
102.738668 0.85123499
104.589816 0.85259690
106.440963 0.85009773
108.292110 0.85138944
110.143257 0.85209145
