# Density profile (accumulated) at T = 0.320000
# columns : x rho
0.919022 0.86355693
2.757067 0.86505226
4.595111 0.86387024
6.433156 0.86462502
8.271200 0.86415506
10.109244 0.86369934
11.947289 0.86432596
13.785333 0.86361390
15.623378 0.86402689
17.461422 0.86237491
19.299467 0.86547949
21.137511 0.86426899
22.975556 0.86334331
24.813600 0.86369934
26.651645 0.86486712
28.489689 0.86348573
30.327733 0.86281639
32.165778 0.86429747
34.003822 0.86338604
35.841867 0.86466774
37.679911 0.86375631
39.517956 0.86414082
41.356000 0.86414082
43.194045 0.86341452
45.032089 0.86227522
46.870134 0.86446837
48.708178 0.86411234
50.546222 0.86367086
52.384267 0.86352845
54.222311 0.86314394
56.060356 0.86369934
57.898400 0.86354269
59.736445 0.86389872
61.574489 0.86414082
63.412534 0.86456806
65.250578 0.86261701
67.088623 0.86545101
68.926667 0.86443989
70.764711 0.86284487
72.602756 0.86415506
74.440800 0.86303001
76.278845 0.86518043
78.116889 0.86394144
79.954934 0.86466774
81.792978 0.86365662
83.631023 0.86455381
85.469067 0.86502377
87.307111 0.86352845
89.145156 0.86505226
90.983200 0.86287335
92.821245 0.86489560
94.659289 0.86308697
96.497334 0.86466774
98.335378 0.86300153
100.173423 0.86489560
102.011467 0.86384176
103.849512 0.86540829
105.687556 0.86298728
107.525600 0.86479591
109.363645 0.86320090
