# Density profile (accumulated) at T = 0.300000
# columns : x rho
0.916218 0.86383573
2.748655 0.86926623
4.581091 0.86895100
6.413528 0.87041251
8.245964 0.86895100
10.078400 0.86913727
11.910837 0.87009728
13.743273 0.86905130
15.575710 0.87154446
17.408146 0.87002564
19.240583 0.86925190
21.073019 0.86985370
22.905455 0.86975340
24.737892 0.86978205
26.570328 0.87018325
28.402765 0.86922324
30.235201 0.87026922
32.067638 0.86993967
33.900074 0.86946683
35.732511 0.86916593
37.564947 0.86996832
39.397383 0.86938086
41.229820 0.86985370
43.062256 0.87018325
44.894693 0.86770442
46.727129 0.86882205
48.559566 0.86522560
50.392002 0.84506542
52.224439 0.83555130
54.056875 0.84651259
55.889311 0.86548351
57.721748 0.86667277
59.554184 0.87044116
61.386621 0.86926623
63.219057 0.86883637
65.051494 0.87114326
66.883930 0.86939519
68.716366 0.86872175
70.548803 0.86981071
72.381239 0.86892235
74.213676 0.86995400
76.046112 0.87028355
77.878549 0.86968175
79.710985 0.87094266
81.543422 0.86879339
83.375858 0.87081371
85.208294 0.87088535
87.040731 0.86903697
88.873167 0.87015459
90.705604 0.86922324
92.538040 0.86973907
94.370477 0.86913727
96.202913 0.86961011
98.035349 0.86883637
99.867786 0.86816294
101.700222 0.86652949
103.532659 0.86276110
105.365095 0.84394779
107.197532 0.83737102
109.029968 0.84275853
