# Layer profile at T = 0.360000
# input   = perfect_Sigma91_theta10.4174deg.dat
# seed    = 4000041
# n_samples = 1000
# Lx = 111.040791  Ly = 38.465658
# columns : x rho coord psi6 psi4
0.925340 0.85322422 5.994254 0.873722 0.089165
2.776020 0.85233923 5.994364 0.873910 0.089333
4.626700 0.85364564 5.994208 0.874158 0.089033
6.477379 0.85148234 5.993879 0.874864 0.089212
8.328059 0.85294327 5.994219 0.872211 0.089440
10.178739 0.85364564 5.993977 0.872457 0.089747
12.029419 0.85125758 5.994620 0.872921 0.089500
13.880099 0.85312588 5.993990 0.872654 0.089663
15.730779 0.85288708 5.993725 0.872057 0.089511
17.581459 0.85191781 5.993701 0.872534 0.089976
19.432138 0.85257804 5.993854 0.874348 0.089399
21.282818 0.85152448 5.994160 0.873712 0.089625
23.133498 0.85256399 5.994200 0.874482 0.089204
24.984178 0.85167900 5.993749 0.874743 0.089489
26.834858 0.85191781 5.993355 0.873166 0.089925
28.685538 0.85326636 5.993925 0.872218 0.089930
30.536217 0.84989498 5.994347 0.872853 0.089686
32.386897 0.85364564 5.994240 0.874454 0.088965
34.237577 0.85187567 5.994080 0.875050 0.089158
36.088257 0.85065354 5.994831 0.874109 0.089445
37.938937 0.85361754 5.994109 0.874073 0.089442
39.789617 0.85166496 5.993287 0.873877 0.089349
41.640297 0.85174924 5.994178 0.873631 0.089303
43.490976 0.85315398 5.993562 0.873877 0.089552
45.341656 0.85031641 5.993640 0.872392 0.089839
47.192336 0.85235328 5.994248 0.872741 0.089563
49.043016 0.85145424 5.994473 0.872959 0.089628
50.893696 0.85197400 5.994592 0.872956 0.089711
52.744376 0.85180543 5.993585 0.872846 0.089612
54.595055 0.85104687 5.993860 0.873894 0.089582
56.445735 0.85301350 5.993676 0.873313 0.089399
58.296415 0.85163686 5.993683 0.873239 0.089801
60.147095 0.85336469 5.993959 0.873244 0.089567
61.997775 0.85065354 5.994006 0.871715 0.089761
63.848455 0.85273256 5.993246 0.872886 0.089971
65.699135 0.85212852 5.994659 0.874499 0.089063
67.549814 0.85271851 5.994794 0.874277 0.089198
69.400494 0.85115925 5.994290 0.874236 0.089374
71.251174 0.85292922 5.993857 0.873755 0.089679
73.101854 0.85085021 5.993957 0.872423 0.089796
74.952534 0.85058331 5.994104 0.873854 0.089444
76.803214 0.85343493 5.993926 0.874320 0.089217
78.653893 0.85076592 5.994304 0.872570 0.089600
80.504573 0.85280279 5.993510 0.873278 0.089596
82.355253 0.85159472 5.993880 0.873109 0.089560
84.205933 0.85245161 5.994216 0.873715 0.089689
86.056613 0.85231114 5.994611 0.873455 0.089110
87.907293 0.85186162 5.994542 0.873671 0.089496
89.757973 0.85211447 5.994131 0.874031 0.089431
91.608652 0.85333659 5.993646 0.873198 0.089227
93.459332 0.85093449 5.994107 0.873013 0.089518
95.310012 0.85283089 5.994268 0.873565 0.089215
97.160692 0.85299946 5.994631 0.874122 0.089119
99.011372 0.85257804 5.994118 0.873837 0.089749
100.862052 0.85201614 5.994955 0.873881 0.088948
102.712732 0.85332255 5.993662 0.874318 0.089431
104.563411 0.85292922 5.994137 0.874576 0.088895
106.414091 0.85129972 5.995083 0.874166 0.089168
108.264771 0.85375802 5.994274 0.875077 0.088779
110.115451 0.85217066 5.993967 0.873362 0.089395
