# Layer profile at T = 0.320000
# input   = perfect_Sigma91_theta10.4174deg.dat
# seed    = 2000035
# n_samples = 1000
# Lx = 110.192019  Ly = 38.171635
# columns : x rho coord psi6 psi4
0.918267 0.86650462 5.998304 0.899995 0.079412
2.754800 0.86520654 5.998401 0.900676 0.079171
4.591334 0.86557742 5.998467 0.900127 0.079125
6.427868 0.86373728 5.998150 0.900245 0.079335
8.264401 0.86574859 5.998385 0.900466 0.079303
10.100935 0.86484992 5.998549 0.900604 0.079292
11.937469 0.86607668 5.998485 0.900602 0.079393
13.774002 0.86472154 5.998037 0.899474 0.079431
15.610536 0.86512095 5.998450 0.899929 0.079279
17.447070 0.86733197 5.998421 0.900645 0.079216
19.283603 0.86546330 5.998566 0.900575 0.079222
21.120137 0.86550609 5.998319 0.900572 0.078943
22.956671 0.86509242 5.998467 0.900567 0.079262
24.793204 0.86560595 5.998748 0.901344 0.079049
26.629738 0.86512095 5.998269 0.900418 0.079230
28.466272 0.86566301 5.998270 0.900391 0.078908
30.302805 0.86624785 5.998501 0.901056 0.078833
32.139339 0.86546330 5.998583 0.900310 0.079341
33.975873 0.86583418 5.998715 0.900895 0.079094
35.812406 0.86563448 5.998138 0.900584 0.078877
37.648940 0.86711800 5.998338 0.901011 0.079198
39.485474 0.86483566 5.998384 0.899440 0.079353
41.322007 0.86546330 5.998154 0.899725 0.079229
43.158541 0.86509242 5.998368 0.900902 0.079284
44.995074 0.86651888 5.999012 0.900514 0.078918
46.831608 0.86599109 5.998518 0.900857 0.079061
48.668142 0.86509242 5.998302 0.900446 0.079432
50.504675 0.86599109 5.998600 0.898745 0.079470
52.341209 0.86584845 5.998336 0.900063 0.079329
54.177743 0.86425081 5.998449 0.900234 0.079360
56.014276 0.86556315 5.998368 0.900156 0.079509
57.850810 0.86613374 5.998435 0.900346 0.079322
59.687344 0.86487845 5.998516 0.900955 0.079046
61.523877 0.86486419 5.998285 0.900809 0.079311
63.360411 0.86670432 5.998371 0.900360 0.079525
65.196945 0.86609094 5.998073 0.900367 0.079148
67.033478 0.86554889 5.998566 0.898678 0.079708
68.870012 0.86430787 5.998696 0.899385 0.079766
70.706546 0.86543477 5.998269 0.899780 0.079688
72.543079 0.86496404 5.998235 0.900281 0.079090
74.379613 0.86540624 5.998170 0.900191 0.079393
76.216147 0.86450757 5.998746 0.900215 0.079537
78.052680 0.86569153 5.998764 0.900438 0.079290
79.889214 0.86486419 5.998483 0.900470 0.079282
81.725748 0.86554889 5.998352 0.899377 0.080078
83.562281 0.86450757 5.998383 0.899713 0.079396
85.398815 0.86492124 5.998417 0.900705 0.079286
87.235348 0.86647609 5.998206 0.900633 0.079197
89.071882 0.86549183 5.998467 0.899962 0.079262
90.908416 0.86379434 5.998183 0.899455 0.079560
92.744949 0.86583418 5.998435 0.899998 0.079504
94.581483 0.86522080 5.998516 0.900057 0.079460
96.418017 0.86442198 5.998317 0.900179 0.079589
98.254550 0.86476433 5.998532 0.899759 0.079599
100.091084 0.86506389 5.998153 0.899349 0.079610
101.927618 0.86516374 5.998664 0.900193 0.079192
103.764151 0.86489272 5.998763 0.900249 0.079394
105.600685 0.86550609 5.998533 0.899691 0.079328
107.437219 0.86486419 5.998433 0.900361 0.079166
109.273752 0.86509242 5.998401 0.900328 0.079433
