# Layer profile at T = 0.400000
# input   = bicrystal_Sigma91_theta10.4174deg.dat
# seed    = 6000824
# n_samples = 1000
# Lx = 118.830644  Ly = 41.164143
# columns : x rho coord psi6 psi4
0.990255 0.72527759 5.636202 0.635357 0.183440
2.970766 0.72916592 5.639623 0.634530 0.183402
4.951277 0.72941124 5.634362 0.634855 0.183748
6.931788 0.73180312 5.652755 0.641927 0.180620
8.912298 0.73262494 5.663776 0.641791 0.178956
10.892809 0.72968109 5.667479 0.650384 0.176422
12.873320 0.73314011 5.678518 0.652338 0.175779
14.853830 0.73966564 5.694670 0.652414 0.173775
16.834341 0.74220470 5.701036 0.650137 0.174063
18.814852 0.73851263 5.688081 0.648859 0.174989
20.795363 0.74270761 5.707746 0.652058 0.172399
22.775873 0.74393421 5.717148 0.656316 0.169554
24.756384 0.74647328 5.731682 0.656092 0.169493
26.736895 0.74719697 5.728922 0.656940 0.170091
28.717406 0.74616663 5.720476 0.656738 0.170936
30.697916 0.74520988 5.718488 0.653662 0.171346
32.678427 0.74243776 5.706863 0.651806 0.172696
34.658938 0.73949391 5.704286 0.652023 0.173427
36.639449 0.73880701 5.690397 0.651005 0.175157
38.619959 0.73980056 5.687729 0.645900 0.176486
40.600470 0.74171406 5.703170 0.649353 0.174826
42.580981 0.74433899 5.718801 0.649254 0.172281
44.561491 0.74238869 5.711156 0.647892 0.173348
46.542002 0.74492776 5.717377 0.648378 0.173217
48.522513 0.74729510 5.729351 0.647185 0.171718
50.503024 0.74482963 5.715577 0.649106 0.173164
52.483534 0.74307559 5.710680 0.648775 0.174035
54.464045 0.74465791 5.713074 0.645433 0.174107
56.444556 0.74357850 5.708451 0.644765 0.174844
58.425067 0.74008268 5.699582 0.645986 0.175086
60.405577 0.74224150 5.701315 0.646836 0.174953
62.386088 0.74305106 5.705091 0.648798 0.173810
64.366599 0.74593357 5.707382 0.651420 0.173354
66.347110 0.73875795 5.698579 0.651187 0.173602
68.327620 0.74316145 5.704937 0.656494 0.172307
70.308131 0.74298973 5.713024 0.655449 0.171545
72.288642 0.74146874 5.711840 0.656458 0.170516
74.269152 0.74830092 5.725502 0.656392 0.170132
76.249663 0.74817826 5.736835 0.657774 0.169334
78.230174 0.74944166 5.733596 0.656874 0.168925
80.210685 0.74968698 5.736792 0.658911 0.168199
82.191195 0.74844811 5.740994 0.661928 0.167209
84.171706 0.74831318 5.743341 0.660119 0.168006
86.152217 0.74859530 5.738014 0.659862 0.168807
88.132728 0.74940486 5.736660 0.655162 0.169063
90.113238 0.74690259 5.728076 0.653018 0.170875
92.093749 0.74588451 5.722327 0.653296 0.171326
94.074260 0.74707431 5.722359 0.657307 0.170802
96.054771 0.74763855 5.733840 0.658993 0.168825
98.035281 0.74480510 5.717676 0.656778 0.171088
100.015792 0.74509948 5.713343 0.653793 0.172534
101.996303 0.74148101 5.704516 0.649643 0.173515
103.976813 0.74251135 5.698450 0.645404 0.175799
105.957324 0.73908913 5.690748 0.642855 0.176778
107.937835 0.73743322 5.687076 0.644585 0.176637
109.918346 0.73511494 5.680166 0.646133 0.176683
111.898856 0.73912593 5.689635 0.642270 0.177365
113.879367 0.74246229 5.696927 0.638767 0.176706
115.859878 0.73195031 5.672197 0.637244 0.180153
117.840389 0.72597676 5.646099 0.635984 0.182846
