# Layer profile at T = 0.360000
# input   = bicrystal_Sigma91_theta10.4174deg.dat
# seed    = 4000818
# n_samples = 1000
# Lx = 111.559672  Ly = 38.645404
# columns : x rho coord psi6 psi4
0.929664 0.83304482 5.915149 0.836092 0.109957
2.788992 0.83041450 5.905914 0.832072 0.111791
4.648320 0.82913414 5.899659 0.828674 0.114006
6.507648 0.83307266 5.915085 0.835145 0.110354
8.366975 0.83628749 5.935648 0.845820 0.104884
10.226303 0.84178471 5.956535 0.856860 0.099361
12.085631 0.84444286 5.972708 0.863888 0.094894
13.944959 0.84412277 5.981320 0.865943 0.093371
15.804287 0.84764377 5.984205 0.869275 0.092505
17.663615 0.84491604 5.981107 0.868062 0.092682
19.522943 0.84618249 5.976958 0.867226 0.093432
21.382271 0.84416452 5.975699 0.867440 0.093465
23.241598 0.84711493 5.981468 0.869386 0.092242
25.100926 0.84654433 5.985369 0.868776 0.091593
26.960254 0.84653041 5.984382 0.870422 0.091901
28.819582 0.84655825 5.983988 0.869801 0.091328
30.678910 0.84715668 5.986562 0.871147 0.091464
32.538238 0.84522221 5.984506 0.869899 0.091593
34.397566 0.84756027 5.978720 0.870097 0.092397
36.256894 0.84584848 5.981062 0.870088 0.091862
38.116221 0.84736543 5.979076 0.869878 0.092539
39.975549 0.84415060 5.973259 0.867735 0.093732
41.834877 0.84520829 5.964631 0.862712 0.095795
43.694205 0.84139503 5.956168 0.856085 0.099198
45.553533 0.83269690 5.926445 0.840652 0.107492
47.412861 0.82703267 5.878824 0.819431 0.119109
49.272189 0.82103444 5.840495 0.801884 0.128150
51.131517 0.82071434 5.855915 0.806496 0.125605
52.990844 0.82760327 5.886593 0.822370 0.117320
54.850172 0.83244639 5.915824 0.839310 0.109105
56.709500 0.83852813 5.940682 0.849756 0.102698
58.568828 0.84139503 5.960055 0.857507 0.098280
60.428156 0.84316249 5.974499 0.862710 0.095359
62.287484 0.84550055 5.977631 0.863278 0.094699
64.146812 0.84660000 5.978597 0.863287 0.094444
66.006139 0.84569539 5.981125 0.864367 0.094151
67.865467 0.84584848 5.983020 0.865534 0.092878
69.724795 0.84598765 5.982908 0.867892 0.092408
71.584123 0.84568147 5.985123 0.869220 0.091725
73.443451 0.84884064 5.990278 0.868942 0.091177
75.302779 0.84676700 5.993327 0.869875 0.090824
77.162107 0.84911898 5.993477 0.869534 0.090806
79.021435 0.84724018 5.993479 0.871268 0.090310
80.880762 0.84853446 5.994243 0.871961 0.090232
82.740090 0.84797778 5.994321 0.871274 0.090313
84.599418 0.84829787 5.993175 0.870800 0.090547
86.458746 0.84634949 5.990545 0.870297 0.091156
88.318074 0.84580673 5.986590 0.869323 0.091270
90.177402 0.84644691 5.983049 0.867185 0.092764
92.036730 0.84437327 5.975508 0.864669 0.094487
93.896058 0.84392793 5.963341 0.862233 0.096463
95.755385 0.83954407 5.951048 0.857583 0.098705
97.614713 0.84043476 5.953783 0.855600 0.099349
99.474041 0.84054609 5.955577 0.853915 0.099891
101.333369 0.84021209 5.949895 0.850094 0.101648
103.192697 0.83730343 5.947410 0.849102 0.102579
105.052025 0.83893172 5.940811 0.846440 0.104064
106.911353 0.83688592 5.931686 0.845420 0.105413
108.770681 0.83414427 5.920033 0.841209 0.107932
110.630008 0.83346233 5.917579 0.839022 0.109093
