# Layer profile at T = 0.300000
# input   = bicrystal_Sigma91_theta10.4174deg.dat
# seed    = 1000809
# n_samples = 1000
# Lx = 109.911720  Ly = 38.074537
# columns : x rho coord psi6 psi4
0.915931 0.85924476 5.941682 0.876611 0.096225
2.747793 0.86665724 5.981074 0.898566 0.082743
4.579655 0.86869316 5.995610 0.907692 0.077185
6.411517 0.87080077 5.998601 0.909654 0.075648
8.243379 0.86979714 5.999308 0.910516 0.075539
10.075241 0.87042799 5.999456 0.911372 0.074699
11.907103 0.87024161 5.999423 0.910707 0.075166
13.738965 0.87057137 5.999242 0.909995 0.075454
15.570827 0.86968244 5.999390 0.910188 0.075257
17.402689 0.87115920 5.999490 0.911304 0.074973
19.234551 0.86952473 5.999472 0.910861 0.075035
21.066413 0.87090113 5.999292 0.911064 0.075107
22.898275 0.87062872 5.999325 0.910782 0.075053
24.730137 0.87134559 5.999177 0.911558 0.074986
26.561999 0.86956774 5.999275 0.911226 0.074941
28.393861 0.87077209 5.999605 0.910058 0.075418
30.225723 0.86994052 5.999258 0.910105 0.075345
32.057585 0.87038498 5.999292 0.911131 0.074910
33.889447 0.87150330 5.999029 0.911296 0.074666
35.721309 0.86948172 5.999456 0.910738 0.075163
37.553171 0.86984016 5.999374 0.911723 0.074907
39.385033 0.87170403 5.999391 0.910688 0.075226
41.216895 0.87082944 5.999062 0.910481 0.075532
43.048757 0.86976847 5.996538 0.909415 0.075796
44.880619 0.86945305 5.992761 0.908102 0.077006
46.712481 0.86690097 5.987662 0.904310 0.079541
48.544343 0.86556759 5.970267 0.893541 0.085954
50.376205 0.85633426 5.923686 0.869330 0.101505
52.208067 0.83584601 5.869292 0.839447 0.118608
54.039929 0.84322981 5.874296 0.842699 0.116908
55.871791 0.85837018 5.939885 0.876791 0.096500
57.703653 0.86628446 5.978931 0.900539 0.082481
59.535515 0.86892256 5.992657 0.908262 0.077165
61.367377 0.87002654 5.999291 0.910626 0.075366
63.199239 0.87047101 5.999440 0.910379 0.075451
65.031101 0.87224885 5.999310 0.911010 0.075147
66.862963 0.86965377 5.999126 0.910873 0.075068
68.694825 0.87094414 5.999111 0.910641 0.075282
70.526687 0.87134559 5.999325 0.910943 0.075134
72.358549 0.86965377 5.999357 0.910718 0.074917
74.190411 0.87041366 5.999489 0.911819 0.074650
76.022273 0.87084378 5.999572 0.911656 0.074731
77.854135 0.87090113 5.999325 0.910993 0.074787
79.685997 0.86989751 5.999506 0.910823 0.075182
81.517859 0.86972546 5.999571 0.910494 0.075137
83.349721 0.87134559 5.999441 0.910837 0.075007
85.181583 0.86948172 5.999456 0.910885 0.074944
87.013445 0.87137427 5.999457 0.910057 0.075107
88.845307 0.87012691 5.999291 0.910579 0.075288
90.677169 0.87034197 5.999110 0.910836 0.075202
92.509031 0.87097282 5.999309 0.910199 0.075342
94.340893 0.86926666 5.999406 0.910275 0.075404
96.172755 0.87001221 5.999275 0.910595 0.075517
98.004617 0.87012691 5.999028 0.909668 0.075694
99.836479 0.86943871 5.997609 0.909895 0.075708
101.668341 0.86751749 5.988398 0.903863 0.079879
103.500203 0.86526650 5.966711 0.892657 0.086724
105.332065 0.85346676 5.929326 0.871345 0.100064
107.163927 0.83644818 5.864124 0.839783 0.119353
108.995789 0.84066340 5.866528 0.841439 0.117875
