# Layer profile at T = 0.380000
# input   = bicrystal_Sigma91_theta10.4174deg.dat
# seed    = 5000821
# n_samples = 1000
# Lx = 112.679533  Ly = 39.033335
# columns : x rho coord psi6 psi4
0.938996 0.81924253 5.895194 0.822804 0.115176
2.816988 0.82459011 5.918158 0.829144 0.110634
4.694981 0.82771407 5.935740 0.835019 0.107772
6.572973 0.82710019 5.935956 0.837623 0.106235
8.450965 0.82892819 5.941709 0.839879 0.105518
10.328957 0.83135642 5.956270 0.843037 0.103150
12.206949 0.83135642 5.965968 0.846395 0.101413
14.084942 0.83494420 5.974381 0.847748 0.099979
15.962934 0.83356639 5.980312 0.848661 0.098954
17.840926 0.83588549 5.984202 0.849642 0.098257
19.718918 0.83577635 5.983792 0.850229 0.098365
21.596910 0.83450767 5.984503 0.850047 0.097870
23.474903 0.83578999 5.986355 0.850766 0.097728
25.352895 0.83397564 5.985376 0.849766 0.097912
27.230887 0.83561265 5.977879 0.849712 0.098516
29.108879 0.83217493 5.971870 0.847395 0.100132
30.986872 0.83269331 5.967169 0.845406 0.101085
32.864864 0.82929651 5.951095 0.842826 0.103539
34.742856 0.82765950 5.941389 0.841090 0.104912
36.620848 0.82797326 5.943026 0.837604 0.105712
38.498840 0.82733210 5.938777 0.834895 0.107190
40.376833 0.82529948 5.922758 0.827656 0.110965
42.254825 0.81826033 5.899487 0.818265 0.115779
44.132817 0.81850588 5.885850 0.810163 0.119911
46.010809 0.81419508 5.870836 0.802047 0.123338
47.888801 0.81377219 5.863930 0.798921 0.124792
49.766794 0.81356756 5.859737 0.797885 0.126146
51.644786 0.81101655 5.850263 0.793032 0.128059
53.522778 0.81074371 5.851088 0.793853 0.128781
55.400770 0.81122118 5.844701 0.793170 0.129200
57.278762 0.81097562 5.854074 0.797262 0.127032
59.156755 0.81922889 5.895193 0.812160 0.118676
61.034747 0.82487658 5.924521 0.825984 0.111828
62.912739 0.82883269 5.947924 0.835103 0.106497
64.790731 0.83052427 5.966656 0.842756 0.102083
66.668724 0.83523068 5.975778 0.845489 0.100583
68.546716 0.83315713 5.974244 0.846369 0.100446
70.424708 0.83291158 5.969847 0.847760 0.100105
72.302700 0.83217493 5.972952 0.847060 0.100233
74.180692 0.83473958 5.979670 0.847052 0.099295
76.058685 0.83487600 5.980654 0.847862 0.099238
77.936677 0.83289794 5.976464 0.847543 0.099293
79.814669 0.83356639 5.976466 0.848044 0.099471
81.692661 0.83158833 5.972162 0.847091 0.100333
83.570653 0.83242048 5.968519 0.844725 0.100764
85.448646 0.83038786 5.958864 0.841863 0.103059
87.326638 0.82937836 5.947613 0.838824 0.104964
89.204630 0.82715476 5.932909 0.831411 0.108916
91.082622 0.82216187 5.910898 0.823398 0.113361
92.960615 0.81854680 5.891905 0.813547 0.118131
94.838607 0.81655511 5.878978 0.805090 0.121913
96.716599 0.81299461 5.860293 0.794948 0.126512
98.594591 0.81070279 5.842532 0.787299 0.130973
100.472583 0.80665119 5.827654 0.784797 0.133370
102.350576 0.80609187 5.827957 0.786110 0.132567
104.228568 0.81074371 5.845350 0.792785 0.128565
106.106560 0.81475439 5.868380 0.802619 0.123990
107.984552 0.81826033 5.879814 0.809560 0.120676
109.862544 0.81756460 5.881380 0.812858 0.119386
111.740537 0.81831489 5.880555 0.814761 0.119292
