# Layer profile at T = 0.320000
# input   = bicrystal_Sigma91_theta10.4174deg.dat
# seed    = 2000812
# n_samples = 1000
# Lx = 110.331557  Ly = 38.219972
# columns : x rho coord psi6 psi4
0.919430 0.86294831 5.995037 0.896621 0.081414
2.758289 0.86438539 5.997975 0.899313 0.080132
4.597148 0.86439962 5.998288 0.900100 0.079735
6.436007 0.86360282 5.998748 0.900597 0.079231
8.274867 0.86400122 5.998518 0.899655 0.079666
10.113726 0.86464151 5.998223 0.899465 0.079661
11.952585 0.86387316 5.998814 0.898973 0.079801
13.791445 0.86333248 5.998484 0.900348 0.079314
15.630304 0.86478379 5.998239 0.899113 0.079616
17.469163 0.86371665 5.998633 0.899312 0.079723
19.308022 0.86468419 5.998223 0.899312 0.079438
21.146882 0.86496876 5.998651 0.900672 0.079449
22.985741 0.86380202 5.998633 0.900297 0.079268
24.824600 0.86397276 5.998304 0.899580 0.079738
26.663460 0.86485494 5.998256 0.899914 0.079648
28.502319 0.86327556 5.997890 0.899369 0.079856
30.341178 0.86343208 5.994463 0.896488 0.081605
32.180037 0.85919197 5.977229 0.889486 0.086284
34.018897 0.85358591 5.957294 0.878739 0.092579
35.857756 0.84806523 5.927504 0.862558 0.101600
37.696615 0.84416660 5.899965 0.849181 0.109346
39.535474 0.84536180 5.907074 0.853397 0.107417
41.374334 0.85039871 5.942226 0.868390 0.097471
43.213193 0.85681580 5.962852 0.879024 0.091257
45.052052 0.85556368 5.958939 0.880840 0.091152
46.890912 0.85775488 5.969295 0.883019 0.089388
48.729771 0.86094208 5.983176 0.890681 0.085019
50.568630 0.86092785 5.988629 0.894312 0.082818
52.407489 0.86257836 5.989113 0.895574 0.082715
54.246349 0.86198076 5.990608 0.895862 0.082152
56.085208 0.86225111 5.993366 0.896927 0.081505
57.924067 0.86391585 5.996970 0.898784 0.080077
59.762926 0.86385894 5.998567 0.899034 0.079745
61.601786 0.86411505 5.998353 0.899840 0.079645
63.440645 0.86405814 5.998452 0.899772 0.079726
65.279504 0.86391585 5.998485 0.900096 0.079456
67.118364 0.86390162 5.998682 0.900355 0.079268
68.957223 0.86549522 5.999030 0.900336 0.079357
70.796082 0.86347476 5.998583 0.899963 0.079609
72.634941 0.86344631 5.998781 0.900133 0.079596
74.473801 0.86414351 5.998419 0.899637 0.079232
76.312660 0.86421465 5.998288 0.900168 0.079722
78.151519 0.86391585 5.998501 0.899716 0.079582
79.990379 0.86438539 5.998321 0.899936 0.079428
81.829238 0.86401545 5.998518 0.898929 0.079651
83.668097 0.86499722 5.998503 0.899963 0.079335
85.506956 0.86365974 5.998270 0.899583 0.079381
87.345816 0.86348899 5.998764 0.899279 0.079592
89.184675 0.86555214 5.998636 0.900257 0.079527
91.023534 0.86321865 5.998401 0.899191 0.079707
92.862393 0.86385894 5.995668 0.897971 0.080451
94.701253 0.86159659 5.985616 0.893673 0.083506
96.540112 0.85818174 5.966310 0.882274 0.090380
98.378971 0.84984380 5.935692 0.864516 0.100205
100.217831 0.84110746 5.905826 0.847834 0.109511
102.056690 0.84191849 5.887056 0.841911 0.113643
103.895549 0.84473574 5.909532 0.853621 0.107486
105.734408 0.85466728 5.950938 0.871234 0.096062
107.573268 0.85929157 5.969698 0.883340 0.089403
109.412127 0.86000299 5.985341 0.891413 0.084802
