# Layer profile at T = 0.420000
# input   = perfect_Sigma91_theta10.4174deg.dat
# seed    = 7000050
# n_samples = 1000
# Lx = 122.022113  Ly = 42.269700
# columns : x rho coord psi6 psi4
1.016851 0.71078617 5.687604 0.598266 0.184054
3.050553 0.71519500 5.691205 0.600951 0.183944
5.084255 0.71894075 5.696973 0.600584 0.182804
7.117957 0.71775421 5.693976 0.599325 0.184200
9.151658 0.70527223 5.663736 0.600076 0.185982
11.185360 0.69536110 5.646062 0.600383 0.186885
13.219062 0.70075871 5.651345 0.599330 0.187606
15.252764 0.70975085 5.667268 0.597810 0.186491
17.286466 0.71314763 5.671609 0.597905 0.186316
19.320168 0.70744756 5.664211 0.597100 0.186948
21.353870 0.70116586 5.652725 0.597680 0.188171
23.387572 0.70804083 5.664443 0.598313 0.187296
25.421274 0.71488091 5.687229 0.600308 0.184448
27.454975 0.71801013 5.709865 0.603104 0.182067
29.488677 0.71891748 5.713435 0.603122 0.181353
31.522379 0.72288426 5.724711 0.599544 0.181228
33.556081 0.72213977 5.726038 0.601239 0.181107
35.589783 0.71871973 5.706057 0.600843 0.182732
37.623485 0.71582317 5.693053 0.601753 0.184364
39.657187 0.71483438 5.687876 0.600433 0.184251
41.690889 0.71372926 5.686040 0.600672 0.184393
43.724591 0.71516010 5.692801 0.598224 0.184424
45.758292 0.71113515 5.684404 0.596329 0.185024
47.791994 0.71004167 5.665880 0.594732 0.187697
49.825696 0.70787798 5.668162 0.595981 0.187524
51.859398 0.70952983 5.654769 0.596675 0.188658
53.893100 0.69847869 5.618580 0.595701 0.190880
55.926802 0.69101044 5.609845 0.595611 0.192159
57.960504 0.69487253 5.605685 0.593032 0.192670
59.994206 0.68847450 5.585260 0.595688 0.193927
62.027908 0.67645784 5.575244 0.598577 0.193681
64.061609 0.66235890 5.558615 0.599856 0.194515
66.095311 0.65617027 5.535022 0.599644 0.196862
68.129013 0.66000908 5.542345 0.601620 0.196391
70.162715 0.67942419 5.577954 0.599966 0.193656
72.196417 0.69491906 5.598195 0.601453 0.191567
74.230119 0.68907940 5.604548 0.597542 0.192147
76.263821 0.68962614 5.609230 0.596440 0.191425
78.297523 0.69319741 5.624316 0.597805 0.189432
80.331224 0.70139852 5.640783 0.598464 0.188031
82.364926 0.71098393 5.674749 0.595032 0.186333
84.398628 0.71535785 5.688267 0.594372 0.185624
86.432330 0.71469479 5.692503 0.594852 0.184810
88.466032 0.71014637 5.678330 0.596692 0.186848
90.499734 0.71164700 5.687933 0.598088 0.184327
92.533436 0.71617215 5.698026 0.597170 0.183851
94.567138 0.71747502 5.701412 0.598592 0.184132
96.600840 0.71666073 5.690214 0.601311 0.183731
98.634541 0.71648623 5.705871 0.601606 0.182635
100.668243 0.72389632 5.720918 0.602981 0.181333
102.701945 0.72103465 5.717681 0.601800 0.181717
104.735647 0.71777747 5.699934 0.600206 0.183550
106.769349 0.71334538 5.689459 0.601246 0.183713
108.803051 0.71078617 5.678587 0.602102 0.184377
110.836753 0.70605163 5.664042 0.599926 0.186596
112.870455 0.70235241 5.648823 0.600499 0.187081
114.904157 0.70423692 5.650572 0.596440 0.188618
116.937858 0.70316670 5.658660 0.599130 0.187532
118.971560 0.70587714 5.666628 0.597071 0.186731
121.005262 0.71239149 5.676715 0.599074 0.185905
