# Layer profile at T = 0.400000
# input   = perfect_Sigma91_theta10.4174deg.dat
# seed    = 6000047
# n_samples = 1000
# Lx = 118.695313  Ly = 41.117262
# columns : x rho coord psi6 psi4
0.989128 0.75155729 5.858339 0.749448 0.135521
2.967383 0.75099177 5.861736 0.748495 0.135416
4.945638 0.75136059 5.860298 0.747546 0.135994
6.923893 0.75411445 5.863678 0.749255 0.134833
8.902148 0.74972549 5.855878 0.745944 0.136490
10.880404 0.74988531 5.847777 0.742350 0.137793
12.858659 0.74522588 5.841728 0.743345 0.138846
14.836914 0.74738962 5.833221 0.741076 0.140022
16.815169 0.74229991 5.826496 0.738122 0.141473
18.793425 0.74447594 5.822990 0.736837 0.142036
20.771680 0.74388583 5.833840 0.740769 0.139713
22.749935 0.74772156 5.840217 0.740934 0.139626
24.728190 0.74768468 5.857458 0.741987 0.137186
26.706445 0.74990990 5.857258 0.745594 0.136820
28.684701 0.74833626 5.853475 0.746526 0.136482
30.662956 0.74907390 5.858657 0.747890 0.135816
32.641211 0.75053689 5.856427 0.748114 0.135860
34.619466 0.75006972 5.856141 0.750683 0.136156
36.597721 0.75014348 5.857859 0.749773 0.135563
38.575977 0.74893867 5.861094 0.751507 0.134384
40.554232 0.74904932 5.858275 0.750725 0.134619
42.532487 0.74904932 5.856339 0.748289 0.135852
44.510742 0.75000825 5.861505 0.747463 0.135903
46.488997 0.74581599 5.858732 0.745959 0.136414
48.467253 0.74779533 5.845707 0.744411 0.138331
50.445508 0.74643069 5.839809 0.744594 0.138922
52.423763 0.74495541 5.842149 0.744753 0.138776
54.402018 0.74686098 5.846321 0.743809 0.137427
56.380274 0.74632005 5.849998 0.744247 0.137455
58.358529 0.74580370 5.839114 0.743519 0.138815
60.336784 0.74402107 5.834036 0.742214 0.140133
62.315039 0.74028369 5.824662 0.740104 0.140631
64.293294 0.73888217 5.814712 0.736252 0.142267
66.271550 0.74210320 5.813379 0.735380 0.143396
68.249805 0.74007469 5.816805 0.736869 0.142015
70.228060 0.74205403 5.817939 0.736030 0.142265
72.206315 0.74051727 5.821148 0.737140 0.142146
74.184570 0.74191879 5.820392 0.737660 0.141485
76.162826 0.73723477 5.811296 0.736372 0.142531
78.141081 0.73936164 5.806851 0.733648 0.144063
80.119336 0.73765277 5.806803 0.735589 0.143940
82.097591 0.74140244 5.810002 0.735237 0.143754
84.075847 0.73577179 5.804722 0.737641 0.143886
86.054102 0.73650943 5.803999 0.738904 0.143019
88.032357 0.73845188 5.807046 0.735387 0.143511
90.010612 0.74354160 5.812467 0.734802 0.143790
91.988867 0.74125491 5.814741 0.735141 0.143943
93.967123 0.73930017 5.816679 0.734695 0.143196
95.945378 0.74307443 5.819529 0.738641 0.141761
97.923633 0.74702080 5.835755 0.741667 0.139830
99.901888 0.74726668 5.846882 0.748533 0.137081
101.880143 0.74912308 5.851889 0.746188 0.136146
103.858399 0.74853297 5.855813 0.745429 0.136619
105.836654 0.75127453 5.851871 0.743862 0.137092
107.814909 0.74998366 5.856698 0.742625 0.136798
109.793164 0.75021725 5.854989 0.741257 0.138066
111.771420 0.74906161 5.854552 0.743457 0.137782
113.749675 0.75030330 5.858774 0.742063 0.137056
115.727930 0.74947961 5.852304 0.743295 0.137385
117.706185 0.74909849 5.852212 0.747030 0.136866
