# Layer profile at T = 0.420000
# input   = bicrystal_Sigma91_theta10.4174deg.dat
# seed    = 7000827
# n_samples = 1000
# Lx = 122.201683  Ly = 42.331905
# columns : x rho coord psi6 psi4
1.018347 0.69284346 5.622382 0.595948 0.191642
3.055042 0.69286665 5.621591 0.594256 0.191824
5.091737 0.69587070 5.627525 0.592358 0.191732
7.128432 0.69938508 5.631569 0.592865 0.191296
9.165126 0.69410771 5.638995 0.593551 0.189582
11.201821 0.70038256 5.649681 0.593585 0.188525
13.238516 0.70748091 5.672181 0.595416 0.186995
15.275210 0.71184199 5.686752 0.594253 0.185394
17.311905 0.70893074 5.685727 0.595736 0.185857
19.348600 0.70852479 5.688150 0.596681 0.185067
21.385295 0.70982383 5.689570 0.596549 0.185233
23.421989 0.71086771 5.691086 0.594072 0.185111
25.458684 0.71035737 5.675157 0.597131 0.186077
27.495379 0.70190198 5.677920 0.593191 0.186350
29.532073 0.71154043 5.682804 0.595865 0.186093
31.568768 0.71176080 5.697992 0.594644 0.184632
33.605463 0.71208556 5.694563 0.596797 0.184599
35.642158 0.70980064 5.692142 0.597087 0.185144
37.678852 0.70825802 5.693289 0.596324 0.184775
39.715547 0.70886115 5.692421 0.596467 0.184802
41.752242 0.71526359 5.694363 0.594868 0.185127
43.788936 0.71337301 5.700366 0.593876 0.184545
45.825631 0.71424291 5.702874 0.596264 0.183787
47.862326 0.71360498 5.703194 0.597283 0.183125
49.899021 0.71134325 5.702511 0.596465 0.184545
51.935715 0.71210876 5.701528 0.592556 0.184702
53.972410 0.70865237 5.684130 0.592670 0.186441
56.009105 0.70554394 5.676081 0.589905 0.188707
58.045799 0.70533517 5.661383 0.590200 0.189239
60.082494 0.70346779 5.653361 0.592546 0.188928
62.119189 0.70250511 5.663552 0.594485 0.187638
64.155884 0.70305024 5.667228 0.595563 0.187279
66.192578 0.70143803 5.661915 0.595001 0.187395
68.229273 0.70794486 5.674607 0.595788 0.187305
70.265968 0.70969625 5.680771 0.596358 0.185758
72.302663 0.71006740 5.687243 0.597829 0.185110
74.339357 0.70691258 5.674952 0.595888 0.186682
76.376052 0.70887275 5.670812 0.596776 0.186875
78.412747 0.70879156 5.686500 0.597582 0.185066
80.449441 0.70379255 5.662519 0.595923 0.186545
82.486136 0.70045215 5.658211 0.595493 0.187466
84.522831 0.69329580 5.638589 0.595353 0.189743
86.559526 0.68581469 5.625801 0.595531 0.191215
88.596220 0.69573151 5.635286 0.593880 0.190267
90.632915 0.70048695 5.636752 0.595216 0.190303
92.669610 0.70016219 5.640924 0.592259 0.189975
94.706304 0.70431449 5.642497 0.594533 0.190131
96.742999 0.69939668 5.638789 0.594809 0.190228
98.779694 0.69336539 5.629809 0.593084 0.190772
100.816389 0.69285506 5.625686 0.594396 0.191369
102.853083 0.69698416 5.633495 0.593934 0.191022
104.889778 0.70132205 5.635332 0.592591 0.190435
106.926473 0.69624185 5.623909 0.591378 0.192108
108.963167 0.68641782 5.591761 0.593262 0.194523
110.999862 0.67352016 5.562159 0.596947 0.196136
113.036557 0.66127202 5.547787 0.592551 0.197253
115.073252 0.66942585 5.557956 0.591130 0.196590
117.109946 0.67738250 5.570991 0.590826 0.196997
119.146641 0.68736891 5.600577 0.593056 0.194225
121.183336 0.69047734 5.622415 0.594132 0.191437
