# Layer profile at T = 0.440000
# input   = perfect_Sigma91_theta10.4174deg.dat
# seed    = 8000053
# n_samples = 1000
# Lx = 153.340984  Ly = 53.118875
# columns : x rho coord psi6 psi4
1.277842 0.43750872 6.256086 0.453178 0.186832
3.833525 0.45769214 6.323768 0.446408 0.184865
6.389208 0.48001912 6.444426 0.438578 0.180269
8.944891 0.48782730 6.504749 0.435641 0.177295
11.500574 0.48607415 6.494188 0.438522 0.177433
14.056257 0.48860812 6.505827 0.436640 0.176351
16.611940 0.49417698 6.493747 0.435552 0.175776
19.167623 0.48644246 6.407196 0.443233 0.177499
21.723306 0.46668628 6.296835 0.452645 0.179621
24.278989 0.42449999 6.199417 0.464421 0.184153
26.834672 0.38789729 6.131943 0.472263 0.187267
29.390355 0.36608594 6.088998 0.474074 0.190373
31.946038 0.36176934 6.076662 0.476998 0.191242
34.501721 0.36965119 6.089016 0.475912 0.187528
37.057404 0.38637985 6.145006 0.469110 0.187933
39.613087 0.40132589 6.165302 0.463999 0.188664
42.168771 0.43831900 6.231547 0.456927 0.185343
44.724454 0.48439465 6.418270 0.441765 0.177702
47.280137 0.51567158 6.644368 0.429227 0.170261
49.835820 0.52898969 6.778049 0.423018 0.164416
52.391503 0.53469850 6.802791 0.422603 0.163144
54.947186 0.53209086 6.779564 0.425864 0.162830
57.502869 0.53733561 6.784704 0.426928 0.162338
60.058552 0.53825638 6.801754 0.424914 0.162140
62.614235 0.52902652 6.783940 0.423127 0.165303
65.169918 0.51440459 6.658342 0.429292 0.169417
67.725601 0.48677394 6.475197 0.441060 0.175454
70.281284 0.46491102 6.370853 0.448985 0.180900
72.836967 0.43292694 6.254764 0.455590 0.187186
75.392650 0.39569811 6.113817 0.462837 0.192743
77.948333 0.35802730 5.929389 0.473414 0.199676
80.504016 0.31992190 5.632037 0.495798 0.211621
83.059700 0.29360243 5.352200 0.520062 0.226754
85.615383 0.31490551 5.413965 0.512711 0.224569
88.171066 0.36185773 5.686304 0.494152 0.210836
90.726749 0.40461859 5.985017 0.477015 0.194826
93.282432 0.42884605 6.249150 0.458944 0.184986
95.838115 0.44288605 6.393187 0.447397 0.180804
98.393798 0.45071633 6.430958 0.446365 0.181048
100.949481 0.46316523 6.478283 0.441498 0.179653
103.505164 0.47532684 6.474058 0.439492 0.179098
106.060847 0.48485872 6.460211 0.436862 0.177886
108.616530 0.48823981 6.454836 0.438632 0.176502
111.172213 0.49650470 6.484934 0.439852 0.173935
113.727896 0.49335933 6.505062 0.439348 0.173386
116.283579 0.47995282 6.448723 0.445753 0.176178
118.839262 0.47154061 6.384244 0.447734 0.179213
121.394945 0.46784277 6.385250 0.444608 0.179712
123.950629 0.47716840 6.412069 0.441640 0.180054
126.506312 0.48457144 6.382348 0.445587 0.180027
129.061995 0.46866779 6.311439 0.452749 0.180518
131.617678 0.43655848 6.225597 0.459742 0.184928
134.173361 0.42559756 6.237794 0.462235 0.184566
136.729044 0.42809470 6.287305 0.458254 0.182672
139.284727 0.42529554 6.271737 0.456334 0.183547
141.840410 0.41946150 6.252002 0.454174 0.187564
144.396093 0.40223930 6.293136 0.450762 0.186036
146.951776 0.39865932 6.315262 0.451135 0.186849
149.507459 0.41121871 6.236883 0.455103 0.189937
152.063142 0.42315934 6.231034 0.455685 0.188873
