# Layer profile at T = 0.440000
# input   = bicrystal_Sigma91_theta10.4174deg.dat
# seed    = 8000830
# n_samples = 1000
# Lx = 152.205398  Ly = 52.725496
# columns : x rho coord psi6 psi4
1.268378 0.36564007 5.986811 0.466427 0.197864
3.805135 0.37535209 6.022409 0.464728 0.195822
6.341892 0.38346413 6.093080 0.459847 0.193820
8.878648 0.39101544 6.099715 0.453647 0.193473
11.415405 0.39674994 6.135699 0.451920 0.191156
13.952161 0.40368069 6.136777 0.455945 0.191507
16.488918 0.40501899 6.161024 0.458112 0.187966
19.025675 0.41566558 6.223937 0.456327 0.183346
21.562431 0.43191210 6.266112 0.451922 0.181875
24.099188 0.44939972 6.336494 0.447079 0.179955
26.635945 0.48618428 6.426278 0.438997 0.176948
29.172701 0.52169784 6.605076 0.427485 0.169576
31.709458 0.53450514 6.726931 0.420051 0.165346
34.246215 0.52711833 6.710041 0.420049 0.166155
36.782971 0.51458765 6.644253 0.423549 0.170060
39.319728 0.49779535 6.572731 0.426327 0.173573
41.856484 0.49772058 6.591729 0.425546 0.173507
44.393241 0.50902510 6.622916 0.424019 0.171498
46.929998 0.51846797 6.669714 0.422290 0.169478
49.466754 0.51311477 6.650707 0.424955 0.168640
52.003511 0.51019892 6.614449 0.429871 0.168545
54.540268 0.50914473 6.614326 0.429662 0.168374
57.077024 0.50969799 6.558594 0.432587 0.169671
59.613781 0.50646813 6.451160 0.436089 0.173091
62.150537 0.48669269 6.398857 0.440146 0.174926
64.687294 0.45463329 6.305387 0.445546 0.180930
67.224051 0.42237951 6.252717 0.447778 0.185337
69.760807 0.39636116 6.146622 0.453841 0.192693
72.297564 0.37053720 5.986481 0.463644 0.200815
74.834321 0.34048152 5.869060 0.470228 0.206407
77.371077 0.32073598 5.878482 0.468727 0.203649
79.907834 0.33251153 5.890520 0.469821 0.201261
82.444591 0.37458948 5.885294 0.469827 0.201232
84.981347 0.42578134 6.126622 0.457242 0.188342
87.518104 0.46477896 6.333290 0.445822 0.178552
90.054860 0.48658802 6.434452 0.437516 0.175109
92.591617 0.48235630 6.415044 0.436788 0.177593
95.128374 0.46228927 6.310195 0.438327 0.183311
97.665130 0.43739240 6.204762 0.444878 0.189377
100.201887 0.41918703 6.230777 0.451709 0.188499
102.738644 0.42634955 6.281491 0.445400 0.186752
105.275400 0.43606157 6.374426 0.439870 0.183126
107.812157 0.44732124 6.436403 0.435085 0.180982
110.348913 0.46726864 6.531185 0.431323 0.176077
112.885670 0.49578416 6.565388 0.431017 0.173135
115.422427 0.51169423 6.591116 0.428247 0.170139
117.959183 0.51905862 6.607562 0.428879 0.167275
120.495940 0.51723434 6.562972 0.429781 0.169134
123.032697 0.50924940 6.542584 0.433500 0.170325
125.569453 0.51499886 6.608867 0.429463 0.167711
128.106210 0.52219129 6.655189 0.428255 0.165405
130.642967 0.51544745 6.632242 0.426193 0.167103
133.179723 0.49876730 6.498089 0.432556 0.173852
135.716480 0.47897690 6.387768 0.439528 0.178626
138.253236 0.44663340 6.309368 0.446448 0.181956
140.789993 0.42595330 6.266201 0.449048 0.184754
143.326750 0.40841334 6.177626 0.452742 0.189615
145.863506 0.38877247 6.185350 0.453414 0.190049
148.400263 0.37692216 6.102035 0.457692 0.193115
150.937020 0.36685874 6.010699 0.465261 0.198170
