# Layer profile at T = 0.380000
# input   = perfect_Sigma91_theta10.4174deg.dat
# seed    = 5000044
# n_samples = 1000
# Lx = 111.501242  Ly = 38.625163
# columns : x rho coord psi6 psi4
0.929177 0.84588539 5.988949 0.856125 0.095598
2.787531 0.84598292 5.988341 0.854955 0.096114
4.645885 0.84367027 5.988011 0.856032 0.095866
6.504239 0.84670736 5.989585 0.856964 0.095487
8.362593 0.84559283 5.989670 0.857651 0.095295
10.220947 0.84484052 5.990963 0.857619 0.095096
12.079301 0.84538386 5.989684 0.856908 0.095425
13.937655 0.84564856 5.988254 0.855335 0.095901
15.796009 0.84509129 5.988757 0.857270 0.094978
17.654363 0.84496591 5.989168 0.855753 0.095643
19.512717 0.84520275 5.988709 0.856568 0.096208
21.371071 0.84489625 5.987551 0.854938 0.096158
23.229425 0.84555104 5.987379 0.855386 0.096388
25.087779 0.84365634 5.988094 0.855570 0.095984
26.946133 0.84491018 5.987518 0.853784 0.096439
28.804487 0.84452010 5.988419 0.855333 0.096154
30.662841 0.84432505 5.988730 0.855237 0.095988
32.521195 0.84464548 5.988289 0.854694 0.096344
34.379549 0.84523061 5.988627 0.855026 0.096020
36.237903 0.84467334 5.988966 0.855431 0.095534
38.096258 0.84472907 5.988505 0.856448 0.095810
39.954612 0.84580180 5.988141 0.855547 0.095859
41.812966 0.84382352 5.988179 0.855710 0.095469
43.671320 0.84623368 5.988180 0.857156 0.095237
45.529674 0.84343343 5.987975 0.855004 0.096106
47.388028 0.84640086 5.989910 0.856208 0.095214
49.246382 0.84472907 5.989808 0.856614 0.095373
51.104736 0.84532813 5.989255 0.856918 0.095503
52.963090 0.84666556 5.989074 0.856965 0.095387
54.821444 0.84506343 5.989268 0.857324 0.095035
56.679798 0.84436685 5.988929 0.856834 0.095228
58.538152 0.84484052 5.988605 0.856726 0.095857
60.396506 0.84615009 5.989710 0.856556 0.095080
62.254860 0.84584360 5.988701 0.857084 0.095296
64.113214 0.84534206 5.989716 0.856685 0.095350
65.971568 0.84497984 5.989349 0.855289 0.095845
67.829922 0.84606651 5.989330 0.856497 0.095640
69.688276 0.84550924 5.988763 0.857157 0.095469
71.546630 0.84527240 5.989435 0.857042 0.095756
73.404984 0.84538386 5.989288 0.855754 0.095891
75.263338 0.84392104 5.989105 0.855892 0.096088
77.121692 0.84594112 5.987797 0.855631 0.096072
78.980046 0.84569035 5.989622 0.856553 0.095407
80.838400 0.84539779 5.989667 0.855741 0.095498
82.696754 0.84521668 5.988726 0.855543 0.095980
84.555108 0.84520275 5.988017 0.855120 0.095800
86.413462 0.84489625 5.987600 0.854988 0.096630
88.271816 0.84474300 5.987779 0.854584 0.096242
90.130170 0.84495198 5.988937 0.855621 0.096014
91.988524 0.84517488 5.988972 0.856304 0.095649
93.846878 0.84464548 5.989345 0.855229 0.095414
95.705232 0.84518881 5.989566 0.856380 0.095735
97.563586 0.84588539 5.987895 0.855077 0.096137
99.421940 0.84461762 5.989476 0.856497 0.095857
101.280294 0.84518881 5.988890 0.856034 0.095770
103.138648 0.84482659 5.987879 0.856435 0.096032
104.997002 0.84563463 5.989522 0.857647 0.094926
106.855356 0.84549531 5.989010 0.857334 0.095155
108.713710 0.84591326 5.987928 0.856641 0.095643
110.572065 0.84517488 5.988445 0.857166 0.095479
