# Layer profile at T = 0.280000
# input   = perfect_Sigma91_theta10.4174deg.dat
# seed    = 29
# n_samples = 1000
# Lx = 109.496708  Ly = 37.930772
# columns : x rho coord psi6 psi4
0.912473 0.87731314 5.999786 0.921815 0.070290
2.737418 0.87696643 5.999671 0.921200 0.070653
4.562363 0.87573849 5.999555 0.921434 0.070513
6.387308 0.87709644 5.999736 0.920688 0.070730
8.212253 0.87539177 5.999802 0.920664 0.070900
10.037198 0.87660527 5.999736 0.921185 0.070607
11.862143 0.87823771 5.999737 0.921962 0.070191
13.687088 0.87582517 5.999802 0.921617 0.071118
15.512034 0.87576738 5.999736 0.921052 0.070592
17.336979 0.87700977 5.999687 0.921271 0.070673
19.161924 0.87627300 5.999703 0.921387 0.070331
20.986869 0.87739982 5.999786 0.921933 0.070324
22.811814 0.87634523 5.999753 0.921589 0.070463
24.636759 0.87633079 5.999720 0.921755 0.070589
26.461704 0.87673529 5.999605 0.921354 0.070708
28.286650 0.87547845 5.999670 0.920861 0.070461
30.111595 0.87744316 5.999753 0.920804 0.070617
31.936540 0.87596963 5.999654 0.921158 0.070853
33.761485 0.87566626 5.999769 0.921339 0.070772
35.586430 0.87605631 5.999522 0.920588 0.070662
37.411375 0.87832439 5.999605 0.921305 0.070359
39.236320 0.87488615 5.999769 0.920926 0.070427
41.061265 0.87591184 5.999687 0.920751 0.070809
42.886211 0.87689420 5.999835 0.921033 0.070883
44.711156 0.87660527 5.999736 0.921100 0.070590
46.536101 0.87628745 5.999637 0.921246 0.070423
48.361046 0.87628745 5.999687 0.921707 0.070394
50.185991 0.87748650 5.999835 0.921574 0.070517
52.010936 0.87530510 5.999587 0.921487 0.070357
53.835881 0.87732759 5.999720 0.921775 0.070010
55.660826 0.87620077 5.999769 0.921399 0.070509
57.485772 0.87573849 5.999687 0.921202 0.070816
59.310717 0.87667750 5.999539 0.921062 0.070729
61.135662 0.87744316 5.999654 0.921784 0.070530
62.960607 0.87677862 5.999720 0.921716 0.070477
64.785552 0.87729869 5.999769 0.921435 0.070524
66.610497 0.87517508 5.999703 0.920946 0.070858
68.435442 0.87676418 5.999605 0.920446 0.070677
70.260387 0.87690864 5.999786 0.920872 0.070599
72.085333 0.87650414 5.999703 0.921219 0.070369
73.910278 0.87531954 5.999785 0.921762 0.070375
75.735223 0.87773208 5.999786 0.921455 0.070492
77.560168 0.87557958 5.999687 0.921001 0.070638
79.385113 0.87542067 5.999571 0.920773 0.070625
81.210058 0.87713978 5.999654 0.921410 0.070876
83.035003 0.87560847 5.999522 0.920466 0.070803
84.859949 0.87640302 5.999720 0.921361 0.070519
86.684894 0.87631634 5.999753 0.920811 0.070792
88.509839 0.87624411 5.999720 0.921760 0.070690
90.334784 0.87651859 5.999819 0.921470 0.070787
92.159729 0.87510285 5.999653 0.921159 0.070624
93.984674 0.87657638 5.999654 0.921090 0.070794
95.809619 0.87627300 5.999753 0.921200 0.070413
97.634564 0.87754428 5.999638 0.921096 0.070852
99.459510 0.87514619 5.999703 0.921210 0.070640
101.284455 0.87611409 5.999786 0.921093 0.070519
103.109400 0.87693753 5.999588 0.920360 0.070995
104.934345 0.87686530 5.999687 0.921330 0.070680
106.759290 0.87702421 5.999704 0.921486 0.070334
108.584235 0.87443831 5.999703 0.920734 0.070636
