# Layer profile at T = 0.280000
# input   = bicrystal_Sigma91_theta10.4174deg.dat
# seed    = 806
# n_samples = 1000
# Lx = 109.588539  Ly = 37.962583
# columns : x rho coord psi6 psi4
0.913238 0.84712892 5.904236 0.867933 0.105148
2.739713 0.85209015 5.915558 0.873750 0.101171
4.566189 0.86710362 5.932455 0.882509 0.095008
6.392665 0.87167544 5.971509 0.902699 0.082629
8.219140 0.87130047 5.994124 0.915910 0.074169
10.045616 0.87378108 5.999472 0.920457 0.071225
11.872092 0.87642033 5.999704 0.920850 0.070843
13.698567 0.87382435 5.999736 0.920392 0.071250
15.525043 0.87451661 5.999720 0.921025 0.071135
17.351519 0.87629054 5.999556 0.920618 0.070566
19.177994 0.87444450 5.999687 0.920780 0.070604
21.004470 0.87601651 5.999638 0.920721 0.070791
22.830946 0.87480505 5.999802 0.920269 0.071019
24.657421 0.87676647 5.999638 0.919894 0.071073
26.483897 0.87360801 5.999736 0.920287 0.071203
28.310372 0.87585787 5.999852 0.920549 0.070908
30.136848 0.87480505 5.999786 0.920625 0.070941
31.963324 0.87450219 5.999786 0.920712 0.070786
33.789799 0.87564154 5.999786 0.920049 0.071057
35.616275 0.87455988 5.999786 0.921103 0.070956
37.442751 0.87623285 5.999786 0.921084 0.070805
39.269226 0.87389646 5.999620 0.920530 0.071058
41.095702 0.87513676 5.999604 0.920249 0.071024
42.922178 0.87588671 5.999737 0.920483 0.070926
44.748653 0.87512234 5.999736 0.920758 0.071015
46.575129 0.87530983 5.998303 0.920289 0.071466
48.401605 0.87326188 5.994203 0.917248 0.073183
50.228080 0.87163218 5.988881 0.913327 0.075800
52.054556 0.87194946 5.969053 0.901049 0.083176
53.881032 0.85661871 5.938531 0.884892 0.094015
55.707507 0.85171517 5.910390 0.870598 0.102591
57.533983 0.85095080 5.911988 0.871372 0.102195
59.360458 0.86657000 5.923410 0.879201 0.097718
61.186934 0.86848815 5.969478 0.902435 0.083141
63.013410 0.87243982 5.994264 0.915746 0.073697
64.839885 0.87402626 5.999422 0.919554 0.071758
66.666361 0.87464641 5.999852 0.920693 0.070970
68.492837 0.87450219 5.999819 0.920903 0.070737
70.319312 0.87601651 5.999671 0.921249 0.070773
72.145788 0.87526656 5.999555 0.920979 0.070939
73.972264 0.87603094 5.999819 0.921361 0.070782
75.798739 0.87443008 5.999703 0.921102 0.070661
77.625215 0.87643476 5.999556 0.920189 0.071167
79.451691 0.87447334 5.999670 0.920741 0.070985
81.278166 0.87533867 5.999605 0.919929 0.070992
83.104642 0.87499254 5.999802 0.920769 0.070932
84.931117 0.87435797 5.999720 0.920030 0.070950
86.757593 0.87510792 5.999786 0.920078 0.070940
88.584069 0.87528098 5.999638 0.920338 0.070924
90.410544 0.87650687 5.999720 0.921634 0.070469
92.237020 0.87419932 5.999868 0.921438 0.070629
94.063496 0.87497812 5.999835 0.920637 0.070856
95.889971 0.87513676 5.999786 0.920821 0.070638
97.716447 0.87526656 5.999802 0.920436 0.070752
99.542923 0.87577134 5.999671 0.920699 0.071371
101.369398 0.87484832 5.999654 0.920459 0.071028
103.195874 0.87530983 5.999539 0.920423 0.071405
105.022350 0.87659340 5.995772 0.916446 0.074117
106.848825 0.87141584 5.964764 0.899442 0.084959
108.675301 0.85232090 5.920116 0.877467 0.099069
