# Layer profile at T = 0.340000
# input   = perfect_Sigma91_theta10.4174deg.dat
# seed    = 3000038
# n_samples = 1000
# Lx = 110.671078  Ly = 38.337586
# columns : x rho coord psi6 psi4
0.922259 0.85822730 5.996935 0.888344 0.083809
2.766777 0.85760508 5.997444 0.887767 0.084183
4.611295 0.85896265 5.996954 0.887103 0.084357
6.455813 0.85718084 5.996997 0.887851 0.083982
8.300331 0.85798689 5.996720 0.888448 0.084247
10.144849 0.85866568 5.997052 0.887643 0.083870
11.989367 0.85746366 5.997543 0.888110 0.083878
13.833885 0.85867982 5.996591 0.887401 0.084490
15.678403 0.85703942 5.996667 0.888096 0.083839
17.522921 0.85768993 5.997181 0.888105 0.083908
19.367439 0.85889194 5.996872 0.888326 0.083648
21.211957 0.85845356 5.997381 0.888567 0.083859
23.056475 0.85848184 5.997117 0.888104 0.083862
24.900993 0.85819902 5.996721 0.888896 0.083801
26.745511 0.85845356 5.996639 0.888925 0.083917
28.590029 0.85842528 5.996804 0.887172 0.083925
30.434547 0.85750609 5.996982 0.888656 0.083938
32.279065 0.85900508 5.997136 0.888548 0.083641
34.123583 0.85773235 5.996736 0.888527 0.083899
35.968101 0.85727982 5.996734 0.887745 0.084394
37.812618 0.85917477 5.997136 0.888448 0.083794
39.657136 0.85800104 5.996572 0.888590 0.084027
41.501654 0.85726568 5.996404 0.888039 0.084333
43.346172 0.85832629 5.996524 0.887767 0.084384
45.190690 0.85876467 5.997250 0.888077 0.084204
47.035208 0.85756265 5.996306 0.887850 0.084030
48.879726 0.85862326 5.996722 0.887985 0.084019
50.724244 0.85867982 5.996410 0.889034 0.083976
52.568762 0.85694043 5.996848 0.888093 0.084063
54.413280 0.85849599 5.997101 0.887472 0.084326
56.257798 0.85757679 5.997098 0.887925 0.084017
58.102316 0.85781720 5.997610 0.888167 0.083861
59.946834 0.85808588 5.997017 0.887628 0.083904
61.791352 0.85749195 5.997279 0.886701 0.084267
63.635870 0.85798689 5.997297 0.887598 0.084085
65.480388 0.85852427 5.996607 0.887885 0.083939
67.324906 0.85781720 5.996653 0.887915 0.084022
69.169424 0.85715255 5.997624 0.887897 0.084070
71.013942 0.85845356 5.997513 0.887578 0.084144
72.858460 0.85713841 5.997146 0.887519 0.084394
74.702978 0.85744952 5.996998 0.886870 0.084308
76.547496 0.85665760 5.997210 0.887153 0.084306
78.392014 0.85834043 5.996046 0.887103 0.084646
80.236532 0.85719498 5.996816 0.887191 0.084376
82.081050 0.85777477 5.997131 0.887308 0.084128
83.925568 0.85873639 5.996805 0.887838 0.084321
85.770086 0.85670003 5.996979 0.887839 0.084158
87.614604 0.85768993 5.997197 0.887308 0.084117
89.459122 0.85800104 5.997017 0.886224 0.084686
91.303640 0.85674245 5.996517 0.886517 0.084496
93.148158 0.85815659 5.996490 0.886663 0.084369
94.992676 0.85688387 5.996551 0.886813 0.084685
96.837194 0.85801518 5.996671 0.886615 0.084333
98.681712 0.85795861 5.996720 0.886924 0.084227
100.526230 0.85694043 5.996370 0.886840 0.084421
102.370748 0.85815659 5.996951 0.887806 0.084252
104.215266 0.85764750 5.997082 0.887719 0.084109
106.059784 0.85814245 5.996951 0.887798 0.084013
107.904302 0.85604952 5.996564 0.887342 0.084481
109.748820 0.85964144 5.996447 0.887826 0.084014
