# Layer profile at T = 0.340000
# input   = bicrystal_Sigma91_theta10.4174deg.dat
# seed    = 3000815
# n_samples = 1000
# Lx = 110.807903  Ly = 38.384984
# columns : x rho coord psi6 psi4
0.923399 0.83864530 5.901465 0.839373 0.111957
2.770198 0.84922518 5.957559 0.865515 0.096427
4.616996 0.85396496 5.983993 0.878738 0.089129
6.463794 0.85547435 5.988902 0.884093 0.086514
8.310593 0.85643360 5.986955 0.885552 0.085979
10.157391 0.85681447 5.990912 0.886311 0.085353
12.004189 0.85704018 5.994700 0.886282 0.084994
13.850988 0.85708249 5.997350 0.886609 0.085128
15.697786 0.85712481 5.996955 0.886865 0.084292
17.544585 0.85842261 5.996828 0.886694 0.084609
19.391383 0.85712481 5.996725 0.887102 0.084531
21.238181 0.85818280 5.997156 0.887174 0.084359
23.084980 0.85701196 5.996971 0.887494 0.084199
24.931778 0.85919847 5.996864 0.887705 0.084293
26.778577 0.85719535 5.996906 0.886517 0.084501
28.625375 0.85929721 5.997176 0.885968 0.084596
30.472173 0.85623610 5.997677 0.887205 0.084207
32.318972 0.85853546 5.997371 0.887458 0.084351
34.165770 0.85687090 5.997004 0.888281 0.084198
36.012568 0.85746337 5.996924 0.886902 0.084450
37.859367 0.85739284 5.996463 0.887125 0.084089
39.706165 0.85814048 5.996433 0.887404 0.084732
41.552964 0.85720945 5.995902 0.886595 0.084608
43.399762 0.85719535 5.995211 0.887000 0.084764
45.246560 0.85603861 5.993705 0.886300 0.085215
47.093359 0.85588344 5.989122 0.885851 0.086022
48.940157 0.85598219 5.982037 0.883957 0.087392
50.786956 0.85375336 5.973365 0.877068 0.090768
52.633754 0.84603711 5.955565 0.864285 0.097185
54.480552 0.84204497 5.918817 0.846337 0.107111
56.327351 0.83713591 5.894547 0.836001 0.112969
58.174149 0.83825032 5.900325 0.839032 0.111744
60.020947 0.84383649 5.926177 0.850105 0.105294
61.867746 0.84557159 5.950702 0.862172 0.097938
63.714544 0.84929571 5.959522 0.871044 0.094268
65.561343 0.85303393 5.968167 0.873506 0.092372
67.408141 0.85428941 5.978583 0.875874 0.090421
69.254939 0.85203237 5.980464 0.876861 0.089958
71.101738 0.85378157 5.978075 0.876833 0.090322
72.948536 0.85321731 5.978341 0.877151 0.090231
74.795335 0.85337249 5.978444 0.877618 0.089748
76.642133 0.85543203 5.987978 0.881545 0.087401
78.488931 0.85744926 5.994308 0.884813 0.085519
80.335730 0.85608093 5.996177 0.885638 0.084979
82.182528 0.85766086 5.996365 0.886544 0.084891
84.029326 0.85763265 5.996266 0.886296 0.084526
85.876125 0.85622200 5.996672 0.886456 0.084880
87.722923 0.85811227 5.997074 0.886154 0.084590
89.569722 0.85742105 5.997252 0.887787 0.084201
91.416520 0.85780193 5.996662 0.886715 0.084711
93.263318 0.85814048 5.997205 0.887282 0.084488
95.110117 0.85720945 5.996890 0.887304 0.084970
96.956915 0.85711071 5.996396 0.886145 0.085082
98.803713 0.85644770 5.990595 0.883635 0.086689
100.650512 0.85242735 5.972595 0.878194 0.090310
102.497310 0.84887251 5.954965 0.868176 0.095970
104.344109 0.84605121 5.933140 0.853111 0.102908
106.190907 0.83755910 5.900950 0.837924 0.112204
108.037705 0.82846041 5.867902 0.821437 0.121777
109.884504 0.83143688 5.859705 0.817976 0.123619
