# Layer profile at T = 0.300000
# input   = perfect_Sigma91_theta10.4174deg.dat
# seed    = 1000032
# n_samples = 1000
# Lx = 109.864520  Ly = 38.058186
# columns : x rho coord psi6 psi4
0.915538 0.87117607 5.999341 0.911915 0.074725
2.746613 0.87051598 5.999060 0.911476 0.074683
4.577688 0.86961194 5.999356 0.911464 0.074587
6.408764 0.87166396 5.999407 0.911500 0.075054
8.239839 0.87067383 5.998978 0.911289 0.074792
10.070914 0.86998504 5.999307 0.911060 0.075014
11.901990 0.87090342 5.999308 0.911775 0.074836
13.733065 0.86975544 5.999439 0.911031 0.075081
15.564140 0.87183616 5.999506 0.910873 0.074955
17.395216 0.87034378 5.999159 0.911052 0.075105
19.226291 0.86972674 5.999076 0.911220 0.074957
21.057366 0.87007113 5.999175 0.911673 0.074727
22.888442 0.87012853 5.999340 0.912034 0.074685
24.719517 0.87146306 5.999407 0.911385 0.074909
26.550592 0.87054468 5.999242 0.910734 0.075078
28.381668 0.86900925 5.999439 0.911664 0.074731
30.212743 0.87108997 5.999473 0.911639 0.074603
32.043818 0.87209446 5.999210 0.912274 0.074634
33.874894 0.86995634 5.999225 0.911988 0.074437
35.705969 0.87024333 5.999274 0.911606 0.074806
37.537044 0.87034378 5.999291 0.910484 0.075109
39.368120 0.87073122 5.999308 0.911141 0.074982
41.199195 0.87032943 5.999439 0.911798 0.074715
43.030270 0.86999939 5.999142 0.910938 0.075087
44.861346 0.87061643 5.999308 0.910984 0.074715
46.692421 0.86938234 5.998894 0.910707 0.075060
48.523496 0.87213750 5.999408 0.911701 0.074551
50.354572 0.86991329 5.999439 0.911980 0.074600
52.185647 0.87114737 5.999407 0.911762 0.074728
54.016722 0.87005678 5.999258 0.911517 0.074579
55.847798 0.87032943 5.999209 0.910567 0.075303
57.678873 0.87119042 5.999094 0.910930 0.075029
59.509948 0.87081732 5.999291 0.911504 0.074664
61.341024 0.87124782 5.999308 0.911211 0.074735
63.172099 0.86995634 5.999241 0.911593 0.074763
65.003174 0.87117607 5.999506 0.912051 0.074773
66.834250 0.87035813 5.999341 0.912016 0.074739
68.665325 0.87063078 5.999423 0.912241 0.074525
70.496400 0.87233840 5.999391 0.911996 0.074712
72.327476 0.86975544 5.999406 0.911823 0.074717
74.158551 0.87027203 5.999274 0.911553 0.074761
75.989626 0.87114737 5.999489 0.911712 0.074821
77.820702 0.87074557 5.999456 0.911303 0.074640
79.651777 0.86925320 5.999290 0.911843 0.074764
81.482852 0.87116172 5.999209 0.911404 0.074852
83.313927 0.87088907 5.999110 0.911096 0.074910
85.145003 0.87093212 5.999357 0.911395 0.074828
86.976078 0.87027203 5.999291 0.911373 0.074857
88.807153 0.87075992 5.999374 0.911255 0.075088
90.638229 0.87015723 5.999159 0.910884 0.074831
92.469304 0.87065948 5.999275 0.911066 0.074885
94.300379 0.87116172 5.999127 0.910980 0.074895
96.131455 0.86902360 5.999472 0.910770 0.075093
97.962530 0.87137697 5.999473 0.911232 0.074650
99.793605 0.87004243 5.999208 0.911444 0.075029
101.624681 0.87119042 5.999374 0.911142 0.074905
103.455756 0.87009983 5.999340 0.911534 0.075107
105.286831 0.86923885 5.999109 0.911144 0.074962
107.117907 0.87177876 5.999325 0.910434 0.075270
108.948982 0.86984154 5.999390 0.910669 0.074955
