# Density profile (accumulated) at T = 0.420000
# columns : x rho
1.016851 0.71078617
3.050553 0.71519500
5.084255 0.71894075
7.117957 0.71775421
9.151658 0.70527223
11.185360 0.69536110
13.219062 0.70075871
15.252764 0.70975085
17.286466 0.71314763
19.320168 0.70744756
21.353870 0.70116586
23.387572 0.70804083
25.421274 0.71488091
27.454975 0.71801013
29.488677 0.71891748
31.522379 0.72288426
33.556081 0.72213977
35.589783 0.71871973
37.623485 0.71582317
39.657187 0.71483438
41.690889 0.71372926
43.724591 0.71516010
45.758292 0.71113515
47.791994 0.71004167
49.825696 0.70787798
51.859398 0.70952983
53.893100 0.69847869
55.926802 0.69101044
57.960504 0.69487253
59.994206 0.68847450
62.027908 0.67645784
64.061609 0.66235890
66.095311 0.65617027
68.129013 0.66000908
70.162715 0.67942419
72.196417 0.69491906
74.230119 0.68907940
76.263821 0.68962614
78.297523 0.69319741
80.331224 0.70139852
82.364926 0.71098393
84.398628 0.71535785
86.432330 0.71469479
88.466032 0.71014637
90.499734 0.71164700
92.533436 0.71617215
94.567138 0.71747502
96.600840 0.71666073
98.634541 0.71648623
100.668243 0.72389632
102.701945 0.72103465
104.735647 0.71777747
106.769349 0.71334538
108.803051 0.71078617
110.836753 0.70605163
112.870455 0.70235241
114.904157 0.70423692
116.937858 0.70316670
118.971560 0.70587714
121.005262 0.71239149
