# Density profile (accumulated) at T = 0.320000
# columns : x rho
0.919430 0.86294831
2.758289 0.86438539
4.597148 0.86439962
6.436007 0.86360282
8.274867 0.86400122
10.113726 0.86464151
11.952585 0.86387316
13.791445 0.86333248
15.630304 0.86478379
17.469163 0.86371665
19.308022 0.86468419
21.146882 0.86496876
22.985741 0.86380202
24.824600 0.86397276
26.663460 0.86485494
28.502319 0.86327556
30.341178 0.86343208
32.180037 0.85919197
34.018897 0.85358591
35.857756 0.84806523
37.696615 0.84416660
39.535474 0.84536180
41.374334 0.85039871
43.213193 0.85681580
45.052052 0.85556368
46.890912 0.85775488
48.729771 0.86094208
50.568630 0.86092785
52.407489 0.86257836
54.246349 0.86198076
56.085208 0.86225111
57.924067 0.86391585
59.762926 0.86385894
61.601786 0.86411505
63.440645 0.86405814
65.279504 0.86391585
67.118364 0.86390162
68.957223 0.86549522
70.796082 0.86347476
72.634941 0.86344631
74.473801 0.86414351
76.312660 0.86421465
78.151519 0.86391585
79.990379 0.86438539
81.829238 0.86401545
83.668097 0.86499722
85.506956 0.86365974
87.345816 0.86348899
89.184675 0.86555214
91.023534 0.86321865
92.862393 0.86385894
94.701253 0.86159659
96.540112 0.85818174
98.378971 0.84984380
100.217831 0.84110746
102.056690 0.84191849
103.895549 0.84473574
105.734408 0.85466728
107.573268 0.85929157
109.412127 0.86000299
