# Density profile (accumulated) at T = 0.440000
# columns : x rho
1.268378 0.36564007
3.805135 0.37535209
6.341892 0.38346413
8.878648 0.39101544
11.415405 0.39674994
13.952161 0.40368069
16.488918 0.40501899
19.025675 0.41566558
21.562431 0.43191210
24.099188 0.44939972
26.635945 0.48618428
29.172701 0.52169784
31.709458 0.53450514
34.246215 0.52711833
36.782971 0.51458765
39.319728 0.49779535
41.856484 0.49772058
44.393241 0.50902510
46.929998 0.51846797
49.466754 0.51311477
52.003511 0.51019892
54.540268 0.50914473
57.077024 0.50969799
59.613781 0.50646813
62.150537 0.48669269
64.687294 0.45463329
67.224051 0.42237951
69.760807 0.39636116
72.297564 0.37053720
74.834321 0.34048152
77.371077 0.32073598
79.907834 0.33251153
82.444591 0.37458948
84.981347 0.42578134
87.518104 0.46477896
90.054860 0.48658802
92.591617 0.48235630
95.128374 0.46228927
97.665130 0.43739240
100.201887 0.41918703
102.738644 0.42634955
105.275400 0.43606157
107.812157 0.44732124
110.348913 0.46726864
112.885670 0.49578416
115.422427 0.51169423
117.959183 0.51905862
120.495940 0.51723434
123.032697 0.50924940
125.569453 0.51499886
128.106210 0.52219129
130.642967 0.51544745
133.179723 0.49876730
135.716480 0.47897690
138.253236 0.44663340
140.789993 0.42595330
143.326750 0.40841334
145.863506 0.38877247
148.400263 0.37692216
150.937020 0.36685874
