# Density profile (accumulated) at T = 0.280000
# columns : x rho
0.913238 0.84712892
2.739713 0.85209015
4.566189 0.86710362
6.392665 0.87167544
8.219140 0.87130047
10.045616 0.87378108
11.872092 0.87642033
13.698567 0.87382435
15.525043 0.87451661
17.351519 0.87629054
19.177994 0.87444450
21.004470 0.87601651
22.830946 0.87480505
24.657421 0.87676647
26.483897 0.87360801
28.310372 0.87585787
30.136848 0.87480505
31.963324 0.87450219
33.789799 0.87564154
35.616275 0.87455988
37.442751 0.87623285
39.269226 0.87389646
41.095702 0.87513676
42.922178 0.87588671
44.748653 0.87512234
46.575129 0.87530983
48.401605 0.87326188
50.228080 0.87163218
52.054556 0.87194946
53.881032 0.85661871
55.707507 0.85171517
57.533983 0.85095080
59.360458 0.86657000
61.186934 0.86848815
63.013410 0.87243982
64.839885 0.87402626
66.666361 0.87464641
68.492837 0.87450219
70.319312 0.87601651
72.145788 0.87526656
73.972264 0.87603094
75.798739 0.87443008
77.625215 0.87643476
79.451691 0.87447334
81.278166 0.87533867
83.104642 0.87499254
84.931117 0.87435797
86.757593 0.87510792
88.584069 0.87528098
90.410544 0.87650687
92.237020 0.87419932
94.063496 0.87497812
95.889971 0.87513676
97.716447 0.87526656
99.542923 0.87577134
101.369398 0.87484832
103.195874 0.87530983
105.022350 0.87659340
106.848825 0.87141584
108.675301 0.85232090
