# Density profile (accumulated) at T = 0.280000
# columns : x rho
0.912473 0.87731314
2.737418 0.87696643
4.562363 0.87573849
6.387308 0.87709644
8.212253 0.87539177
10.037198 0.87660527
11.862143 0.87823771
13.687088 0.87582517
15.512034 0.87576738
17.336979 0.87700977
19.161924 0.87627300
20.986869 0.87739982
22.811814 0.87634523
24.636759 0.87633079
26.461704 0.87673529
28.286650 0.87547845
30.111595 0.87744316
31.936540 0.87596963
33.761485 0.87566626
35.586430 0.87605631
37.411375 0.87832439
39.236320 0.87488615
41.061265 0.87591184
42.886211 0.87689420
44.711156 0.87660527
46.536101 0.87628745
48.361046 0.87628745
50.185991 0.87748650
52.010936 0.87530510
53.835881 0.87732759
55.660826 0.87620077
57.485772 0.87573849
59.310717 0.87667750
61.135662 0.87744316
62.960607 0.87677862
64.785552 0.87729869
66.610497 0.87517508
68.435442 0.87676418
70.260387 0.87690864
72.085333 0.87650414
73.910278 0.87531954
75.735223 0.87773208
77.560168 0.87557958
79.385113 0.87542067
81.210058 0.87713978
83.035003 0.87560847
84.859949 0.87640302
86.684894 0.87631634
88.509839 0.87624411
90.334784 0.87651859
92.159729 0.87510285
93.984674 0.87657638
95.809619 0.87627300
97.634564 0.87754428
99.459510 0.87514619
101.284455 0.87611409
103.109400 0.87693753
104.934345 0.87686530
106.759290 0.87702421
108.584235 0.87443831
