# Density profile (accumulated) at T = 0.400000
# columns : x rho
0.989128 0.75155729
2.967383 0.75099177
4.945638 0.75136059
6.923893 0.75411445
8.902148 0.74972549
10.880404 0.74988531
12.858659 0.74522588
14.836914 0.74738962
16.815169 0.74229991
18.793425 0.74447594
20.771680 0.74388583
22.749935 0.74772156
24.728190 0.74768468
26.706445 0.74990990
28.684701 0.74833626
30.662956 0.74907390
32.641211 0.75053689
34.619466 0.75006972
36.597721 0.75014348
38.575977 0.74893867
40.554232 0.74904932
42.532487 0.74904932
44.510742 0.75000825
46.488997 0.74581599
48.467253 0.74779533
50.445508 0.74643069
52.423763 0.74495541
54.402018 0.74686098
56.380274 0.74632005
58.358529 0.74580370
60.336784 0.74402107
62.315039 0.74028369
64.293294 0.73888217
66.271550 0.74210320
68.249805 0.74007469
70.228060 0.74205403
72.206315 0.74051727
74.184570 0.74191879
76.162826 0.73723477
78.141081 0.73936164
80.119336 0.73765277
82.097591 0.74140244
84.075847 0.73577179
86.054102 0.73650943
88.032357 0.73845188
90.010612 0.74354160
91.988867 0.74125491
93.967123 0.73930017
95.945378 0.74307443
97.923633 0.74702080
99.901888 0.74726668
101.880143 0.74912308
103.858399 0.74853297
105.836654 0.75127453
107.814909 0.74998366
109.793164 0.75021725
111.771420 0.74906161
113.749675 0.75030330
115.727930 0.74947961
117.706185 0.74909849
