# Density profile (accumulated) at T = 0.340000
# columns : x rho
0.923399 0.83864530
2.770198 0.84922518
4.616996 0.85396496
6.463794 0.85547435
8.310593 0.85643360
10.157391 0.85681447
12.004189 0.85704018
13.850988 0.85708249
15.697786 0.85712481
17.544585 0.85842261
19.391383 0.85712481
21.238181 0.85818280
23.084980 0.85701196
24.931778 0.85919847
26.778577 0.85719535
28.625375 0.85929721
30.472173 0.85623610
32.318972 0.85853546
34.165770 0.85687090
36.012568 0.85746337
37.859367 0.85739284
39.706165 0.85814048
41.552964 0.85720945
43.399762 0.85719535
45.246560 0.85603861
47.093359 0.85588344
48.940157 0.85598219
50.786956 0.85375336
52.633754 0.84603711
54.480552 0.84204497
56.327351 0.83713591
58.174149 0.83825032
60.020947 0.84383649
61.867746 0.84557159
63.714544 0.84929571
65.561343 0.85303393
67.408141 0.85428941
69.254939 0.85203237
71.101738 0.85378157
72.948536 0.85321731
74.795335 0.85337249
76.642133 0.85543203
78.488931 0.85744926
80.335730 0.85608093
82.182528 0.85766086
84.029326 0.85763265
85.876125 0.85622200
87.722923 0.85811227
89.569722 0.85742105
91.416520 0.85780193
93.263318 0.85814048
95.110117 0.85720945
96.956915 0.85711071
98.803713 0.85644770
100.650512 0.85242735
102.497310 0.84887251
104.344109 0.84605121
106.190907 0.83755910
108.037705 0.82846041
109.884504 0.83143688
