# Density profile (accumulated) at T = 0.360000
# columns : x rho
0.925340 0.85322422
2.776020 0.85233923
4.626700 0.85364564
6.477379 0.85148234
8.328059 0.85294327
10.178739 0.85364564
12.029419 0.85125758
13.880099 0.85312588
15.730779 0.85288708
17.581459 0.85191781
19.432138 0.85257804
21.282818 0.85152448
23.133498 0.85256399
24.984178 0.85167900
26.834858 0.85191781
28.685538 0.85326636
30.536217 0.84989498
32.386897 0.85364564
34.237577 0.85187567
36.088257 0.85065354
37.938937 0.85361754
39.789617 0.85166496
41.640297 0.85174924
43.490976 0.85315398
45.341656 0.85031641
47.192336 0.85235328
49.043016 0.85145424
50.893696 0.85197400
52.744376 0.85180543
54.595055 0.85104687
56.445735 0.85301350
58.296415 0.85163686
60.147095 0.85336469
61.997775 0.85065354
63.848455 0.85273256
65.699135 0.85212852
67.549814 0.85271851
69.400494 0.85115925
71.251174 0.85292922
73.101854 0.85085021
74.952534 0.85058331
76.803214 0.85343493
78.653893 0.85076592
80.504573 0.85280279
82.355253 0.85159472
84.205933 0.85245161
86.056613 0.85231114
87.907293 0.85186162
89.757973 0.85211447
91.608652 0.85333659
93.459332 0.85093449
95.310012 0.85283089
97.160692 0.85299946
99.011372 0.85257804
100.862052 0.85201614
102.712732 0.85332255
104.563411 0.85292922
106.414091 0.85129972
108.264771 0.85375802
110.115451 0.85217066
