# Density profile (accumulated) at T = 0.380000
# columns : x rho
0.938996 0.81924253
2.816988 0.82459011
4.694981 0.82771407
6.572973 0.82710019
8.450965 0.82892819
10.328957 0.83135642
12.206949 0.83135642
14.084942 0.83494420
15.962934 0.83356639
17.840926 0.83588549
19.718918 0.83577635
21.596910 0.83450767
23.474903 0.83578999
25.352895 0.83397564
27.230887 0.83561265
29.108879 0.83217493
30.986872 0.83269331
32.864864 0.82929651
34.742856 0.82765950
36.620848 0.82797326
38.498840 0.82733210
40.376833 0.82529948
42.254825 0.81826033
44.132817 0.81850588
46.010809 0.81419508
47.888801 0.81377219
49.766794 0.81356756
51.644786 0.81101655
53.522778 0.81074371
55.400770 0.81122118
57.278762 0.81097562
59.156755 0.81922889
61.034747 0.82487658
62.912739 0.82883269
64.790731 0.83052427
66.668724 0.83523068
68.546716 0.83315713
70.424708 0.83291158
72.302700 0.83217493
74.180692 0.83473958
76.058685 0.83487600
77.936677 0.83289794
79.814669 0.83356639
81.692661 0.83158833
83.570653 0.83242048
85.448646 0.83038786
87.326638 0.82937836
89.204630 0.82715476
91.082622 0.82216187
92.960615 0.81854680
94.838607 0.81655511
96.716599 0.81299461
98.594591 0.81070279
100.472583 0.80665119
102.350576 0.80609187
104.228568 0.81074371
106.106560 0.81475439
107.984552 0.81826033
109.862544 0.81756460
111.740537 0.81831489
