# Density profile (accumulated) at T = 0.320000
# columns : x rho
0.918267 0.86650462
2.754800 0.86520654
4.591334 0.86557742
6.427868 0.86373728
8.264401 0.86574859
10.100935 0.86484992
11.937469 0.86607668
13.774002 0.86472154
15.610536 0.86512095
17.447070 0.86733197
19.283603 0.86546330
21.120137 0.86550609
22.956671 0.86509242
24.793204 0.86560595
26.629738 0.86512095
28.466272 0.86566301
30.302805 0.86624785
32.139339 0.86546330
33.975873 0.86583418
35.812406 0.86563448
37.648940 0.86711800
39.485474 0.86483566
41.322007 0.86546330
43.158541 0.86509242
44.995074 0.86651888
46.831608 0.86599109
48.668142 0.86509242
50.504675 0.86599109
52.341209 0.86584845
54.177743 0.86425081
56.014276 0.86556315
57.850810 0.86613374
59.687344 0.86487845
61.523877 0.86486419
63.360411 0.86670432
65.196945 0.86609094
67.033478 0.86554889
68.870012 0.86430787
70.706546 0.86543477
72.543079 0.86496404
74.379613 0.86540624
76.216147 0.86450757
78.052680 0.86569153
79.889214 0.86486419
81.725748 0.86554889
83.562281 0.86450757
85.398815 0.86492124
87.235348 0.86647609
89.071882 0.86549183
90.908416 0.86379434
92.744949 0.86583418
94.581483 0.86522080
96.418017 0.86442198
98.254550 0.86476433
100.091084 0.86506389
101.927618 0.86516374
103.764151 0.86489272
105.600685 0.86550609
107.437219 0.86486419
109.273752 0.86509242
