# Density profile (accumulated) at T = 0.420000
# columns : x rho
1.018347 0.69284346
3.055042 0.69286665
5.091737 0.69587070
7.128432 0.69938508
9.165126 0.69410771
11.201821 0.70038256
13.238516 0.70748091
15.275210 0.71184199
17.311905 0.70893074
19.348600 0.70852479
21.385295 0.70982383
23.421989 0.71086771
25.458684 0.71035737
27.495379 0.70190198
29.532073 0.71154043
31.568768 0.71176080
33.605463 0.71208556
35.642158 0.70980064
37.678852 0.70825802
39.715547 0.70886115
41.752242 0.71526359
43.788936 0.71337301
45.825631 0.71424291
47.862326 0.71360498
49.899021 0.71134325
51.935715 0.71210876
53.972410 0.70865237
56.009105 0.70554394
58.045799 0.70533517
60.082494 0.70346779
62.119189 0.70250511
64.155884 0.70305024
66.192578 0.70143803
68.229273 0.70794486
70.265968 0.70969625
72.302663 0.71006740
74.339357 0.70691258
76.376052 0.70887275
78.412747 0.70879156
80.449441 0.70379255
82.486136 0.70045215
84.522831 0.69329580
86.559526 0.68581469
88.596220 0.69573151
90.632915 0.70048695
92.669610 0.70016219
94.706304 0.70431449
96.742999 0.69939668
98.779694 0.69336539
100.816389 0.69285506
102.853083 0.69698416
104.889778 0.70132205
106.926473 0.69624185
108.963167 0.68641782
110.999862 0.67352016
113.036557 0.66127202
115.073252 0.66942585
117.109946 0.67738250
119.146641 0.68736891
121.183336 0.69047734
