# Density profile (accumulated) at T = 0.360000
# columns : x rho
0.929664 0.83304482
2.788992 0.83041450
4.648320 0.82913414
6.507648 0.83307266
8.366975 0.83628749
10.226303 0.84178471
12.085631 0.84444286
13.944959 0.84412277
15.804287 0.84764377
17.663615 0.84491604
19.522943 0.84618249
21.382271 0.84416452
23.241598 0.84711493
25.100926 0.84654433
26.960254 0.84653041
28.819582 0.84655825
30.678910 0.84715668
32.538238 0.84522221
34.397566 0.84756027
36.256894 0.84584848
38.116221 0.84736543
39.975549 0.84415060
41.834877 0.84520829
43.694205 0.84139503
45.553533 0.83269690
47.412861 0.82703267
49.272189 0.82103444
51.131517 0.82071434
52.990844 0.82760327
54.850172 0.83244639
56.709500 0.83852813
58.568828 0.84139503
60.428156 0.84316249
62.287484 0.84550055
64.146812 0.84660000
66.006139 0.84569539
67.865467 0.84584848
69.724795 0.84598765
71.584123 0.84568147
73.443451 0.84884064
75.302779 0.84676700
77.162107 0.84911898
79.021435 0.84724018
80.880762 0.84853446
82.740090 0.84797778
84.599418 0.84829787
86.458746 0.84634949
88.318074 0.84580673
90.177402 0.84644691
92.036730 0.84437327
93.896058 0.84392793
95.755385 0.83954407
97.614713 0.84043476
99.474041 0.84054609
101.333369 0.84021209
103.192697 0.83730343
105.052025 0.83893172
106.911353 0.83688592
108.770681 0.83414427
110.630008 0.83346233
