# Density profile (accumulated) at T = 0.300000
# columns : x rho
0.915538 0.87117607
2.746613 0.87051598
4.577688 0.86961194
6.408764 0.87166396
8.239839 0.87067383
10.070914 0.86998504
11.901990 0.87090342
13.733065 0.86975544
15.564140 0.87183616
17.395216 0.87034378
19.226291 0.86972674
21.057366 0.87007113
22.888442 0.87012853
24.719517 0.87146306
26.550592 0.87054468
28.381668 0.86900925
30.212743 0.87108997
32.043818 0.87209446
33.874894 0.86995634
35.705969 0.87024333
37.537044 0.87034378
39.368120 0.87073122
41.199195 0.87032943
43.030270 0.86999939
44.861346 0.87061643
46.692421 0.86938234
48.523496 0.87213750
50.354572 0.86991329
52.185647 0.87114737
54.016722 0.87005678
55.847798 0.87032943
57.678873 0.87119042
59.509948 0.87081732
61.341024 0.87124782
63.172099 0.86995634
65.003174 0.87117607
66.834250 0.87035813
68.665325 0.87063078
70.496400 0.87233840
72.327476 0.86975544
74.158551 0.87027203
75.989626 0.87114737
77.820702 0.87074557
79.651777 0.86925320
81.482852 0.87116172
83.313927 0.87088907
85.145003 0.87093212
86.976078 0.87027203
88.807153 0.87075992
90.638229 0.87015723
92.469304 0.87065948
94.300379 0.87116172
96.131455 0.86902360
97.962530 0.87137697
99.793605 0.87004243
101.624681 0.87119042
103.455756 0.87009983
105.286831 0.86923885
107.117907 0.87177876
108.948982 0.86984154
