# Density profile (accumulated) at T = 0.400000
# columns : x rho
0.990255 0.72527759
2.970766 0.72916592
4.951277 0.72941124
6.931788 0.73180312
8.912298 0.73262494
10.892809 0.72968109
12.873320 0.73314011
14.853830 0.73966564
16.834341 0.74220470
18.814852 0.73851263
20.795363 0.74270761
22.775873 0.74393421
24.756384 0.74647328
26.736895 0.74719697
28.717406 0.74616663
30.697916 0.74520988
32.678427 0.74243776
34.658938 0.73949391
36.639449 0.73880701
38.619959 0.73980056
40.600470 0.74171406
42.580981 0.74433899
44.561491 0.74238869
46.542002 0.74492776
48.522513 0.74729510
50.503024 0.74482963
52.483534 0.74307559
54.464045 0.74465791
56.444556 0.74357850
58.425067 0.74008268
60.405577 0.74224150
62.386088 0.74305106
64.366599 0.74593357
66.347110 0.73875795
68.327620 0.74316145
70.308131 0.74298973
72.288642 0.74146874
74.269152 0.74830092
76.249663 0.74817826
78.230174 0.74944166
80.210685 0.74968698
82.191195 0.74844811
84.171706 0.74831318
86.152217 0.74859530
88.132728 0.74940486
90.113238 0.74690259
92.093749 0.74588451
94.074260 0.74707431
96.054771 0.74763855
98.035281 0.74480510
100.015792 0.74509948
101.996303 0.74148101
103.976813 0.74251135
105.957324 0.73908913
107.937835 0.73743322
109.918346 0.73511494
111.898856 0.73912593
113.879367 0.74246229
115.859878 0.73195031
117.840389 0.72597676
