# Density profile (accumulated) at T = 0.380000
# columns : x rho
0.929177 0.84588539
2.787531 0.84598292
4.645885 0.84367027
6.504239 0.84670736
8.362593 0.84559283
10.220947 0.84484052
12.079301 0.84538386
13.937655 0.84564856
15.796009 0.84509129
17.654363 0.84496591
19.512717 0.84520275
21.371071 0.84489625
23.229425 0.84555104
25.087779 0.84365634
26.946133 0.84491018
28.804487 0.84452010
30.662841 0.84432505
32.521195 0.84464548
34.379549 0.84523061
36.237903 0.84467334
38.096258 0.84472907
39.954612 0.84580180
41.812966 0.84382352
43.671320 0.84623368
45.529674 0.84343343
47.388028 0.84640086
49.246382 0.84472907
51.104736 0.84532813
52.963090 0.84666556
54.821444 0.84506343
56.679798 0.84436685
58.538152 0.84484052
60.396506 0.84615009
62.254860 0.84584360
64.113214 0.84534206
65.971568 0.84497984
67.829922 0.84606651
69.688276 0.84550924
71.546630 0.84527240
73.404984 0.84538386
75.263338 0.84392104
77.121692 0.84594112
78.980046 0.84569035
80.838400 0.84539779
82.696754 0.84521668
84.555108 0.84520275
86.413462 0.84489625
88.271816 0.84474300
90.130170 0.84495198
91.988524 0.84517488
93.846878 0.84464548
95.705232 0.84518881
97.563586 0.84588539
99.421940 0.84461762
101.280294 0.84518881
103.138648 0.84482659
104.997002 0.84563463
106.855356 0.84549531
108.713710 0.84591326
110.572065 0.84517488
