# Density profile (accumulated) at T = 0.300000
# columns : x rho
0.915931 0.85924476
2.747793 0.86665724
4.579655 0.86869316
6.411517 0.87080077
8.243379 0.86979714
10.075241 0.87042799
11.907103 0.87024161
13.738965 0.87057137
15.570827 0.86968244
17.402689 0.87115920
19.234551 0.86952473
21.066413 0.87090113
22.898275 0.87062872
24.730137 0.87134559
26.561999 0.86956774
28.393861 0.87077209
30.225723 0.86994052
32.057585 0.87038498
33.889447 0.87150330
35.721309 0.86948172
37.553171 0.86984016
39.385033 0.87170403
41.216895 0.87082944
43.048757 0.86976847
44.880619 0.86945305
46.712481 0.86690097
48.544343 0.86556759
50.376205 0.85633426
52.208067 0.83584601
54.039929 0.84322981
55.871791 0.85837018
57.703653 0.86628446
59.535515 0.86892256
61.367377 0.87002654
63.199239 0.87047101
65.031101 0.87224885
66.862963 0.86965377
68.694825 0.87094414
70.526687 0.87134559
72.358549 0.86965377
74.190411 0.87041366
76.022273 0.87084378
77.854135 0.87090113
79.685997 0.86989751
81.517859 0.86972546
83.349721 0.87134559
85.181583 0.86948172
87.013445 0.87137427
88.845307 0.87012691
90.677169 0.87034197
92.509031 0.87097282
94.340893 0.86926666
96.172755 0.87001221
98.004617 0.87012691
99.836479 0.86943871
101.668341 0.86751749
103.500203 0.86526650
105.332065 0.85346676
107.163927 0.83644818
108.995789 0.84066340
