# Density profile (accumulated) at T = 0.340000
# columns : x rho
0.922259 0.85822730
2.766777 0.85760508
4.611295 0.85896265
6.455813 0.85718084
8.300331 0.85798689
10.144849 0.85866568
11.989367 0.85746366
13.833885 0.85867982
15.678403 0.85703942
17.522921 0.85768993
19.367439 0.85889194
21.211957 0.85845356
23.056475 0.85848184
24.900993 0.85819902
26.745511 0.85845356
28.590029 0.85842528
30.434547 0.85750609
32.279065 0.85900508
34.123583 0.85773235
35.968101 0.85727982
37.812618 0.85917477
39.657136 0.85800104
41.501654 0.85726568
43.346172 0.85832629
45.190690 0.85876467
47.035208 0.85756265
48.879726 0.85862326
50.724244 0.85867982
52.568762 0.85694043
54.413280 0.85849599
56.257798 0.85757679
58.102316 0.85781720
59.946834 0.85808588
61.791352 0.85749195
63.635870 0.85798689
65.480388 0.85852427
67.324906 0.85781720
69.169424 0.85715255
71.013942 0.85845356
72.858460 0.85713841
74.702978 0.85744952
76.547496 0.85665760
78.392014 0.85834043
80.236532 0.85719498
82.081050 0.85777477
83.925568 0.85873639
85.770086 0.85670003
87.614604 0.85768993
89.459122 0.85800104
91.303640 0.85674245
93.148158 0.85815659
94.992676 0.85688387
96.837194 0.85801518
98.681712 0.85795861
100.526230 0.85694043
102.370748 0.85815659
104.215266 0.85764750
106.059784 0.85814245
107.904302 0.85604952
109.748820 0.85964144
