# Density profile (accumulated) at T = 0.440000
# columns : x rho
1.277842 0.43750872
3.833525 0.45769214
6.389208 0.48001912
8.944891 0.48782730
11.500574 0.48607415
14.056257 0.48860812
16.611940 0.49417698
19.167623 0.48644246
21.723306 0.46668628
24.278989 0.42449999
26.834672 0.38789729
29.390355 0.36608594
31.946038 0.36176934
34.501721 0.36965119
37.057404 0.38637985
39.613087 0.40132589
42.168771 0.43831900
44.724454 0.48439465
47.280137 0.51567158
49.835820 0.52898969
52.391503 0.53469850
54.947186 0.53209086
57.502869 0.53733561
60.058552 0.53825638
62.614235 0.52902652
65.169918 0.51440459
67.725601 0.48677394
70.281284 0.46491102
72.836967 0.43292694
75.392650 0.39569811
77.948333 0.35802730
80.504016 0.31992190
83.059700 0.29360243
85.615383 0.31490551
88.171066 0.36185773
90.726749 0.40461859
93.282432 0.42884605
95.838115 0.44288605
98.393798 0.45071633
100.949481 0.46316523
103.505164 0.47532684
106.060847 0.48485872
108.616530 0.48823981
111.172213 0.49650470
113.727896 0.49335933
116.283579 0.47995282
118.839262 0.47154061
121.394945 0.46784277
123.950629 0.47716840
126.506312 0.48457144
129.061995 0.46866779
131.617678 0.43655848
134.173361 0.42559756
136.729044 0.42809470
139.284727 0.42529554
141.840410 0.41946150
144.396093 0.40223930
146.951776 0.39865932
149.507459 0.41121871
152.063142 0.42315934
