# Layer profile at T = 0.440000
# input   = perfect_Sigma147_theta16.4264deg.dat
# seed    = 8000029
# n_samples = 1000
# Lx = 110.266563  Ly = 63.662430
# columns : x rho coord psi6 psi4
0.918888 0.52449933 6.014585 0.495320 0.182875
2.756664 0.52281553 6.009449 0.492816 0.183347
4.594440 0.51968726 5.993240 0.496313 0.184648
6.432216 0.51795217 5.948993 0.498706 0.185965
8.269992 0.51189220 5.948238 0.499107 0.186244
10.107768 0.50625105 5.951899 0.499356 0.186160
11.945544 0.50809724 5.943714 0.502590 0.186349
13.783320 0.51040499 5.983740 0.498664 0.183342
15.621096 0.51383242 5.992564 0.497240 0.183887
17.458872 0.51344779 5.963710 0.497024 0.186749
19.296649 0.51214007 5.953854 0.495902 0.186925
21.134425 0.51302043 5.967728 0.496738 0.186286
22.972201 0.51730258 5.974506 0.496904 0.184906
24.809977 0.50881521 5.953536 0.497240 0.186838
26.647753 0.49999449 5.935724 0.497875 0.187966
28.485529 0.49169515 5.921028 0.500714 0.187961
30.323305 0.48945579 5.943281 0.498575 0.187418
32.161081 0.49913122 5.983235 0.495342 0.185805
33.998857 0.50355868 6.005466 0.495122 0.184598
35.836633 0.51270419 6.008169 0.494631 0.184111
37.674409 0.51241358 5.976464 0.497464 0.185029
39.512185 0.49454137 5.897857 0.501190 0.188728
41.349961 0.47943846 5.797069 0.506763 0.194094
43.187737 0.45716444 5.727672 0.514509 0.197792
45.025513 0.44022388 5.676090 0.517094 0.200749
46.863289 0.42851420 5.628503 0.519793 0.204226
48.701065 0.41260785 5.607801 0.518834 0.206855
50.538841 0.39603482 5.602482 0.521790 0.207893
52.376617 0.39362451 5.581352 0.520482 0.209593
54.214394 0.41314633 5.623994 0.517672 0.205841
56.052170 0.44189058 5.709265 0.509925 0.202192
57.889946 0.47066903 5.803530 0.504964 0.196248
59.727722 0.49409692 5.882438 0.500722 0.191749
61.565498 0.50908872 5.955122 0.503013 0.185844
63.403274 0.51665300 6.002349 0.500127 0.183042
65.241050 0.52385829 6.044069 0.499164 0.179989
67.078826 0.52895243 6.065087 0.496839 0.179021
68.916602 0.53673893 6.061707 0.495543 0.179013
70.754378 0.54424338 6.097448 0.491159 0.177639
72.592154 0.55284187 6.140799 0.489303 0.175173
74.429930 0.55856850 6.170342 0.486844 0.174428
76.267706 0.55909842 6.165395 0.487881 0.174413
78.105482 0.54990163 6.158229 0.488906 0.174508
79.943258 0.55063669 6.139189 0.490895 0.174827
81.781034 0.54986744 6.130959 0.490822 0.175581
83.618810 0.54928623 6.130709 0.491636 0.175408
85.456586 0.54516648 6.119374 0.492735 0.176060
87.294362 0.53863641 6.098288 0.492669 0.178292
89.132139 0.52999519 6.067395 0.491426 0.180076
90.969915 0.51956759 6.033066 0.494760 0.182597
92.807691 0.51552477 5.992042 0.495502 0.184539
94.645467 0.50399458 5.952023 0.496262 0.187761
96.483243 0.49643031 5.906682 0.497509 0.190862
98.321019 0.49038743 5.860320 0.502088 0.191788
100.158795 0.48066926 5.861372 0.504412 0.192039
101.996571 0.48117354 5.859457 0.503455 0.191463
103.834347 0.47974616 5.884908 0.504464 0.190767
105.672123 0.48872073 5.911926 0.503593 0.188381
107.509899 0.50525957 5.943381 0.501806 0.185592
109.347675 0.51847355 5.995104 0.497937 0.183169
