# Layer profile at T = 0.360000
# input   = bicrystal_Sigma147_theta16.4264deg.dat
# seed    = 4000794
# n_samples = 1000
# Lx = 85.050495  Ly = 49.103926
# columns : x rho coord psi6 psi4
0.708754 0.82265381 5.839297 0.794378 0.128304
2.126262 0.82802697 5.865707 0.808479 0.121373
3.543771 0.83485118 5.906092 0.828928 0.112161
4.961279 0.84176158 5.944718 0.847399 0.102950
6.378787 0.84880128 5.967316 0.857126 0.097416
7.796295 0.84627273 5.978185 0.862858 0.094878
9.213804 0.85183266 5.984888 0.866038 0.093221
10.631312 0.84920355 5.984875 0.867632 0.092833
12.048820 0.84849958 5.985642 0.868206 0.092224
13.466328 0.85190449 5.989342 0.868688 0.091576
14.883837 0.84964892 5.989871 0.868155 0.091728
16.301345 0.84979258 5.987506 0.868958 0.091842
17.718853 0.85084136 5.984955 0.867759 0.092252
19.136361 0.85022359 5.981345 0.868177 0.092900
20.553870 0.84719220 5.972850 0.867760 0.093281
21.971378 0.84742207 5.970637 0.866636 0.094392
23.388886 0.84834154 5.972887 0.867525 0.093713
24.806394 0.84928975 5.975911 0.867989 0.093612
26.223903 0.84778124 5.975004 0.867344 0.093562
27.641411 0.84860014 5.970914 0.865639 0.094579
29.058919 0.84401715 5.966433 0.863078 0.095582
30.476427 0.84601413 5.960263 0.861861 0.096711
31.893936 0.84457746 5.954480 0.858508 0.098004
33.311444 0.84492226 5.949006 0.855821 0.100084
34.728952 0.84154608 5.943304 0.848050 0.102927
36.146460 0.83726479 5.919180 0.835068 0.109028
37.563969 0.82952112 5.878193 0.815178 0.118701
38.981477 0.82095854 5.836323 0.797279 0.127947
40.398985 0.81878916 5.814062 0.785495 0.134373
41.816493 0.81728065 5.806581 0.778605 0.136969
43.234002 0.82121714 5.822221 0.783923 0.133396
44.651510 0.82357329 5.856712 0.800540 0.125163
46.069018 0.83394607 5.897428 0.820769 0.115318
47.486526 0.83976460 5.926658 0.837139 0.107776
48.904035 0.84270978 5.948617 0.849635 0.102219
50.321543 0.84657443 5.966025 0.858069 0.097881
51.739051 0.84815478 5.980825 0.863801 0.093897
53.156559 0.85111432 5.985585 0.867410 0.092457
54.574068 0.85023795 5.986229 0.868266 0.092246
55.991576 0.84999372 5.985768 0.869084 0.091876
57.409084 0.85094192 5.985683 0.870474 0.091500
58.826592 0.85009428 5.987916 0.870066 0.091231
60.244101 0.85151659 5.991142 0.870864 0.090779
61.661609 0.85098502 5.994007 0.871303 0.090258
63.079117 0.85122926 5.994059 0.870222 0.090652
64.496625 0.85301073 5.991343 0.869580 0.091226
65.914134 0.84888748 5.988255 0.869329 0.091779
67.331642 0.85078389 5.984920 0.869058 0.092108
68.749150 0.84704854 5.979257 0.864940 0.093832
70.166658 0.84837028 5.968112 0.858712 0.096871
71.584167 0.84423266 5.948114 0.851886 0.101044
73.001675 0.83735099 5.926258 0.841919 0.105541
74.419183 0.83716422 5.916700 0.836144 0.108556
75.836691 0.83778199 5.922077 0.837078 0.107893
77.254200 0.83825609 5.926114 0.836104 0.107575
78.671708 0.83934796 5.919398 0.833641 0.109327
80.089216 0.83446327 5.903483 0.824420 0.113710
81.506724 0.82896081 5.880676 0.812970 0.119408
82.924233 0.82636043 5.859264 0.803599 0.124066
84.341741 0.82154758 5.837664 0.795090 0.129002
