# Layer profile at T = 0.280000
# input   = perfect_Sigma147_theta16.4264deg.dat
# seed    = 5
# n_samples = 1000
# Lx = 83.493060  Ly = 48.204741
# columns : x rho coord psi6 psi4
0.695775 0.87636502 5.999711 0.921472 0.070445
2.087326 0.87547056 5.999728 0.921234 0.070543
3.478877 0.87855646 5.999644 0.921169 0.070550
4.870428 0.87553019 5.999591 0.921468 0.070535
6.261979 0.87639484 5.999796 0.922058 0.070380
7.653530 0.87670790 5.999847 0.921727 0.070282
9.045081 0.87590288 5.999711 0.921389 0.070511
10.436632 0.87536620 5.999745 0.920963 0.070868
11.828183 0.87711041 5.999745 0.920913 0.070827
13.219734 0.87681225 5.999694 0.920413 0.070881
14.611285 0.87658864 5.999626 0.921140 0.070769
16.002836 0.87600724 5.999830 0.921307 0.070670
17.394387 0.87661845 5.999813 0.921419 0.070695
18.785938 0.87766199 5.999779 0.921596 0.070765
20.177489 0.87620104 5.999711 0.920654 0.070791
21.569040 0.87614140 5.999796 0.920984 0.070865
22.960591 0.87629048 5.999711 0.921632 0.070529
24.352142 0.87596251 5.999728 0.921350 0.070384
25.743693 0.87570908 5.999762 0.920958 0.070876
27.135244 0.87736384 5.999796 0.920645 0.070695
28.526795 0.87688679 5.999694 0.920644 0.070905
29.918346 0.87715513 5.999779 0.920403 0.070940
31.309897 0.87520222 5.999796 0.920948 0.070719
32.701448 0.87655882 5.999745 0.920972 0.070744
34.092999 0.87809432 5.999745 0.920657 0.070661
35.484550 0.87472517 5.999761 0.920602 0.070849
36.876101 0.87833284 5.999610 0.921097 0.070810
38.267652 0.87515750 5.999796 0.920490 0.071076
39.659203 0.87450156 5.999710 0.920484 0.070771
41.050754 0.87790052 5.999779 0.921661 0.070556
42.442305 0.87506805 5.999744 0.920276 0.071044
43.833856 0.87888442 5.999746 0.920563 0.070771
45.225407 0.87573890 5.999762 0.921666 0.070681
46.616958 0.87673771 5.999830 0.921348 0.070543
48.008509 0.87630539 5.999677 0.920879 0.070539
49.400060 0.87708059 5.999609 0.921154 0.070498
50.791611 0.87705078 5.999728 0.921656 0.070527
52.183162 0.87617122 5.999694 0.921168 0.070473
53.574713 0.87673771 5.999643 0.921081 0.070777
54.966264 0.87648428 5.999626 0.920761 0.070826
56.357815 0.87602214 5.999558 0.921342 0.070470
57.749366 0.87796015 5.999779 0.921468 0.070262
59.140917 0.87688679 5.999643 0.921374 0.070547
60.532468 0.87694642 5.999660 0.921663 0.070621
61.924019 0.87626067 5.999643 0.921594 0.070393
63.315570 0.87660354 5.999677 0.921444 0.070640
64.707121 0.87685698 5.999677 0.920937 0.070784
66.098672 0.87663336 5.999830 0.921268 0.070735
67.490223 0.87754273 5.999745 0.921178 0.070616
68.881774 0.87687188 5.999694 0.920959 0.070572
70.273325 0.87448665 5.999659 0.921134 0.070846
71.664876 0.87731911 5.999762 0.921403 0.070557
73.056427 0.87591779 5.999796 0.921464 0.070441
74.447978 0.87751291 5.999694 0.921459 0.070455
75.839529 0.87566436 5.999796 0.921847 0.070352
77.231080 0.87743838 5.999847 0.921238 0.070572
78.622631 0.87818376 5.999762 0.920841 0.070863
80.014182 0.87526185 5.999693 0.921026 0.070696
81.405733 0.87688679 5.999643 0.921273 0.070309
82.797284 0.87763218 5.999643 0.921322 0.070570
