# Layer profile at T = 0.380000
# input   = perfect_Sigma147_theta16.4264deg.dat
# seed    = 5000020
# n_samples = 1000
# Lx = 85.073353  Ly = 49.117123
# columns : x rho coord psi6 psi4
0.708945 0.84624881 5.989022 0.856587 0.095830
2.126834 0.84382213 5.989705 0.857352 0.095431
3.544723 0.84468367 5.988865 0.855764 0.095557
4.962612 0.84392264 5.988668 0.854066 0.096010
6.380501 0.84390829 5.989995 0.854218 0.095647
7.798391 0.84449701 5.988897 0.856743 0.095401
9.216280 0.84370726 5.988682 0.855769 0.095972
10.634169 0.84396572 5.988141 0.855020 0.096021
12.052058 0.84566009 5.988844 0.856440 0.095645
13.469948 0.84314726 5.989135 0.857015 0.095579
14.887837 0.84567444 5.989269 0.856955 0.095332
16.305726 0.84410931 5.989130 0.856729 0.095041
17.723615 0.84423854 5.988911 0.857088 0.095213
19.141504 0.84646419 5.988109 0.856767 0.095349
20.559394 0.84323341 5.988761 0.856332 0.095639
21.977283 0.84534419 5.989452 0.855727 0.095721
23.395172 0.84403752 5.989129 0.856113 0.095665
24.813061 0.84307546 5.988606 0.856755 0.095913
26.230950 0.84532983 5.989401 0.856991 0.095371
27.648840 0.84297495 5.989132 0.855683 0.095853
29.066729 0.84495649 5.989328 0.855453 0.095556
30.484618 0.84435341 5.989286 0.856100 0.095595
31.902507 0.84375034 5.989245 0.856971 0.095481
33.320396 0.84514316 5.988973 0.857219 0.095563
34.738286 0.84534419 5.989384 0.856533 0.095535
36.156175 0.84435341 5.989286 0.855153 0.095851
37.574064 0.84313290 5.987755 0.855066 0.096176
38.991953 0.84482726 5.987967 0.855355 0.096193
40.409843 0.84357803 5.989140 0.856855 0.095860
41.827732 0.84485598 5.989616 0.857399 0.095311
43.245621 0.84418111 5.989539 0.857084 0.095552
44.663510 0.84482726 5.988731 0.855592 0.095995
46.081399 0.84383649 5.987731 0.854272 0.096125
47.499289 0.84329085 5.987349 0.854634 0.096204
48.917178 0.84455444 5.987283 0.855901 0.095692
50.335067 0.84422418 5.989761 0.856109 0.095639
51.752956 0.84362110 5.989073 0.856703 0.095400
53.170845 0.84591855 5.988525 0.857040 0.095262
54.588735 0.84330521 5.989579 0.856958 0.095613
56.006624 0.84576060 5.988608 0.856327 0.095659
57.424513 0.84327649 5.987910 0.855845 0.095952
58.842402 0.84530111 5.989043 0.856060 0.095622
60.260291 0.84113699 5.989621 0.856073 0.095966
61.678181 0.84495649 5.989056 0.855041 0.095700
63.096070 0.84390829 5.988872 0.856439 0.095608
64.513959 0.84458316 5.988830 0.857226 0.095406
65.931848 0.84439649 5.989355 0.856315 0.095552
67.349738 0.84491342 5.990007 0.856104 0.095158
68.767627 0.84308982 5.988623 0.856783 0.095539
70.185516 0.84438213 5.988521 0.856796 0.095458
71.603405 0.84561701 5.989149 0.857342 0.095152
73.021294 0.84488470 5.989616 0.856157 0.095883
74.439184 0.84479854 5.988714 0.856441 0.095430
75.857073 0.84344880 5.989173 0.856489 0.095577
77.274962 0.84461188 5.988814 0.856663 0.095701
78.692851 0.84359239 5.989906 0.857241 0.095690
80.110740 0.84492778 5.988954 0.856762 0.095778
81.528630 0.84280264 5.989556 0.856944 0.095430
82.946519 0.84485598 5.988681 0.856618 0.095652
84.364408 0.84327649 5.988660 0.855281 0.095880
