# Layer profile at T = 0.320000
# input   = bicrystal_Sigma147_theta16.4264deg.dat
# seed    = 2000788
# n_samples = 1000
# Lx = 84.317931  Ly = 48.680980
# columns : x rho coord psi6 psi4
0.702649 0.85959452 5.988113 0.893484 0.083321
2.107948 0.86374588 5.996683 0.897493 0.080790
3.513247 0.86216720 5.998322 0.898989 0.079933
4.918546 0.86320504 5.998645 0.899790 0.079776
6.323845 0.86317580 5.998408 0.900524 0.079201
7.729144 0.86333659 5.998612 0.900066 0.079510
9.134442 0.86460831 5.998597 0.900261 0.079381
10.539741 0.86425749 5.998799 0.900039 0.079221
11.945040 0.86080777 5.998777 0.899592 0.079710
13.350339 0.86397976 5.998917 0.899254 0.079555
14.755638 0.86403823 5.998545 0.899213 0.079766
16.160937 0.86229875 5.998288 0.899393 0.079541
17.566236 0.86324889 5.998527 0.899444 0.079670
18.971534 0.86367280 5.998663 0.898854 0.079758
20.376833 0.86169944 5.998490 0.898986 0.080037
21.782132 0.86408208 5.998461 0.899207 0.079691
23.187431 0.86317580 5.998730 0.899461 0.079916
24.592730 0.86241569 5.998542 0.898946 0.079861
25.998029 0.86335121 5.995293 0.898404 0.080388
27.403327 0.86127553 5.988544 0.897973 0.081329
28.808626 0.85990149 5.980638 0.898280 0.082569
30.213925 0.85979917 5.975128 0.896956 0.083508
31.619224 0.85892212 5.977127 0.896358 0.083111
33.024523 0.86082239 5.986687 0.897033 0.082172
34.429822 0.86346815 5.992264 0.895951 0.082047
35.835120 0.86044234 5.987734 0.893121 0.083305
37.240419 0.85497541 5.971534 0.884114 0.088187
38.645718 0.85446379 5.936430 0.863456 0.098471
40.051017 0.83844305 5.877944 0.832216 0.114743
41.456316 0.82731917 5.816955 0.798007 0.130946
42.861615 0.81984964 5.796869 0.792036 0.135479
44.266914 0.83720057 5.845689 0.814459 0.122783
45.672212 0.84462624 5.915302 0.852145 0.104664
47.077511 0.85664180 5.966402 0.879275 0.090622
48.482810 0.86054466 5.990539 0.892866 0.083456
49.888109 0.86155326 5.996844 0.896611 0.081371
51.293408 0.86488604 5.997837 0.898405 0.080243
52.698707 0.86355586 5.997613 0.898613 0.080171
54.104005 0.86129015 5.995927 0.896627 0.081061
55.509304 0.86209411 5.991234 0.894041 0.082102
56.914603 0.86045695 5.983844 0.890465 0.084591
58.319902 0.85979917 5.977032 0.886507 0.086711
59.725201 0.85458073 5.962900 0.879631 0.090311
61.130500 0.85297281 5.937347 0.867289 0.096828
62.535798 0.84385152 5.917303 0.855887 0.102145
63.941097 0.84543020 5.920483 0.857650 0.101439
65.346396 0.85346981 5.940637 0.866992 0.096838
66.751695 0.85630559 5.959646 0.876109 0.092305
68.156994 0.85463920 5.963261 0.877369 0.090684
69.562293 0.85439071 5.957451 0.876888 0.091811
70.967592 0.85102869 5.935538 0.867371 0.096971
72.372890 0.84579564 5.918565 0.858572 0.101140
73.778189 0.84905533 5.919187 0.859587 0.101007
75.183488 0.84766667 5.925660 0.865856 0.098934
76.588787 0.85028320 5.935017 0.871735 0.095633
77.994086 0.85496079 5.954846 0.878487 0.091454
79.399385 0.85689029 5.966343 0.884540 0.088534
80.804683 0.85722649 5.969545 0.887373 0.087080
82.209982 0.85656871 5.973805 0.889488 0.086033
83.615281 0.86069083 5.976614 0.887385 0.085760
