# Layer profile at T = 0.400000
# input   = bicrystal_Sigma147_theta16.4264deg.dat
# seed    = 6000800
# n_samples = 1000
# Lx = 90.602159  Ly = 52.309181
# columns : x rho coord psi6 psi4
0.755018 0.73875081 5.684455 0.633742 0.179707
2.265054 0.74461240 5.688928 0.637753 0.178613
3.775090 0.74435920 5.700490 0.639157 0.176984
5.285126 0.74601767 5.701834 0.639915 0.176710
6.795162 0.74654939 5.711476 0.641897 0.175429
8.305198 0.74772677 5.707985 0.645063 0.175198
9.815234 0.74552393 5.711282 0.645090 0.174419
11.325270 0.74456176 5.711623 0.648603 0.173712
12.835306 0.74580245 5.722000 0.649395 0.172857
14.345342 0.75242364 5.722965 0.648000 0.172269
15.855378 0.74443516 5.721421 0.646893 0.172263
17.365414 0.74824583 5.707663 0.646487 0.174857
18.875450 0.74570117 5.719789 0.649360 0.171910
20.385486 0.75334782 5.738850 0.653448 0.169177
21.895522 0.75063858 5.741264 0.653287 0.169416
23.405558 0.74894213 5.732226 0.652567 0.170723
24.915594 0.74302990 5.724830 0.652949 0.170972
26.425630 0.74318182 5.719094 0.653471 0.171915
27.935666 0.74173858 5.704979 0.651365 0.173414
29.445702 0.74308054 5.702155 0.647725 0.174637
30.955738 0.74804327 5.716401 0.647590 0.172495
32.465774 0.74944854 5.732863 0.648424 0.171775
33.975810 0.75229704 5.730576 0.649616 0.170821
35.485846 0.74657471 5.725102 0.648287 0.172212
36.995882 0.74768879 5.710442 0.647224 0.173863
38.505918 0.74170060 5.700492 0.644924 0.175635
40.015954 0.74032065 5.691161 0.641785 0.177367
41.525990 0.73791525 5.684424 0.638372 0.178203
43.036026 0.74178922 5.677282 0.638008 0.179016
44.546062 0.73970031 5.676320 0.634517 0.179581
46.056098 0.73726959 5.672986 0.634157 0.180508
47.566134 0.73526930 5.669841 0.634088 0.181086
49.076170 0.74097897 5.664474 0.635403 0.180555
50.586206 0.73420586 5.663362 0.637063 0.179853
52.096242 0.73591496 5.661030 0.636818 0.181556
53.606278 0.73421852 5.652298 0.636224 0.180642
55.116314 0.73307911 5.652517 0.638716 0.180957
56.626350 0.73147129 5.647149 0.639912 0.181583
58.136386 0.72914184 5.641560 0.641257 0.181558
59.646422 0.72758466 5.645630 0.638244 0.181833
61.156458 0.73004071 5.643389 0.639377 0.181050
62.666494 0.73467428 5.653926 0.636861 0.180885
64.176530 0.73513004 5.662511 0.637371 0.180061
65.686566 0.73682648 5.666586 0.639141 0.179468
67.196602 0.73977627 5.673461 0.637255 0.178935
68.706638 0.73942179 5.687344 0.640421 0.176981
70.216673 0.74384014 5.684725 0.639775 0.178276
71.726709 0.73569974 5.684953 0.639126 0.177687
73.236745 0.74191582 5.677866 0.642604 0.177453
74.746781 0.73802919 5.685210 0.644206 0.176717
76.256817 0.73919391 5.684028 0.643191 0.176883
77.766853 0.74010543 5.692200 0.643425 0.176054
79.276889 0.74551127 5.702498 0.643835 0.174795
80.786925 0.74689121 5.708099 0.641961 0.175892
82.296961 0.74451112 5.699531 0.640039 0.176669
83.806997 0.74528338 5.699400 0.639943 0.176638
85.317033 0.74459974 5.694483 0.637975 0.177282
86.827069 0.74035863 5.690663 0.635691 0.178473
88.337105 0.74505550 5.691033 0.635287 0.179005
89.847141 0.74252350 5.685700 0.635695 0.178602
