# Layer profile at T = 0.300000
# input   = bicrystal_Sigma147_theta16.4264deg.dat
# seed    = 1000785
# n_samples = 1000
# Lx = 83.968168  Ly = 48.479045
# columns : x rho coord psi6 psi4
0.699735 0.85082244 5.921991 0.866571 0.098338
2.099204 0.85609918 5.919665 0.865652 0.099093
3.498674 0.84665117 5.911248 0.863005 0.101258
4.898143 0.85425674 5.914350 0.862921 0.100270
6.297613 0.85742574 5.947122 0.882133 0.091003
7.697082 0.86572407 5.977918 0.896823 0.082510
9.096552 0.86861301 5.990786 0.904706 0.078301
10.496021 0.86862775 5.997183 0.909286 0.075752
11.895491 0.86918785 5.999525 0.911145 0.074852
13.294960 0.86929103 5.999271 0.910298 0.075254
14.694429 0.86952686 5.999390 0.910242 0.075220
16.093899 0.87020488 5.999509 0.910638 0.075145
17.493368 0.86988061 5.999407 0.910827 0.075083
18.892838 0.86831822 5.999219 0.910546 0.075239
20.292307 0.86963004 5.999237 0.910667 0.075366
21.691777 0.86945316 5.999254 0.911173 0.075113
23.091246 0.86974795 5.999424 0.911294 0.075129
24.490716 0.87042597 5.999492 0.910470 0.075156
25.890185 0.87010170 5.999339 0.910028 0.075226
27.289655 0.86904046 5.999372 0.910604 0.075007
28.689124 0.86911415 5.999423 0.910705 0.075035
30.088594 0.86878988 5.999287 0.910547 0.075181
31.488063 0.86957108 5.999288 0.909906 0.075572
32.887533 0.87067654 5.999170 0.910599 0.075396
34.287002 0.86836244 5.998591 0.910008 0.075755
35.686472 0.86982165 5.994239 0.906557 0.077752
37.085941 0.86321836 5.978929 0.897687 0.082526
38.485410 0.86133170 5.955456 0.884888 0.089007
39.884880 0.85387352 5.936252 0.873138 0.095621
41.284349 0.85346081 5.902682 0.854304 0.105482
42.683819 0.83426999 5.861504 0.831891 0.116775
44.083288 0.84632690 5.860325 0.833195 0.116449
45.482758 0.83988574 5.878786 0.844330 0.111250
46.882227 0.85259118 5.901338 0.855513 0.104019
48.281697 0.85683616 5.944265 0.878847 0.092607
49.681166 0.86497236 5.976808 0.897118 0.083141
51.080636 0.86700641 5.993540 0.905995 0.077771
52.480105 0.86902572 5.998372 0.908569 0.076262
53.879575 0.86964477 5.999220 0.909768 0.075720
55.279044 0.86914363 5.999491 0.910135 0.075302
56.678514 0.86890780 5.999118 0.910610 0.075179
58.077983 0.86940894 5.999118 0.910794 0.075160
59.477453 0.86961530 5.999373 0.910329 0.075562
60.876922 0.87014592 5.999577 0.910466 0.075151
62.276391 0.86871619 5.999525 0.910098 0.075144
63.675861 0.86862775 5.999270 0.910765 0.075246
65.075330 0.87013118 5.999339 0.911327 0.075135
66.474800 0.86898150 5.999389 0.910811 0.075496
67.874269 0.87049967 5.999204 0.910181 0.075670
69.273739 0.86949738 5.998661 0.909183 0.076049
70.673208 0.86750755 5.996262 0.907366 0.077157
72.072678 0.86666740 5.988146 0.903418 0.078791
73.472147 0.86567985 5.978172 0.898741 0.082066
74.871617 0.86472178 5.974449 0.896485 0.082892
76.271086 0.86198024 5.963133 0.890068 0.086329
77.670556 0.85512637 5.945980 0.881953 0.090537
79.070025 0.85941557 5.939081 0.876192 0.093030
80.469495 0.85522955 5.939886 0.877140 0.093613
81.868964 0.85462523 5.934221 0.873136 0.095222
83.268434 0.85761735 5.928470 0.871756 0.096510
