# Layer profile at T = 0.440000
# input   = bicrystal_Sigma147_theta16.4264deg.dat
# seed    = 8000806
# n_samples = 1000
# Lx = 115.613935  Ly = 66.749737
# columns : x rho coord psi6 psi4
0.963449 0.37921009 5.795567 0.483844 0.205787
2.890348 0.38488572 5.827367 0.482362 0.204591
4.817247 0.39933138 5.898407 0.478693 0.198685
6.744146 0.41741566 5.995306 0.473234 0.192599
8.671045 0.42891465 6.064876 0.469603 0.189912
10.597944 0.43920076 6.126500 0.464989 0.188071
12.524843 0.45976522 6.219109 0.457000 0.185527
14.451742 0.49058469 6.337248 0.449301 0.179837
16.378641 0.50552793 6.440165 0.443964 0.175118
18.305540 0.51282851 6.516252 0.439944 0.171303
20.232439 0.52190175 6.561950 0.439462 0.168621
22.159338 0.52505056 6.568131 0.439261 0.167987
24.086236 0.52257816 6.530247 0.440474 0.169598
26.013135 0.51461672 6.471189 0.444825 0.171340
27.940034 0.50209923 6.374775 0.452793 0.174939
29.866933 0.48046184 6.290063 0.457983 0.178928
31.793832 0.45981187 6.196852 0.466502 0.182619
33.720731 0.43214898 6.119263 0.471705 0.187254
35.647630 0.41046495 6.063549 0.473492 0.189316
37.574529 0.38951953 6.045289 0.476487 0.190224
39.501428 0.38102940 6.065520 0.472431 0.191833
41.428327 0.38205568 6.092654 0.474311 0.190059
43.355226 0.38448143 6.082302 0.471309 0.189520
45.282125 0.38985385 6.038031 0.473161 0.190490
47.209023 0.38920854 5.966580 0.476732 0.192591
49.135922 0.38619190 5.913231 0.481472 0.196627
51.062821 0.39791636 5.904611 0.481786 0.197926
52.989720 0.41685587 5.952925 0.475942 0.194321
54.916619 0.43484685 5.993295 0.470475 0.192775
56.843518 0.45296223 6.080038 0.460974 0.189997
58.770417 0.46396363 6.224449 0.453228 0.184685
60.697316 0.47998758 6.358608 0.445986 0.180306
62.624215 0.49064689 6.433359 0.441706 0.176525
64.551114 0.49437103 6.443022 0.441046 0.176125
66.478013 0.49039032 6.450249 0.444134 0.175647
68.404912 0.48567099 6.466438 0.443400 0.175651
70.331811 0.48348626 6.454604 0.444081 0.175304
72.258709 0.47536155 6.372418 0.448227 0.178319
74.185608 0.46609394 6.242106 0.453093 0.184494
76.112507 0.44948688 6.131649 0.462003 0.187544
78.039406 0.43610638 6.065749 0.470664 0.188704
79.966305 0.42309907 6.038148 0.475870 0.189136
81.893204 0.42303687 6.019996 0.474846 0.189960
83.820103 0.43927851 6.086549 0.471624 0.188053
85.747002 0.45733169 6.157883 0.468173 0.184157
87.673901 0.46218319 6.173182 0.467293 0.181233
89.600800 0.46562745 6.213245 0.465007 0.179390
91.527699 0.48723373 6.271989 0.460165 0.176885
93.454598 0.50651534 6.411678 0.449188 0.171975
95.381496 0.52505833 6.547095 0.441084 0.167986
97.308395 0.53206346 6.615863 0.437278 0.166437
99.235294 0.52480176 6.622178 0.435546 0.166946
101.162193 0.52805164 6.588209 0.436113 0.168225
103.089092 0.51889288 6.516647 0.439320 0.170838
105.015991 0.50130619 6.408294 0.444104 0.175737
106.942890 0.47755405 6.281588 0.452446 0.182195
108.869789 0.45138394 6.149543 0.461257 0.188544
110.796688 0.42652000 6.054686 0.466827 0.192556
112.723587 0.39895819 5.956971 0.471307 0.198620
114.650486 0.38015862 5.875695 0.476304 0.202158
