# Layer profile at T = 0.340000
# input   = bicrystal_Sigma147_theta16.4264deg.dat
# seed    = 3000791
# n_samples = 1000
# Lx = 84.604855  Ly = 48.846636
# columns : x rho coord psi6 psi4
0.705040 0.83821023 5.887345 0.830028 0.113189
2.115121 0.83613409 5.875345 0.821044 0.117573
3.525202 0.82932492 5.866881 0.818406 0.118969
4.935283 0.83471128 5.869167 0.821077 0.118512
6.345364 0.83704876 5.883495 0.828157 0.114892
7.755445 0.83784727 5.895493 0.837988 0.110603
9.165526 0.84237704 5.913014 0.847699 0.106191
10.575607 0.84467096 5.923117 0.850267 0.103481
11.985688 0.84529526 5.937464 0.857846 0.099846
13.395769 0.85039124 5.958957 0.865835 0.094555
14.805850 0.85407894 5.976898 0.874948 0.090670
16.215930 0.85654708 5.988999 0.881358 0.087519
17.626011 0.85647449 5.993253 0.883184 0.086452
19.036092 0.85827478 5.994249 0.884924 0.085627
20.446173 0.85760693 5.993855 0.885348 0.085670
21.856254 0.85666323 5.993272 0.884367 0.085713
23.266335 0.85705523 5.994308 0.884688 0.085897
24.676416 0.85754886 5.995767 0.884253 0.085915
26.086497 0.85897167 5.995859 0.883976 0.085983
27.496578 0.85634382 5.991828 0.881245 0.087334
28.906659 0.85313524 5.978677 0.874679 0.090759
30.316740 0.84912814 5.952177 0.861855 0.097467
31.726820 0.84121556 5.911047 0.842331 0.107145
33.136901 0.83344817 5.873428 0.820927 0.118064
34.546982 0.82765530 5.843896 0.807274 0.124918
35.957063 0.82955722 5.844044 0.808270 0.124605
37.367144 0.83584372 5.877473 0.824823 0.116807
38.777225 0.83931364 5.914582 0.842148 0.107441
40.187306 0.84564370 5.931824 0.851710 0.102505
41.597387 0.84443866 5.937830 0.854170 0.101386
43.007468 0.85027510 5.944113 0.857192 0.099750
44.417549 0.84809732 5.955405 0.863816 0.096445
45.827630 0.85314976 5.963225 0.867723 0.094118
47.237710 0.85188665 5.969323 0.874735 0.091318
48.647791 0.85458709 5.974126 0.878329 0.089941
50.057872 0.85497909 5.982408 0.882451 0.087509
51.467953 0.85781019 5.992198 0.884001 0.086204
52.878034 0.85971211 5.996825 0.885272 0.085174
54.288115 0.85596634 5.996964 0.885886 0.084968
55.698196 0.85963952 5.996909 0.886557 0.084430
57.108277 0.85779567 5.997106 0.887371 0.084652
58.518358 0.85876841 5.997261 0.886376 0.084751
59.928439 0.85782471 5.997174 0.886614 0.084963
61.338520 0.85846352 5.997446 0.886498 0.084798
62.748600 0.85769404 5.996953 0.886694 0.084615
64.158681 0.85942174 5.997331 0.886793 0.084643
65.568762 0.85916041 5.997398 0.886691 0.084803
66.978843 0.85673582 5.996950 0.886511 0.084959
68.388924 0.85910234 5.997093 0.887408 0.084487
69.799005 0.85814412 5.997259 0.886688 0.084521
71.209086 0.85869582 5.997058 0.886214 0.084845
72.619167 0.85794086 5.996616 0.885859 0.085014
74.029248 0.85839093 5.996786 0.885758 0.085114
75.439329 0.85736012 5.997172 0.886210 0.085074
76.849410 0.85900071 5.997025 0.885271 0.085081
78.259490 0.85696812 5.995934 0.884675 0.085379
79.669571 0.85659064 5.993559 0.883230 0.086326
81.079652 0.85618412 5.983670 0.878262 0.089356
82.489733 0.84970888 5.959283 0.864836 0.095692
83.899814 0.84198504 5.918974 0.848209 0.105320
