# Layer profile at T = 0.380000
# input   = bicrystal_Sigma147_theta16.4264deg.dat
# seed    = 5000797
# n_samples = 1000
# Lx = 85.089803  Ly = 49.126621
# columns : x rho coord psi6 psi4
0.709082 0.83451061 5.908824 0.822012 0.113718
2.127245 0.83425225 5.909174 0.821758 0.113149
3.545408 0.83537182 5.918127 0.823074 0.112186
4.963572 0.83577372 5.912774 0.823086 0.113128
6.381735 0.83163992 5.909941 0.826086 0.111937
7.799899 0.83476898 5.910090 0.828022 0.111323
9.218062 0.83650575 5.917432 0.829453 0.110635
10.636225 0.83854394 5.929734 0.831442 0.108753
12.054389 0.83819945 5.935904 0.831712 0.108149
13.472552 0.83765402 5.934149 0.832315 0.109058
14.890716 0.83640527 5.927684 0.831520 0.108979
16.308879 0.84002234 5.926133 0.833210 0.109084
17.727042 0.83722342 5.934115 0.835203 0.107741
19.145206 0.83964915 5.942425 0.838152 0.105994
20.563369 0.84389778 5.943991 0.838600 0.105371
21.981533 0.84107015 5.944929 0.841344 0.104723
23.399696 0.84196006 5.946163 0.842489 0.104064
24.817859 0.84108450 5.947882 0.840962 0.104582
26.236023 0.84101273 5.942468 0.838329 0.105685
27.654186 0.83911808 5.934161 0.834310 0.107726
29.072350 0.83541488 5.926619 0.830707 0.109764
30.490513 0.83781191 5.921158 0.827709 0.110515
31.908676 0.83588855 5.916358 0.825675 0.111700
33.326840 0.83415178 5.912931 0.823372 0.112720
34.745003 0.83410872 5.910380 0.820208 0.113563
36.163166 0.83489816 5.908436 0.818089 0.114632
37.581330 0.83377859 5.904474 0.818486 0.115319
38.999493 0.83475462 5.909211 0.820386 0.114158
40.417657 0.83494122 5.917552 0.824298 0.112112
41.835820 0.83858700 5.932562 0.831749 0.108588
43.253983 0.84188830 5.945750 0.838814 0.105463
44.672147 0.84440015 5.961108 0.844126 0.102207
46.090310 0.84349588 5.970136 0.846353 0.100324
47.508474 0.84480205 5.975534 0.849252 0.099167
48.926637 0.84694072 5.982646 0.851495 0.097784
50.344800 0.84859137 5.986722 0.852699 0.097285
51.762964 0.84704119 5.988630 0.854118 0.096588
53.181127 0.84923727 5.989521 0.854243 0.096510
54.599291 0.84773016 5.989011 0.854013 0.096689
56.017454 0.84810335 5.988678 0.853828 0.096921
57.435617 0.84767274 5.987521 0.852783 0.096896
58.853781 0.84870619 5.985168 0.850993 0.097562
60.271944 0.84649576 5.983807 0.851226 0.097712
61.690107 0.84668235 5.982403 0.852139 0.097787
63.108271 0.84617998 5.981850 0.851630 0.097887
64.526434 0.84533313 5.980847 0.851630 0.098119
65.944598 0.84828994 5.979137 0.851491 0.098128
67.362761 0.84498864 5.977442 0.850091 0.098530
68.780924 0.84547666 5.978134 0.850815 0.098191
70.199088 0.84661059 5.981639 0.851479 0.097711
71.617251 0.84794546 5.982886 0.852621 0.097695
73.035415 0.84742873 5.981538 0.852356 0.098060
74.453578 0.84583550 5.975428 0.851384 0.098489
75.871741 0.84438580 5.971629 0.848505 0.099644
77.289905 0.84483076 5.962826 0.846977 0.100998
78.708068 0.84218972 5.954870 0.844883 0.102658
80.126232 0.84214666 5.947743 0.840790 0.104372
81.544395 0.83903196 5.937525 0.837472 0.106467
82.962558 0.83749613 5.926836 0.831358 0.108922
84.380722 0.83383600 5.915515 0.825324 0.112335
