# Layer profile at T = 0.340000
# input   = perfect_Sigma147_theta16.4264deg.dat
# seed    = 3000014
# n_samples = 1000
# Lx = 84.410545  Ly = 48.734451
# columns : x rho coord psi6 psi4
0.703421 0.85740298 5.997074 0.888131 0.084129
2.110264 0.85916782 5.997012 0.887850 0.084018
3.517106 0.85712586 5.997107 0.887532 0.084137
4.923948 0.85686332 5.997021 0.887305 0.083828
6.330791 0.85956162 5.996657 0.887518 0.084196
7.737633 0.85687791 5.996851 0.888444 0.083850
9.144476 0.85744674 5.997023 0.887663 0.083784
10.551318 0.85832187 5.996873 0.887356 0.084335
11.958161 0.85747591 5.996615 0.888562 0.083777
13.365003 0.85826352 5.996822 0.888016 0.083997
14.771845 0.85842396 5.996891 0.888261 0.084008
16.178688 0.85750508 5.997245 0.888708 0.083758
17.585530 0.85808850 5.997263 0.887971 0.083809
18.992373 0.85781138 5.996412 0.888009 0.084254
20.399215 0.85769469 5.997313 0.887983 0.084079
21.806057 0.85811767 5.996550 0.888000 0.084266
23.212900 0.85830728 5.996856 0.887741 0.083826
24.619742 0.85715503 5.997141 0.887366 0.084040
26.026585 0.85763635 5.996497 0.888300 0.083953
27.433427 0.85749050 5.997057 0.888705 0.084060
28.840270 0.85733006 5.997074 0.889001 0.083953
30.247112 0.85874484 5.996994 0.887226 0.084197
31.653954 0.85638201 5.996849 0.887449 0.084412
33.060797 0.85766552 5.996548 0.888020 0.084468
34.467639 0.85846772 5.996704 0.887566 0.084421
35.874482 0.85794264 5.996260 0.887652 0.084180
37.281324 0.85820518 5.997145 0.888309 0.083965
38.688166 0.85747591 5.997057 0.889362 0.083770
40.095009 0.85839479 5.997230 0.889343 0.083974
41.501851 0.85813226 5.996873 0.887205 0.084309
42.908694 0.85614864 5.996780 0.886706 0.084367
44.315536 0.85746133 5.996666 0.887471 0.084331
45.722379 0.85733006 5.996461 0.887052 0.084325
47.129221 0.85814684 5.996499 0.886830 0.084257
48.536063 0.85522976 5.996777 0.887509 0.083994
49.942906 0.85845313 5.997112 0.887434 0.084078
51.349748 0.85746133 5.996870 0.887244 0.084478
52.756591 0.85775303 5.996599 0.886634 0.084537
54.163433 0.85620698 5.996917 0.887685 0.084507
55.570275 0.85848230 5.996568 0.887561 0.084430
56.977118 0.85862816 5.996908 0.888484 0.084075
58.383960 0.85700918 5.997090 0.888943 0.083987
59.790803 0.85817601 5.996686 0.887922 0.084092
61.197645 0.85625074 5.996338 0.886474 0.084458
62.604488 0.85861357 5.997129 0.887423 0.084487
64.011330 0.85614864 5.996916 0.887696 0.084139
65.418172 0.85667371 5.996374 0.886762 0.084543
66.825015 0.85753425 5.996853 0.887154 0.084152
68.231857 0.85784055 5.996361 0.887393 0.084281
69.638700 0.85664454 5.996663 0.887714 0.084270
71.045542 0.85829269 5.996601 0.888504 0.084215
72.452385 0.85814684 5.996210 0.887833 0.084204
73.859227 0.85641118 5.996747 0.887286 0.084249
75.266069 0.85776762 5.996905 0.887757 0.084100
76.672912 0.85730089 5.996427 0.887880 0.084298
78.079754 0.85715503 5.996835 0.887438 0.084488
79.486597 0.85746133 5.997040 0.887960 0.084168
80.893439 0.85733006 5.996989 0.888232 0.084028
82.300281 0.85759260 5.996462 0.887554 0.084427
83.707124 0.85817601 5.997043 0.887199 0.084294
