# Layer profile at T = 0.320000
# input   = perfect_Sigma147_theta16.4264deg.dat
# seed    = 2000011
# n_samples = 1000
# Lx = 84.073931  Ly = 48.540107
# columns : x rho coord psi6 psi4
0.700616 0.86509108 5.998402 0.899921 0.079524
2.101848 0.86359143 5.998536 0.900277 0.079811
3.503080 0.86407662 5.998298 0.899969 0.079799
4.904313 0.86622317 5.998303 0.900495 0.079238
6.305545 0.86373846 5.998400 0.900405 0.079386
7.706777 0.86551745 5.998047 0.901154 0.079348
9.108009 0.86328268 5.998825 0.900550 0.079181
10.509241 0.86459120 5.998742 0.900988 0.079210
11.910474 0.86539983 5.998539 0.900538 0.079414
13.311706 0.86438537 5.998673 0.901186 0.079078
14.712938 0.86485584 5.998657 0.900677 0.079071
16.114170 0.86456180 5.998486 0.900418 0.079397
17.515402 0.86475293 5.998555 0.900603 0.079216
18.916634 0.86537043 5.998777 0.900754 0.079289
20.317867 0.86369435 5.998570 0.900388 0.079443
21.719099 0.86365024 5.998195 0.899970 0.079792
23.120331 0.86353263 5.998434 0.900076 0.079384
24.521563 0.86512049 5.998165 0.900655 0.079536
25.922795 0.86382667 5.998349 0.900910 0.079062
27.324028 0.86489995 5.998232 0.900410 0.079493
28.725260 0.86378257 5.998366 0.900153 0.079640
30.126492 0.86375316 5.998485 0.899968 0.079654
31.527724 0.86479703 5.998504 0.900448 0.079269
32.928956 0.86306215 5.998518 0.900422 0.079289
34.330188 0.86460590 5.998555 0.900229 0.079439
35.731421 0.86534102 5.998301 0.900343 0.079325
37.132653 0.86357673 5.998434 0.899870 0.079118
38.533885 0.86441477 5.998724 0.900156 0.079230
39.935117 0.86440007 5.998690 0.899864 0.079384
41.336349 0.86366495 5.998638 0.899947 0.079594
42.737582 0.86423834 5.998707 0.899577 0.079573
44.138814 0.86560567 5.998607 0.899584 0.079445
45.540046 0.86332679 5.998501 0.900462 0.079078
46.941278 0.86469412 5.998419 0.900613 0.079142
48.342510 0.86551745 5.998505 0.899910 0.079426
49.743742 0.86448828 5.998146 0.900116 0.079278
51.144975 0.86303274 5.998756 0.900269 0.079057
52.546207 0.86479703 5.998385 0.900157 0.079500
53.947439 0.86434126 5.998554 0.900932 0.079023
55.348671 0.86504698 5.998317 0.900935 0.079343
56.749903 0.86532632 5.998199 0.900541 0.079377
58.151135 0.86404721 5.998537 0.900586 0.079218
59.552368 0.86550275 5.998403 0.900191 0.079110
60.953600 0.86434126 5.998639 0.900644 0.079084
62.354832 0.86357673 5.998383 0.900865 0.078859
63.756064 0.86539983 5.998097 0.900302 0.079151
65.157296 0.86416483 5.998435 0.900632 0.079190
66.558529 0.86619377 5.998252 0.900185 0.079351
67.959761 0.86473822 5.998368 0.900104 0.078920
69.360993 0.86257697 5.998296 0.900317 0.079368
70.762225 0.86588501 5.998217 0.899717 0.079465
72.163457 0.86528221 5.998658 0.900368 0.079319
73.564689 0.86384138 5.998638 0.900551 0.078925
74.965922 0.86564978 5.998573 0.900267 0.079204
76.367154 0.86387078 5.998707 0.900117 0.079388
77.768386 0.86428245 5.999098 0.900763 0.079371
79.169618 0.86562037 5.998522 0.900332 0.079341
80.570850 0.86503227 5.998759 0.900599 0.079207
81.972083 0.86337090 5.998433 0.899705 0.079522
83.373315 0.86482644 5.998402 0.899567 0.079541
