# Layer profile at T = 0.420000
# input   = bicrystal_Sigma147_theta16.4264deg.dat
# seed    = 7000803
# n_samples = 1000
# Lx = 93.060925  Ly = 53.728750
# columns : x rho coord psi6 psi4
0.775508 0.70586934 5.653282 0.590704 0.190727
2.326523 0.70363736 5.655951 0.592002 0.189195
3.877539 0.70580934 5.654766 0.591375 0.189432
5.428554 0.70210138 5.644021 0.590865 0.190737
6.979569 0.69938940 5.629875 0.593648 0.192143
8.530585 0.69994140 5.635533 0.593872 0.190846
10.081600 0.70242537 5.633747 0.592532 0.190678
11.632616 0.70099739 5.639317 0.593259 0.189795
13.183631 0.70314537 5.635760 0.593587 0.189970
14.734646 0.70265337 5.645359 0.593851 0.189299
16.285662 0.70561734 5.663549 0.593043 0.187864
17.836677 0.70874931 5.666373 0.594656 0.187575
19.387693 0.70907331 5.681300 0.595445 0.185294
20.938708 0.70889331 5.672687 0.596841 0.186669
22.489723 0.70531735 5.670790 0.598165 0.186571
24.040739 0.71065730 5.684729 0.593974 0.185884
25.591754 0.70691333 5.677763 0.594887 0.186369
27.142770 0.70932531 5.659048 0.596488 0.187180
28.693785 0.70092539 5.652685 0.596755 0.188043
30.244801 0.70020540 5.648198 0.598321 0.189272
31.795816 0.69872941 5.649413 0.597084 0.188976
33.346831 0.69932940 5.646213 0.595588 0.189412
34.897847 0.70110539 5.651765 0.595065 0.188356
36.448862 0.69944940 5.641195 0.593013 0.189473
37.999878 0.70204138 5.632521 0.592711 0.190705
39.550893 0.69890941 5.632213 0.594266 0.191191
41.101908 0.69773342 5.629100 0.595556 0.190507
42.652924 0.70100939 5.626245 0.594021 0.190752
44.203939 0.70111739 5.639773 0.593421 0.190878
45.754955 0.70409336 5.647789 0.589775 0.190703
47.305970 0.70339737 5.647815 0.592136 0.190171
48.856986 0.70852132 5.658983 0.595245 0.187822
50.408001 0.71024930 5.674748 0.595223 0.186883
51.959016 0.71009330 5.681926 0.591196 0.187062
53.510032 0.70430936 5.665480 0.594301 0.188124
55.061047 0.70166938 5.649428 0.594949 0.189628
56.612063 0.70717733 5.649494 0.593771 0.189263
58.163078 0.70314537 5.661974 0.592364 0.188061
59.714093 0.70896531 5.665070 0.594701 0.188101
61.265109 0.70386536 5.659148 0.595115 0.188355
62.816124 0.70060139 5.652884 0.592405 0.188646
64.367140 0.69816541 5.638490 0.596065 0.190403
65.918155 0.69701343 5.626031 0.595339 0.190671
67.469170 0.69983340 5.634671 0.595557 0.190279
69.020186 0.70303737 5.646270 0.593903 0.189364
70.571201 0.70368536 5.648386 0.596834 0.188332
72.122217 0.70664933 5.653953 0.596989 0.187932
73.673232 0.70820932 5.669897 0.595584 0.185950
75.224248 0.70984130 5.675542 0.597394 0.185859
76.775263 0.70706933 5.662814 0.597518 0.187754
78.326278 0.70847332 5.675407 0.598171 0.185931
79.877294 0.70573734 5.666361 0.593873 0.188169
81.428309 0.70639734 5.666876 0.593389 0.188701
82.979325 0.70746533 5.649569 0.592668 0.189293
84.530340 0.70150138 5.638892 0.594349 0.190295
86.081355 0.69779342 5.627188 0.593922 0.190325
87.632371 0.69438545 5.631476 0.593171 0.191045
89.183386 0.69050949 5.636202 0.593431 0.190292
90.734402 0.69388146 5.630517 0.593000 0.191541
92.285417 0.69479345 5.647703 0.588882 0.190413
