# Layer profile at T = 0.360000
# input   = perfect_Sigma147_theta16.4264deg.dat
# seed    = 4000017
# n_samples = 1000
# Lx = 84.737310  Ly = 48.923109
# columns : x rho coord psi6 psi4
0.706144 0.85159910 5.994239 0.874152 0.089454
2.118433 0.85223592 5.994192 0.873420 0.089626
3.530721 0.84968865 5.993970 0.873095 0.089521
4.943010 0.85119385 5.994474 0.873419 0.089545
6.355298 0.85057151 5.994096 0.872751 0.089725
7.767587 0.85036888 5.993822 0.872844 0.090017
9.179875 0.85117938 5.993845 0.872985 0.089651
10.592164 0.85119385 5.993607 0.872237 0.089804
12.004452 0.85042677 5.994163 0.872635 0.089644
13.416741 0.85278590 5.994145 0.872786 0.089486
14.829029 0.85078860 5.994114 0.872216 0.089798
16.241318 0.84941366 5.992963 0.871862 0.090055
17.653606 0.85149779 5.993575 0.871901 0.089963
19.065895 0.84934129 5.994240 0.872560 0.089897
20.478183 0.85238065 5.994295 0.873232 0.089560
21.890472 0.85058598 5.994045 0.872930 0.090122
23.302760 0.85036888 5.994043 0.872332 0.089384
24.715049 0.85200435 5.993732 0.873684 0.089286
26.127337 0.85012284 5.994331 0.873453 0.089517
27.539626 0.85136753 5.994305 0.874761 0.089273
28.951914 0.85139647 5.993812 0.873956 0.089527
30.364203 0.85206224 5.994191 0.873500 0.089301
31.776491 0.85077413 5.994335 0.873917 0.089103
33.188780 0.85225039 5.994583 0.874713 0.088989
34.601068 0.85075966 5.994573 0.874423 0.089069
36.013357 0.85109254 5.994269 0.873094 0.089912
37.425645 0.85258327 5.993583 0.873706 0.089537
38.837934 0.85141095 5.993608 0.873620 0.089521
40.250222 0.85099123 5.993860 0.872666 0.089442
41.662511 0.84923998 5.993933 0.873447 0.089366
43.074799 0.85249643 5.993650 0.873585 0.089638
44.487088 0.85113596 5.994916 0.873462 0.089537
45.899376 0.85125174 5.994899 0.875263 0.089050
47.311665 0.85261222 5.994313 0.874253 0.089302
48.723953 0.85033994 5.993805 0.873565 0.089407
50.136242 0.84986232 5.994278 0.872677 0.089745
51.548530 0.85141095 5.993744 0.872536 0.089337
52.960819 0.85031099 5.993924 0.872558 0.089864
54.373107 0.85174383 5.993883 0.874139 0.089359
55.785396 0.85093333 5.994234 0.874168 0.088908
57.197684 0.85057151 5.993551 0.872147 0.089543
58.609973 0.85068729 5.993518 0.872347 0.090120
60.022261 0.85035441 5.994162 0.873379 0.089658
61.434550 0.85239512 5.994329 0.873006 0.090164
62.846838 0.84923998 5.994240 0.872723 0.089566
64.259127 0.85110701 5.994167 0.873083 0.089499
65.671415 0.84964523 5.993800 0.873368 0.089807
67.083704 0.85253985 5.994092 0.872605 0.089673
68.495992 0.85112149 5.994235 0.873114 0.089510
69.908281 0.84951497 5.993475 0.872208 0.089840
71.320569 0.85000705 5.993615 0.872703 0.089574
72.732858 0.85330693 5.993538 0.872680 0.089726
74.145146 0.85018073 5.993735 0.874069 0.089676
75.557435 0.85239512 5.994244 0.874177 0.089132
76.969723 0.85026757 5.994502 0.873537 0.089507
78.382012 0.84978996 5.993239 0.873088 0.089871
79.794300 0.85158463 5.993644 0.872265 0.089506
81.206589 0.85074518 5.993859 0.873823 0.089724
82.618877 0.85031099 5.994468 0.873824 0.089400
84.031166 0.85167146 5.994290 0.873778 0.089571
