# Layer profile at T = 0.420000
# input   = perfect_Sigma147_theta16.4264deg.dat
# seed    = 7000026
# n_samples = 1000
# Lx = 93.090646  Ly = 53.745910
# columns : x rho coord psi6 psi4
0.775755 0.68717850 5.605895 0.599877 0.190859
2.327266 0.69390614 5.631457 0.602321 0.188579
3.878777 0.70185699 5.637016 0.601627 0.188077
5.430288 0.70220476 5.637742 0.598041 0.189070
6.981798 0.69890690 5.636256 0.598815 0.189255
8.533309 0.69415798 5.642492 0.600118 0.188152
10.084820 0.68998468 5.642137 0.601718 0.188350
11.636331 0.69331852 5.642370 0.599262 0.188575
13.187842 0.69647248 5.640098 0.598271 0.188683
14.739352 0.70272043 5.646711 0.597901 0.187883
16.290863 0.70718154 5.652807 0.598224 0.188101
17.842374 0.70634208 5.663345 0.600023 0.186849
19.393885 0.70066976 5.655793 0.601784 0.187340
20.945395 0.70108949 5.656649 0.601727 0.186799
22.496906 0.70390766 5.660613 0.600537 0.186389
24.048417 0.70587438 5.672160 0.600012 0.185980
25.599928 0.70863260 5.678225 0.601940 0.184700
27.151439 0.71130686 5.690630 0.601477 0.183476
28.702949 0.71140280 5.689272 0.601343 0.185184
30.254460 0.71207436 5.683048 0.599008 0.184657
31.805971 0.70460321 5.653323 0.600069 0.187003
33.357482 0.69346243 5.632778 0.601389 0.188922
34.908992 0.69689221 5.629904 0.602620 0.188900
36.460503 0.70228871 5.652915 0.605111 0.186131
38.012014 0.70233668 5.661783 0.602596 0.185301
39.563525 0.70305621 5.661635 0.601222 0.185783
41.115036 0.71190647 5.676370 0.603170 0.184898
42.666546 0.71526430 5.695627 0.604615 0.182490
44.218057 0.71311769 5.693669 0.604127 0.183520
45.769568 0.71518035 5.695893 0.603304 0.183325
47.321079 0.71913779 5.705955 0.605134 0.181109
48.872589 0.71370531 5.703834 0.604018 0.182387
50.424100 0.71890993 5.705495 0.603329 0.181797
51.975611 0.71657145 5.714692 0.603291 0.181845
53.527122 0.71829833 5.713057 0.604340 0.180923
55.078632 0.71785462 5.710859 0.602384 0.181987
56.630143 0.71142678 5.702262 0.603815 0.183099
58.181654 0.71299777 5.692742 0.601732 0.183606
59.733165 0.70904033 5.668786 0.602517 0.185548
61.284676 0.70279238 5.664477 0.601499 0.185968
62.836186 0.70028601 5.658772 0.599534 0.186969
64.387697 0.70180902 5.660196 0.600038 0.187074
65.939208 0.70918424 5.663984 0.600894 0.186783
67.490719 0.71050338 5.685841 0.600237 0.184469
69.042229 0.71308171 5.690626 0.602070 0.183991
70.593740 0.71167862 5.695745 0.601072 0.183497
72.145251 0.71113897 5.697454 0.600341 0.183193
73.696762 0.71509641 5.699279 0.600925 0.183054
75.248273 0.71572000 5.705003 0.603172 0.182533
76.799783 0.71304573 5.688760 0.600810 0.184048
78.351294 0.70893240 5.677279 0.601580 0.184876
79.902805 0.70423145 5.660275 0.602078 0.186408
81.454316 0.70347594 5.653126 0.602924 0.187869
83.005826 0.70786509 5.667322 0.603437 0.185879
84.557337 0.70349992 5.679679 0.603787 0.184397
86.108848 0.70251656 5.661102 0.600172 0.186438
87.660359 0.69142375 5.638875 0.599063 0.189025
89.211870 0.69166360 5.615785 0.599712 0.191079
90.763380 0.68314912 5.607871 0.601088 0.190528
92.314891 0.68223771 5.599191 0.600169 0.191472
