# Layer profile at T = 0.280000
# input   = bicrystal_Sigma147_theta16.4264deg.dat
# seed    = 782
# n_samples = 1000
# Lx = 83.663794  Ly = 48.303314
# columns : x rho coord psi6 psi4
0.697198 0.86706092 5.946712 0.889956 0.088458
2.091595 0.87173771 5.990003 0.912981 0.076120
3.485991 0.87386082 5.998930 0.919433 0.072185
4.880388 0.87552368 5.999661 0.920360 0.071416
6.274785 0.87500403 5.999830 0.919915 0.071135
7.669181 0.87492980 5.999728 0.920352 0.070952
9.063578 0.87559791 5.999746 0.920518 0.071162
10.457974 0.87527128 5.999610 0.920907 0.070828
11.852371 0.87533067 5.999813 0.920780 0.070747
13.246767 0.87607301 5.999729 0.920454 0.070893
14.641164 0.87458832 5.999644 0.920414 0.071175
16.035561 0.87478133 5.999678 0.920380 0.070864
17.429957 0.87536036 5.999661 0.920493 0.070997
18.824354 0.87418745 5.999813 0.920031 0.070998
20.218750 0.87544944 5.999644 0.920182 0.070992
21.613147 0.87662235 5.999763 0.921059 0.070973
23.007543 0.87433592 5.999643 0.920370 0.071034
24.401940 0.87561276 5.999746 0.920684 0.071023
25.796336 0.87452893 5.999677 0.920918 0.071111
27.190733 0.87512281 5.999406 0.920303 0.071137
28.585130 0.87368266 5.997094 0.918753 0.072028
29.979526 0.87366781 5.991605 0.915462 0.073812
31.373923 0.87411322 5.975796 0.907257 0.078646
32.768319 0.86049858 5.958056 0.897658 0.083970
34.162716 0.86766965 5.941137 0.887775 0.089919
35.557112 0.85159042 5.919540 0.873678 0.096506
36.951509 0.85968200 5.900903 0.864337 0.101392
38.345906 0.85525761 5.914799 0.872132 0.097396
39.740302 0.86483388 5.943863 0.886882 0.090017
41.134699 0.86394307 5.947723 0.889206 0.088384
42.529095 0.86086975 5.934739 0.883881 0.091219
43.923492 0.85935537 5.932016 0.881758 0.091825
45.317888 0.86608103 5.949806 0.890549 0.087097
46.712285 0.86786266 5.974698 0.906447 0.079312
48.106682 0.87491495 5.990650 0.914199 0.074447
49.501078 0.87438046 5.996825 0.918051 0.072416
50.895475 0.87567215 5.999067 0.919776 0.071575
52.289871 0.87501888 5.999729 0.920089 0.071016
53.684268 0.87366781 5.999779 0.921235 0.071070
55.078664 0.87533067 5.999661 0.920450 0.070967
56.473061 0.87642934 5.999712 0.920271 0.070889
57.867458 0.87357873 5.999694 0.921526 0.070719
59.261854 0.87623633 5.999746 0.920612 0.070875
60.656251 0.87479618 5.999728 0.920658 0.070867
62.050647 0.87533067 5.999695 0.921035 0.070916
63.445044 0.87573153 5.999797 0.920230 0.071178
64.839440 0.87576123 5.999797 0.920566 0.070901
66.233837 0.87460317 5.999745 0.920591 0.071010
67.628233 0.87443985 5.999576 0.920218 0.071011
69.022630 0.87546429 5.999627 0.919834 0.071156
70.417027 0.87536036 5.999627 0.920315 0.071174
71.811423 0.87571669 5.999661 0.919889 0.071742
73.205820 0.87231674 5.998860 0.918913 0.071987
74.600216 0.87353419 5.990737 0.913424 0.075398
75.994613 0.86879802 5.956303 0.895372 0.085658
77.389009 0.85052144 5.898614 0.862989 0.102891
78.783406 0.84510231 5.855097 0.839802 0.115167
80.177803 0.84409272 5.859515 0.841690 0.114784
81.572199 0.85723225 5.881014 0.853466 0.108085
82.966596 0.84770052 5.900151 0.864261 0.102268
