# Layer profile at T = 0.400000
# input   = perfect_Sigma147_theta16.4264deg.dat
# seed    = 6000023
# n_samples = 1000
# Lx = 90.611508  Ly = 52.314579
# columns : x rho coord psi6 psi4
0.755096 0.74320567 5.855289 0.756091 0.133494
2.265288 0.74523086 5.858281 0.757750 0.133758
3.775480 0.74586373 5.864442 0.757980 0.132907
5.285671 0.74538275 5.864830 0.757055 0.132601
6.795863 0.74721807 5.863570 0.757063 0.132922
8.306055 0.74707884 5.864731 0.755742 0.132811
9.816247 0.74731933 5.868585 0.757294 0.132574
11.326439 0.74849647 5.870009 0.757721 0.132081
12.836630 0.74853445 5.872451 0.759046 0.131698
14.346822 0.74558527 5.868840 0.759056 0.132181
15.857014 0.74767374 5.870256 0.756615 0.132840
17.367206 0.74757248 5.867885 0.757465 0.132624
18.877398 0.74521820 5.866686 0.759471 0.132231
20.387589 0.74857242 5.864138 0.759258 0.132326
21.897781 0.74454736 5.858865 0.755651 0.134325
23.407973 0.74434484 5.853963 0.754082 0.134604
24.918165 0.74305378 5.852432 0.753588 0.134743
26.428357 0.74405372 5.856526 0.754950 0.134060
27.938548 0.74550932 5.860677 0.752967 0.134004
29.448740 0.74729402 5.857266 0.751287 0.134917
30.958932 0.74314239 5.859245 0.750079 0.135191
32.469124 0.74774969 5.854848 0.750319 0.135317
33.979316 0.74104125 5.844276 0.751613 0.136319
35.489507 0.74321833 5.845192 0.750721 0.136817
36.999699 0.74190196 5.844696 0.748008 0.137059
38.509891 0.74186399 5.841549 0.746959 0.137699
40.020083 0.74566121 5.843442 0.747602 0.137837
41.530275 0.74147161 5.844315 0.747695 0.137411
43.040466 0.74164881 5.838977 0.745936 0.137555
44.550658 0.74007929 5.834787 0.746725 0.138626
46.060850 0.74128175 5.833091 0.744602 0.139387
47.571042 0.73981348 5.830331 0.743879 0.139671
49.081234 0.74149692 5.833294 0.741888 0.140335
50.591426 0.74161084 5.834770 0.739775 0.139959
52.101617 0.73914264 5.830588 0.739350 0.141543
53.611809 0.74450939 5.838031 0.742026 0.139766
55.122001 0.74115517 5.836017 0.742377 0.140004
56.632193 0.74386386 5.835951 0.739780 0.140379
58.142385 0.74076279 5.837280 0.740851 0.139747
59.652576 0.74234497 5.839912 0.743282 0.139390
61.162768 0.74367400 5.842411 0.743184 0.138789
62.672960 0.74366134 5.844910 0.742632 0.138637
64.183152 0.74357274 5.846611 0.742529 0.138634
65.693344 0.74128175 5.839887 0.745796 0.138256
67.203535 0.74195259 5.844468 0.747068 0.137153
68.713727 0.74231965 5.844732 0.748900 0.136324
70.223919 0.74345882 5.848698 0.747554 0.136951
71.734111 0.74277532 5.843805 0.749081 0.137112
73.244303 0.74600296 5.849774 0.751991 0.135510
74.754494 0.74573716 5.860448 0.753314 0.133652
76.264686 0.74509163 5.861533 0.754976 0.133420
77.774878 0.74564855 5.861280 0.755884 0.133405
79.285070 0.74712947 5.862690 0.755999 0.133067
80.795262 0.74668646 5.870830 0.754901 0.132817
82.305453 0.74824333 5.868511 0.755792 0.132920
83.815645 0.74704087 5.867536 0.755955 0.132637
85.325837 0.74425624 5.862636 0.758906 0.132684
86.836029 0.74537009 5.859343 0.757262 0.133263
88.346221 0.74164881 5.857818 0.755789 0.133369
89.856412 0.74430687 5.850792 0.754826 0.134051
