# Layer profile at T = 0.300000
# input   = perfect_Sigma147_theta16.4264deg.dat
# seed    = 1000008
# n_samples = 1000
# Lx = 83.751262  Ly = 48.353814
# columns : x rho coord psi6 psi4
0.697927 0.87055489 5.999285 0.910798 0.074983
2.093782 0.87153274 5.999439 0.910747 0.075060
3.489636 0.87083639 5.999217 0.910860 0.074832
4.885490 0.87077713 5.999456 0.912024 0.074682
6.281345 0.87169572 5.999354 0.912191 0.074573
7.677199 0.87111789 5.999558 0.911770 0.074594
9.073053 0.87184388 5.999507 0.911194 0.075044
10.468908 0.86999188 5.999234 0.911489 0.074913
11.864762 0.87145866 5.999422 0.911311 0.074927
13.260617 0.87148829 5.999320 0.910773 0.075104
14.656471 0.87108826 5.999473 0.910715 0.075269
16.052325 0.86938443 5.999352 0.911461 0.074628
17.448180 0.87285136 5.999457 0.911267 0.074787
18.844034 0.87086602 5.999336 0.911386 0.074706
20.239888 0.87141421 5.999320 0.911772 0.074639
21.635743 0.87107345 5.999490 0.912245 0.074651
23.031597 0.87088084 5.999422 0.911930 0.074403
24.427452 0.87179943 5.999252 0.911241 0.074856
25.823306 0.87202167 5.999524 0.911747 0.074892
27.219160 0.87061415 5.999319 0.911828 0.074599
28.615015 0.87159200 5.999405 0.911709 0.075009
30.010869 0.87178461 5.999303 0.911291 0.074754
31.406723 0.87096974 5.999592 0.911495 0.074705
32.802578 0.87105863 5.999405 0.911211 0.074650
34.198432 0.87162164 5.999286 0.910891 0.075126
35.594287 0.87070305 5.999370 0.911665 0.074596
36.990141 0.87194759 5.999286 0.911862 0.074260
38.385995 0.87156237 5.999388 0.911756 0.074758
39.781850 0.87102900 5.999592 0.910818 0.074928
41.177704 0.87142903 5.999643 0.911037 0.074942
42.573558 0.87027339 5.999115 0.911407 0.074769
43.969413 0.87150311 5.999235 0.911428 0.074751
45.365267 0.87119197 5.999252 0.911245 0.075167
46.761121 0.87193277 5.999303 0.911414 0.074884
48.156976 0.87079194 5.999285 0.911214 0.075079
49.552830 0.87194759 5.999371 0.911219 0.074926
50.948685 0.87104382 5.999439 0.911482 0.074718
52.344539 0.87104382 5.999337 0.911538 0.074757
53.740393 0.87142903 5.999439 0.911432 0.074736
55.136248 0.87110308 5.999303 0.911255 0.074871
56.532102 0.87071786 5.999421 0.911445 0.074723
57.927956 0.87134013 5.999592 0.911751 0.074741
59.323811 0.87255504 5.999440 0.911256 0.074575
60.719665 0.87126605 5.999473 0.911919 0.074633
62.115520 0.87018449 5.999319 0.911404 0.074943
63.511374 0.87113271 5.999405 0.911013 0.075059
64.907228 0.87150311 5.999286 0.911472 0.074917
66.303083 0.87073268 5.999438 0.911220 0.075005
67.698937 0.87160682 5.999269 0.911225 0.074810
69.094791 0.87006596 5.999404 0.911581 0.074703
70.490646 0.87178461 5.999388 0.911676 0.074630
71.886500 0.87065860 5.999285 0.911466 0.074826
73.282355 0.87193277 5.999303 0.911686 0.074692
74.678209 0.86938443 5.999301 0.911250 0.075060
76.074063 0.87088084 5.999337 0.911032 0.074923
77.469918 0.87240688 5.999389 0.910593 0.075255
78.865772 0.86920664 5.999642 0.910782 0.075085
80.261626 0.87280691 5.999270 0.910908 0.074915
81.657481 0.87123642 5.999286 0.911503 0.074606
83.053335 0.86997707 5.999455 0.911074 0.074967
