# Density profile (accumulated) at T = 0.360000
# columns : x rho
0.706144 0.85159910
2.118433 0.85223592
3.530721 0.84968865
4.943010 0.85119385
6.355298 0.85057151
7.767587 0.85036888
9.179875 0.85117938
10.592164 0.85119385
12.004452 0.85042677
13.416741 0.85278590
14.829029 0.85078860
16.241318 0.84941366
17.653606 0.85149779
19.065895 0.84934129
20.478183 0.85238065
21.890472 0.85058598
23.302760 0.85036888
24.715049 0.85200435
26.127337 0.85012284
27.539626 0.85136753
28.951914 0.85139647
30.364203 0.85206224
31.776491 0.85077413
33.188780 0.85225039
34.601068 0.85075966
36.013357 0.85109254
37.425645 0.85258327
38.837934 0.85141095
40.250222 0.85099123
41.662511 0.84923998
43.074799 0.85249643
44.487088 0.85113596
45.899376 0.85125174
47.311665 0.85261222
48.723953 0.85033994
50.136242 0.84986232
51.548530 0.85141095
52.960819 0.85031099
54.373107 0.85174383
55.785396 0.85093333
57.197684 0.85057151
58.609973 0.85068729
60.022261 0.85035441
61.434550 0.85239512
62.846838 0.84923998
64.259127 0.85110701
65.671415 0.84964523
67.083704 0.85253985
68.495992 0.85112149
69.908281 0.84951497
71.320569 0.85000705
72.732858 0.85330693
74.145146 0.85018073
75.557435 0.85239512
76.969723 0.85026757
78.382012 0.84978996
79.794300 0.85158463
81.206589 0.85074518
82.618877 0.85031099
84.031166 0.85167146
