# Density profile (accumulated) at T = 0.400000
# columns : x rho
0.755096 0.74320567
2.265288 0.74523086
3.775480 0.74586373
5.285671 0.74538275
6.795863 0.74721807
8.306055 0.74707884
9.816247 0.74731933
11.326439 0.74849647
12.836630 0.74853445
14.346822 0.74558527
15.857014 0.74767374
17.367206 0.74757248
18.877398 0.74521820
20.387589 0.74857242
21.897781 0.74454736
23.407973 0.74434484
24.918165 0.74305378
26.428357 0.74405372
27.938548 0.74550932
29.448740 0.74729402
30.958932 0.74314239
32.469124 0.74774969
33.979316 0.74104125
35.489507 0.74321833
36.999699 0.74190196
38.509891 0.74186399
40.020083 0.74566121
41.530275 0.74147161
43.040466 0.74164881
44.550658 0.74007929
46.060850 0.74128175
47.571042 0.73981348
49.081234 0.74149692
50.591426 0.74161084
52.101617 0.73914264
53.611809 0.74450939
55.122001 0.74115517
56.632193 0.74386386
58.142385 0.74076279
59.652576 0.74234497
61.162768 0.74367400
62.672960 0.74366134
64.183152 0.74357274
65.693344 0.74128175
67.203535 0.74195259
68.713727 0.74231965
70.223919 0.74345882
71.734111 0.74277532
73.244303 0.74600296
74.754494 0.74573716
76.264686 0.74509163
77.774878 0.74564855
79.285070 0.74712947
80.795262 0.74668646
82.305453 0.74824333
83.815645 0.74704087
85.325837 0.74425624
86.836029 0.74537009
88.346221 0.74164881
89.856412 0.74430687
