# Density profile (accumulated) at T = 0.300000
# columns : x rho
0.697927 0.87055489
2.093782 0.87153274
3.489636 0.87083639
4.885490 0.87077713
6.281345 0.87169572
7.677199 0.87111789
9.073053 0.87184388
10.468908 0.86999188
11.864762 0.87145866
13.260617 0.87148829
14.656471 0.87108826
16.052325 0.86938443
17.448180 0.87285136
18.844034 0.87086602
20.239888 0.87141421
21.635743 0.87107345
23.031597 0.87088084
24.427452 0.87179943
25.823306 0.87202167
27.219160 0.87061415
28.615015 0.87159200
30.010869 0.87178461
31.406723 0.87096974
32.802578 0.87105863
34.198432 0.87162164
35.594287 0.87070305
36.990141 0.87194759
38.385995 0.87156237
39.781850 0.87102900
41.177704 0.87142903
42.573558 0.87027339
43.969413 0.87150311
45.365267 0.87119197
46.761121 0.87193277
48.156976 0.87079194
49.552830 0.87194759
50.948685 0.87104382
52.344539 0.87104382
53.740393 0.87142903
55.136248 0.87110308
56.532102 0.87071786
57.927956 0.87134013
59.323811 0.87255504
60.719665 0.87126605
62.115520 0.87018449
63.511374 0.87113271
64.907228 0.87150311
66.303083 0.87073268
67.698937 0.87160682
69.094791 0.87006596
70.490646 0.87178461
71.886500 0.87065860
73.282355 0.87193277
74.678209 0.86938443
76.074063 0.87088084
77.469918 0.87240688
78.865772 0.86920664
80.261626 0.87280691
81.657481 0.87123642
83.053335 0.86997707
