# Density profile (accumulated) at T = 0.360000
# columns : x rho
0.708754 0.82265381
2.126262 0.82802697
3.543771 0.83485118
4.961279 0.84176158
6.378787 0.84880128
7.796295 0.84627273
9.213804 0.85183266
10.631312 0.84920355
12.048820 0.84849958
13.466328 0.85190449
14.883837 0.84964892
16.301345 0.84979258
17.718853 0.85084136
19.136361 0.85022359
20.553870 0.84719220
21.971378 0.84742207
23.388886 0.84834154
24.806394 0.84928975
26.223903 0.84778124
27.641411 0.84860014
29.058919 0.84401715
30.476427 0.84601413
31.893936 0.84457746
33.311444 0.84492226
34.728952 0.84154608
36.146460 0.83726479
37.563969 0.82952112
38.981477 0.82095854
40.398985 0.81878916
41.816493 0.81728065
43.234002 0.82121714
44.651510 0.82357329
46.069018 0.83394607
47.486526 0.83976460
48.904035 0.84270978
50.321543 0.84657443
51.739051 0.84815478
53.156559 0.85111432
54.574068 0.85023795
55.991576 0.84999372
57.409084 0.85094192
58.826592 0.85009428
60.244101 0.85151659
61.661609 0.85098502
63.079117 0.85122926
64.496625 0.85301073
65.914134 0.84888748
67.331642 0.85078389
68.749150 0.84704854
70.166658 0.84837028
71.584167 0.84423266
73.001675 0.83735099
74.419183 0.83716422
75.836691 0.83778199
77.254200 0.83825609
78.671708 0.83934796
80.089216 0.83446327
81.506724 0.82896081
82.924233 0.82636043
84.341741 0.82154758
