# Density profile (accumulated) at T = 0.340000
# columns : x rho
0.705040 0.83821023
2.115121 0.83613409
3.525202 0.82932492
4.935283 0.83471128
6.345364 0.83704876
7.755445 0.83784727
9.165526 0.84237704
10.575607 0.84467096
11.985688 0.84529526
13.395769 0.85039124
14.805850 0.85407894
16.215930 0.85654708
17.626011 0.85647449
19.036092 0.85827478
20.446173 0.85760693
21.856254 0.85666323
23.266335 0.85705523
24.676416 0.85754886
26.086497 0.85897167
27.496578 0.85634382
28.906659 0.85313524
30.316740 0.84912814
31.726820 0.84121556
33.136901 0.83344817
34.546982 0.82765530
35.957063 0.82955722
37.367144 0.83584372
38.777225 0.83931364
40.187306 0.84564370
41.597387 0.84443866
43.007468 0.85027510
44.417549 0.84809732
45.827630 0.85314976
47.237710 0.85188665
48.647791 0.85458709
50.057872 0.85497909
51.467953 0.85781019
52.878034 0.85971211
54.288115 0.85596634
55.698196 0.85963952
57.108277 0.85779567
58.518358 0.85876841
59.928439 0.85782471
61.338520 0.85846352
62.748600 0.85769404
64.158681 0.85942174
65.568762 0.85916041
66.978843 0.85673582
68.388924 0.85910234
69.799005 0.85814412
71.209086 0.85869582
72.619167 0.85794086
74.029248 0.85839093
75.439329 0.85736012
76.849410 0.85900071
78.259490 0.85696812
79.669571 0.85659064
81.079652 0.85618412
82.489733 0.84970888
83.899814 0.84198504
