# Density profile (accumulated) at T = 0.400000
# columns : x rho
0.755018 0.73875081
2.265054 0.74461240
3.775090 0.74435920
5.285126 0.74601767
6.795162 0.74654939
8.305198 0.74772677
9.815234 0.74552393
11.325270 0.74456176
12.835306 0.74580245
14.345342 0.75242364
15.855378 0.74443516
17.365414 0.74824583
18.875450 0.74570117
20.385486 0.75334782
21.895522 0.75063858
23.405558 0.74894213
24.915594 0.74302990
26.425630 0.74318182
27.935666 0.74173858
29.445702 0.74308054
30.955738 0.74804327
32.465774 0.74944854
33.975810 0.75229704
35.485846 0.74657471
36.995882 0.74768879
38.505918 0.74170060
40.015954 0.74032065
41.525990 0.73791525
43.036026 0.74178922
44.546062 0.73970031
46.056098 0.73726959
47.566134 0.73526930
49.076170 0.74097897
50.586206 0.73420586
52.096242 0.73591496
53.606278 0.73421852
55.116314 0.73307911
56.626350 0.73147129
58.136386 0.72914184
59.646422 0.72758466
61.156458 0.73004071
62.666494 0.73467428
64.176530 0.73513004
65.686566 0.73682648
67.196602 0.73977627
68.706638 0.73942179
70.216673 0.74384014
71.726709 0.73569974
73.236745 0.74191582
74.746781 0.73802919
76.256817 0.73919391
77.766853 0.74010543
79.276889 0.74551127
80.786925 0.74689121
82.296961 0.74451112
83.806997 0.74528338
85.317033 0.74459974
86.827069 0.74035863
88.337105 0.74505550
89.847141 0.74252350
