# Density profile (accumulated) at T = 0.280000
# columns : x rho
0.697198 0.86706092
2.091595 0.87173771
3.485991 0.87386082
4.880388 0.87552368
6.274785 0.87500403
7.669181 0.87492980
9.063578 0.87559791
10.457974 0.87527128
11.852371 0.87533067
13.246767 0.87607301
14.641164 0.87458832
16.035561 0.87478133
17.429957 0.87536036
18.824354 0.87418745
20.218750 0.87544944
21.613147 0.87662235
23.007543 0.87433592
24.401940 0.87561276
25.796336 0.87452893
27.190733 0.87512281
28.585130 0.87368266
29.979526 0.87366781
31.373923 0.87411322
32.768319 0.86049858
34.162716 0.86766965
35.557112 0.85159042
36.951509 0.85968200
38.345906 0.85525761
39.740302 0.86483388
41.134699 0.86394307
42.529095 0.86086975
43.923492 0.85935537
45.317888 0.86608103
46.712285 0.86786266
48.106682 0.87491495
49.501078 0.87438046
50.895475 0.87567215
52.289871 0.87501888
53.684268 0.87366781
55.078664 0.87533067
56.473061 0.87642934
57.867458 0.87357873
59.261854 0.87623633
60.656251 0.87479618
62.050647 0.87533067
63.445044 0.87573153
64.839440 0.87576123
66.233837 0.87460317
67.628233 0.87443985
69.022630 0.87546429
70.417027 0.87536036
71.811423 0.87571669
73.205820 0.87231674
74.600216 0.87353419
75.994613 0.86879802
77.389009 0.85052144
78.783406 0.84510231
80.177803 0.84409272
81.572199 0.85723225
82.966596 0.84770052
