# Density profile (accumulated) at T = 0.380000
# columns : x rho
0.708945 0.84624881
2.126834 0.84382213
3.544723 0.84468367
4.962612 0.84392264
6.380501 0.84390829
7.798391 0.84449701
9.216280 0.84370726
10.634169 0.84396572
12.052058 0.84566009
13.469948 0.84314726
14.887837 0.84567444
16.305726 0.84410931
17.723615 0.84423854
19.141504 0.84646419
20.559394 0.84323341
21.977283 0.84534419
23.395172 0.84403752
24.813061 0.84307546
26.230950 0.84532983
27.648840 0.84297495
29.066729 0.84495649
30.484618 0.84435341
31.902507 0.84375034
33.320396 0.84514316
34.738286 0.84534419
36.156175 0.84435341
37.574064 0.84313290
38.991953 0.84482726
40.409843 0.84357803
41.827732 0.84485598
43.245621 0.84418111
44.663510 0.84482726
46.081399 0.84383649
47.499289 0.84329085
48.917178 0.84455444
50.335067 0.84422418
51.752956 0.84362110
53.170845 0.84591855
54.588735 0.84330521
56.006624 0.84576060
57.424513 0.84327649
58.842402 0.84530111
60.260291 0.84113699
61.678181 0.84495649
63.096070 0.84390829
64.513959 0.84458316
65.931848 0.84439649
67.349738 0.84491342
68.767627 0.84308982
70.185516 0.84438213
71.603405 0.84561701
73.021294 0.84488470
74.439184 0.84479854
75.857073 0.84344880
77.274962 0.84461188
78.692851 0.84359239
80.110740 0.84492778
81.528630 0.84280264
82.946519 0.84485598
84.364408 0.84327649
