# Density profile (accumulated) at T = 0.320000
# columns : x rho
0.700616 0.86509108
2.101848 0.86359143
3.503080 0.86407662
4.904313 0.86622317
6.305545 0.86373846
7.706777 0.86551745
9.108009 0.86328268
10.509241 0.86459120
11.910474 0.86539983
13.311706 0.86438537
14.712938 0.86485584
16.114170 0.86456180
17.515402 0.86475293
18.916634 0.86537043
20.317867 0.86369435
21.719099 0.86365024
23.120331 0.86353263
24.521563 0.86512049
25.922795 0.86382667
27.324028 0.86489995
28.725260 0.86378257
30.126492 0.86375316
31.527724 0.86479703
32.928956 0.86306215
34.330188 0.86460590
35.731421 0.86534102
37.132653 0.86357673
38.533885 0.86441477
39.935117 0.86440007
41.336349 0.86366495
42.737582 0.86423834
44.138814 0.86560567
45.540046 0.86332679
46.941278 0.86469412
48.342510 0.86551745
49.743742 0.86448828
51.144975 0.86303274
52.546207 0.86479703
53.947439 0.86434126
55.348671 0.86504698
56.749903 0.86532632
58.151135 0.86404721
59.552368 0.86550275
60.953600 0.86434126
62.354832 0.86357673
63.756064 0.86539983
65.157296 0.86416483
66.558529 0.86619377
67.959761 0.86473822
69.360993 0.86257697
70.762225 0.86588501
72.163457 0.86528221
73.564689 0.86384138
74.965922 0.86564978
76.367154 0.86387078
77.768386 0.86428245
79.169618 0.86562037
80.570850 0.86503227
81.972083 0.86337090
83.373315 0.86482644
