# Density profile (accumulated) at T = 0.380000
# columns : x rho
0.709082 0.83451061
2.127245 0.83425225
3.545408 0.83537182
4.963572 0.83577372
6.381735 0.83163992
7.799899 0.83476898
9.218062 0.83650575
10.636225 0.83854394
12.054389 0.83819945
13.472552 0.83765402
14.890716 0.83640527
16.308879 0.84002234
17.727042 0.83722342
19.145206 0.83964915
20.563369 0.84389778
21.981533 0.84107015
23.399696 0.84196006
24.817859 0.84108450
26.236023 0.84101273
27.654186 0.83911808
29.072350 0.83541488
30.490513 0.83781191
31.908676 0.83588855
33.326840 0.83415178
34.745003 0.83410872
36.163166 0.83489816
37.581330 0.83377859
38.999493 0.83475462
40.417657 0.83494122
41.835820 0.83858700
43.253983 0.84188830
44.672147 0.84440015
46.090310 0.84349588
47.508474 0.84480205
48.926637 0.84694072
50.344800 0.84859137
51.762964 0.84704119
53.181127 0.84923727
54.599291 0.84773016
56.017454 0.84810335
57.435617 0.84767274
58.853781 0.84870619
60.271944 0.84649576
61.690107 0.84668235
63.108271 0.84617998
64.526434 0.84533313
65.944598 0.84828994
67.362761 0.84498864
68.780924 0.84547666
70.199088 0.84661059
71.617251 0.84794546
73.035415 0.84742873
74.453578 0.84583550
75.871741 0.84438580
77.289905 0.84483076
78.708068 0.84218972
80.126232 0.84214666
81.544395 0.83903196
82.962558 0.83749613
84.380722 0.83383600
