# Density profile (accumulated) at T = 0.440000
# columns : x rho
0.918888 0.52449933
2.756664 0.52281553
4.594440 0.51968726
6.432216 0.51795217
8.269992 0.51189220
10.107768 0.50625105
11.945544 0.50809724
13.783320 0.51040499
15.621096 0.51383242
17.458872 0.51344779
19.296649 0.51214007
21.134425 0.51302043
22.972201 0.51730258
24.809977 0.50881521
26.647753 0.49999449
28.485529 0.49169515
30.323305 0.48945579
32.161081 0.49913122
33.998857 0.50355868
35.836633 0.51270419
37.674409 0.51241358
39.512185 0.49454137
41.349961 0.47943846
43.187737 0.45716444
45.025513 0.44022388
46.863289 0.42851420
48.701065 0.41260785
50.538841 0.39603482
52.376617 0.39362451
54.214394 0.41314633
56.052170 0.44189058
57.889946 0.47066903
59.727722 0.49409692
61.565498 0.50908872
63.403274 0.51665300
65.241050 0.52385829
67.078826 0.52895243
68.916602 0.53673893
70.754378 0.54424338
72.592154 0.55284187
74.429930 0.55856850
76.267706 0.55909842
78.105482 0.54990163
79.943258 0.55063669
81.781034 0.54986744
83.618810 0.54928623
85.456586 0.54516648
87.294362 0.53863641
89.132139 0.52999519
90.969915 0.51956759
92.807691 0.51552477
94.645467 0.50399458
96.483243 0.49643031
98.321019 0.49038743
100.158795 0.48066926
101.996571 0.48117354
103.834347 0.47974616
105.672123 0.48872073
107.509899 0.50525957
109.347675 0.51847355
