# Density profile (accumulated) at T = 0.340000
# columns : x rho
0.703421 0.85740298
2.110264 0.85916782
3.517106 0.85712586
4.923948 0.85686332
6.330791 0.85956162
7.737633 0.85687791
9.144476 0.85744674
10.551318 0.85832187
11.958161 0.85747591
13.365003 0.85826352
14.771845 0.85842396
16.178688 0.85750508
17.585530 0.85808850
18.992373 0.85781138
20.399215 0.85769469
21.806057 0.85811767
23.212900 0.85830728
24.619742 0.85715503
26.026585 0.85763635
27.433427 0.85749050
28.840270 0.85733006
30.247112 0.85874484
31.653954 0.85638201
33.060797 0.85766552
34.467639 0.85846772
35.874482 0.85794264
37.281324 0.85820518
38.688166 0.85747591
40.095009 0.85839479
41.501851 0.85813226
42.908694 0.85614864
44.315536 0.85746133
45.722379 0.85733006
47.129221 0.85814684
48.536063 0.85522976
49.942906 0.85845313
51.349748 0.85746133
52.756591 0.85775303
54.163433 0.85620698
55.570275 0.85848230
56.977118 0.85862816
58.383960 0.85700918
59.790803 0.85817601
61.197645 0.85625074
62.604488 0.85861357
64.011330 0.85614864
65.418172 0.85667371
66.825015 0.85753425
68.231857 0.85784055
69.638700 0.85664454
71.045542 0.85829269
72.452385 0.85814684
73.859227 0.85641118
75.266069 0.85776762
76.672912 0.85730089
78.079754 0.85715503
79.486597 0.85746133
80.893439 0.85733006
82.300281 0.85759260
83.707124 0.85817601
