# Density profile (accumulated) at T = 0.440000
# columns : x rho
0.963449 0.37921009
2.890348 0.38488572
4.817247 0.39933138
6.744146 0.41741566
8.671045 0.42891465
10.597944 0.43920076
12.524843 0.45976522
14.451742 0.49058469
16.378641 0.50552793
18.305540 0.51282851
20.232439 0.52190175
22.159338 0.52505056
24.086236 0.52257816
26.013135 0.51461672
27.940034 0.50209923
29.866933 0.48046184
31.793832 0.45981187
33.720731 0.43214898
35.647630 0.41046495
37.574529 0.38951953
39.501428 0.38102940
41.428327 0.38205568
43.355226 0.38448143
45.282125 0.38985385
47.209023 0.38920854
49.135922 0.38619190
51.062821 0.39791636
52.989720 0.41685587
54.916619 0.43484685
56.843518 0.45296223
58.770417 0.46396363
60.697316 0.47998758
62.624215 0.49064689
64.551114 0.49437103
66.478013 0.49039032
68.404912 0.48567099
70.331811 0.48348626
72.258709 0.47536155
74.185608 0.46609394
76.112507 0.44948688
78.039406 0.43610638
79.966305 0.42309907
81.893204 0.42303687
83.820103 0.43927851
85.747002 0.45733169
87.673901 0.46218319
89.600800 0.46562745
91.527699 0.48723373
93.454598 0.50651534
95.381496 0.52505833
97.308395 0.53206346
99.235294 0.52480176
101.162193 0.52805164
103.089092 0.51889288
105.015991 0.50130619
106.942890 0.47755405
108.869789 0.45138394
110.796688 0.42652000
112.723587 0.39895819
114.650486 0.38015862
