# Density profile (accumulated) at T = 0.420000
# columns : x rho
0.775755 0.68717850
2.327266 0.69390614
3.878777 0.70185699
5.430288 0.70220476
6.981798 0.69890690
8.533309 0.69415798
10.084820 0.68998468
11.636331 0.69331852
13.187842 0.69647248
14.739352 0.70272043
16.290863 0.70718154
17.842374 0.70634208
19.393885 0.70066976
20.945395 0.70108949
22.496906 0.70390766
24.048417 0.70587438
25.599928 0.70863260
27.151439 0.71130686
28.702949 0.71140280
30.254460 0.71207436
31.805971 0.70460321
33.357482 0.69346243
34.908992 0.69689221
36.460503 0.70228871
38.012014 0.70233668
39.563525 0.70305621
41.115036 0.71190647
42.666546 0.71526430
44.218057 0.71311769
45.769568 0.71518035
47.321079 0.71913779
48.872589 0.71370531
50.424100 0.71890993
51.975611 0.71657145
53.527122 0.71829833
55.078632 0.71785462
56.630143 0.71142678
58.181654 0.71299777
59.733165 0.70904033
61.284676 0.70279238
62.836186 0.70028601
64.387697 0.70180902
65.939208 0.70918424
67.490719 0.71050338
69.042229 0.71308171
70.593740 0.71167862
72.145251 0.71113897
73.696762 0.71509641
75.248273 0.71572000
76.799783 0.71304573
78.351294 0.70893240
79.902805 0.70423145
81.454316 0.70347594
83.005826 0.70786509
84.557337 0.70349992
86.108848 0.70251656
87.660359 0.69142375
89.211870 0.69166360
90.763380 0.68314912
92.314891 0.68223771
