# Density profile (accumulated) at T = 0.420000
# columns : x rho
0.775508 0.70586934
2.326523 0.70363736
3.877539 0.70580934
5.428554 0.70210138
6.979569 0.69938940
8.530585 0.69994140
10.081600 0.70242537
11.632616 0.70099739
13.183631 0.70314537
14.734646 0.70265337
16.285662 0.70561734
17.836677 0.70874931
19.387693 0.70907331
20.938708 0.70889331
22.489723 0.70531735
24.040739 0.71065730
25.591754 0.70691333
27.142770 0.70932531
28.693785 0.70092539
30.244801 0.70020540
31.795816 0.69872941
33.346831 0.69932940
34.897847 0.70110539
36.448862 0.69944940
37.999878 0.70204138
39.550893 0.69890941
41.101908 0.69773342
42.652924 0.70100939
44.203939 0.70111739
45.754955 0.70409336
47.305970 0.70339737
48.856986 0.70852132
50.408001 0.71024930
51.959016 0.71009330
53.510032 0.70430936
55.061047 0.70166938
56.612063 0.70717733
58.163078 0.70314537
59.714093 0.70896531
61.265109 0.70386536
62.816124 0.70060139
64.367140 0.69816541
65.918155 0.69701343
67.469170 0.69983340
69.020186 0.70303737
70.571201 0.70368536
72.122217 0.70664933
73.673232 0.70820932
75.224248 0.70984130
76.775263 0.70706933
78.326278 0.70847332
79.877294 0.70573734
81.428309 0.70639734
82.979325 0.70746533
84.530340 0.70150138
86.081355 0.69779342
87.632371 0.69438545
89.183386 0.69050949
90.734402 0.69388146
92.285417 0.69479345
