# Density profile (accumulated) at T = 0.320000
# columns : x rho
0.702649 0.85959452
2.107948 0.86374588
3.513247 0.86216720
4.918546 0.86320504
6.323845 0.86317580
7.729144 0.86333659
9.134442 0.86460831
10.539741 0.86425749
11.945040 0.86080777
13.350339 0.86397976
14.755638 0.86403823
16.160937 0.86229875
17.566236 0.86324889
18.971534 0.86367280
20.376833 0.86169944
21.782132 0.86408208
23.187431 0.86317580
24.592730 0.86241569
25.998029 0.86335121
27.403327 0.86127553
28.808626 0.85990149
30.213925 0.85979917
31.619224 0.85892212
33.024523 0.86082239
34.429822 0.86346815
35.835120 0.86044234
37.240419 0.85497541
38.645718 0.85446379
40.051017 0.83844305
41.456316 0.82731917
42.861615 0.81984964
44.266914 0.83720057
45.672212 0.84462624
47.077511 0.85664180
48.482810 0.86054466
49.888109 0.86155326
51.293408 0.86488604
52.698707 0.86355586
54.104005 0.86129015
55.509304 0.86209411
56.914603 0.86045695
58.319902 0.85979917
59.725201 0.85458073
61.130500 0.85297281
62.535798 0.84385152
63.941097 0.84543020
65.346396 0.85346981
66.751695 0.85630559
68.156994 0.85463920
69.562293 0.85439071
70.967592 0.85102869
72.372890 0.84579564
73.778189 0.84905533
75.183488 0.84766667
76.588787 0.85028320
77.994086 0.85496079
79.399385 0.85689029
80.804683 0.85722649
82.209982 0.85656871
83.615281 0.86069083
