# Density profile (accumulated) at T = 0.300000
# columns : x rho
0.699735 0.85082244
2.099204 0.85609918
3.498674 0.84665117
4.898143 0.85425674
6.297613 0.85742574
7.697082 0.86572407
9.096552 0.86861301
10.496021 0.86862775
11.895491 0.86918785
13.294960 0.86929103
14.694429 0.86952686
16.093899 0.87020488
17.493368 0.86988061
18.892838 0.86831822
20.292307 0.86963004
21.691777 0.86945316
23.091246 0.86974795
24.490716 0.87042597
25.890185 0.87010170
27.289655 0.86904046
28.689124 0.86911415
30.088594 0.86878988
31.488063 0.86957108
32.887533 0.87067654
34.287002 0.86836244
35.686472 0.86982165
37.085941 0.86321836
38.485410 0.86133170
39.884880 0.85387352
41.284349 0.85346081
42.683819 0.83426999
44.083288 0.84632690
45.482758 0.83988574
46.882227 0.85259118
48.281697 0.85683616
49.681166 0.86497236
51.080636 0.86700641
52.480105 0.86902572
53.879575 0.86964477
55.279044 0.86914363
56.678514 0.86890780
58.077983 0.86940894
59.477453 0.86961530
60.876922 0.87014592
62.276391 0.86871619
63.675861 0.86862775
65.075330 0.87013118
66.474800 0.86898150
67.874269 0.87049967
69.273739 0.86949738
70.673208 0.86750755
72.072678 0.86666740
73.472147 0.86567985
74.871617 0.86472178
76.271086 0.86198024
77.670556 0.85512637
79.070025 0.85941557
80.469495 0.85522955
81.868964 0.85462523
83.268434 0.85761735
