# Density profile (accumulated) at T = 0.280000
# columns : x rho
0.695775 0.87636502
2.087326 0.87547056
3.478877 0.87855646
4.870428 0.87553019
6.261979 0.87639484
7.653530 0.87670790
9.045081 0.87590288
10.436632 0.87536620
11.828183 0.87711041
13.219734 0.87681225
14.611285 0.87658864
16.002836 0.87600724
17.394387 0.87661845
18.785938 0.87766199
20.177489 0.87620104
21.569040 0.87614140
22.960591 0.87629048
24.352142 0.87596251
25.743693 0.87570908
27.135244 0.87736384
28.526795 0.87688679
29.918346 0.87715513
31.309897 0.87520222
32.701448 0.87655882
34.092999 0.87809432
35.484550 0.87472517
36.876101 0.87833284
38.267652 0.87515750
39.659203 0.87450156
41.050754 0.87790052
42.442305 0.87506805
43.833856 0.87888442
45.225407 0.87573890
46.616958 0.87673771
48.008509 0.87630539
49.400060 0.87708059
50.791611 0.87705078
52.183162 0.87617122
53.574713 0.87673771
54.966264 0.87648428
56.357815 0.87602214
57.749366 0.87796015
59.140917 0.87688679
60.532468 0.87694642
61.924019 0.87626067
63.315570 0.87660354
64.707121 0.87685698
66.098672 0.87663336
67.490223 0.87754273
68.881774 0.87687188
70.273325 0.87448665
71.664876 0.87731911
73.056427 0.87591779
74.447978 0.87751291
75.839529 0.87566436
77.231080 0.87743838
78.622631 0.87818376
80.014182 0.87526185
81.405733 0.87688679
82.797284 0.87763218
