# Layer profile at T = 0.440000
# input   = perfect_Sigma39_theta32.2042deg.dat
# seed    = 8000029
# n_samples = 1000
# Lx = 103.109626  Ly = 35.718222
# columns : x rho coord psi6 psi4
0.859247 0.45639127 6.572214 0.432995 0.178164
2.577741 0.42058246 6.394445 0.441790 0.184785
4.296234 0.38130355 6.215680 0.458076 0.191803
6.014728 0.35158778 6.132663 0.465832 0.194639
7.733222 0.33611081 6.039261 0.469097 0.196947
9.451716 0.32716676 5.981028 0.474142 0.199895
11.170209 0.32454382 5.921189 0.477078 0.203955
12.888703 0.32229558 5.884547 0.478563 0.206114
14.607197 0.32954532 5.876557 0.475034 0.207554
16.325691 0.34163365 5.910110 0.473085 0.203715
18.044185 0.36522380 5.999777 0.471071 0.198979
19.762678 0.37973956 6.120468 0.464310 0.192069
21.481172 0.39565640 6.221486 0.458289 0.189689
23.199666 0.41488042 6.344302 0.447744 0.183663
24.918160 0.43216575 6.464998 0.438347 0.183625
26.636653 0.44005085 6.565288 0.429460 0.181031
28.355147 0.45231838 6.680522 0.419334 0.178222
30.073641 0.46802343 6.812169 0.413041 0.172326
31.792135 0.48573234 6.892839 0.409378 0.169628
33.510628 0.50156772 6.933381 0.407021 0.166726
35.229122 0.51680031 7.015636 0.406443 0.164541
36.947616 0.52299110 7.027693 0.404337 0.161764
38.666110 0.51525261 7.030259 0.404866 0.162307
40.384603 0.50639001 6.949715 0.410667 0.164002
42.103097 0.49866782 6.925741 0.410508 0.165509
43.821591 0.50075314 6.888603 0.410763 0.168434
45.540085 0.48902323 6.867209 0.413835 0.169199
47.258579 0.47286202 6.798346 0.417460 0.172655
48.977072 0.44418891 6.660040 0.423401 0.177240
50.695566 0.42475310 6.457349 0.439441 0.183084
52.414060 0.40862447 6.364046 0.449455 0.186751
54.132554 0.40743519 6.307449 0.450416 0.188557
55.851047 0.40595266 6.292760 0.451253 0.188120
57.569541 0.40981375 6.304711 0.448326 0.186613
59.288035 0.41787806 6.337856 0.449261 0.185832
61.006529 0.41683541 6.352732 0.452143 0.184998
62.725022 0.41409843 6.321544 0.456441 0.183549
64.443516 0.40844526 6.250688 0.458508 0.182789
66.162010 0.40104890 6.250965 0.458922 0.184451
67.880504 0.40565941 6.222329 0.459615 0.187940
69.598998 0.40688127 6.243443 0.452705 0.188776
71.317491 0.39752993 6.301996 0.452926 0.185519
73.035985 0.38869991 6.266315 0.450945 0.189525
74.754479 0.38343774 6.259942 0.450867 0.193319
76.472973 0.38229734 6.294639 0.445964 0.190685
78.191466 0.38860216 6.292458 0.445954 0.194716
79.909960 0.38832521 6.342339 0.442490 0.191975
81.628454 0.38456186 6.292396 0.443873 0.194647
83.346948 0.38141759 6.248847 0.444971 0.194827
85.065441 0.38125468 6.229681 0.451513 0.192980
86.783935 0.38796679 6.239355 0.454656 0.188597
88.502429 0.40458417 6.258879 0.453636 0.184643
90.220923 0.42480197 6.328974 0.450409 0.182180
91.939416 0.44945107 6.449797 0.439583 0.180034
93.657910 0.47579450 6.670091 0.425078 0.173149
95.376404 0.49487189 6.863840 0.412513 0.168407
97.094898 0.50143739 6.943630 0.408901 0.166082
98.813392 0.50034585 6.958778 0.408026 0.165622
100.531885 0.49829312 6.887824 0.414164 0.167081
102.250379 0.48025838 6.733064 0.423821 0.172535
