# Layer profile at T = 0.400000
# input   = bicrystal_Sigma39_theta32.2042deg.dat
# seed    = 6000800
# n_samples = 1000
# Lx = 77.289629  Ly = 26.773913
# columns : x rho coord psi6 psi4
0.644080 0.74626483 5.664892 0.636530 0.180556
1.932241 0.75258567 5.690284 0.636033 0.178091
3.220401 0.74922229 5.702399 0.637403 0.176822
4.508562 0.75348451 5.701774 0.636589 0.177088
5.796722 0.75168684 5.701408 0.635390 0.177618
7.084883 0.75003414 5.698083 0.635826 0.177063
8.373043 0.74803351 5.697120 0.637673 0.177609
9.661204 0.74986017 5.707602 0.638138 0.175417
10.949364 0.75432535 5.705297 0.637181 0.177046
12.237525 0.75107795 5.700355 0.634961 0.177563
13.525685 0.75287562 5.691096 0.636185 0.178257
14.813846 0.74977319 5.704126 0.643419 0.175379
16.102006 0.75577508 5.724277 0.644142 0.172871
17.390167 0.75528217 5.726746 0.645509 0.172178
18.678327 0.75435435 5.713495 0.641806 0.174900
19.966488 0.75420937 5.688797 0.638900 0.177533
21.254648 0.74348134 5.675415 0.632527 0.179477
22.542809 0.73872622 5.661983 0.633595 0.181726
23.830969 0.73716051 5.649780 0.634299 0.181277
25.119130 0.73956706 5.639589 0.636940 0.183662
26.407290 0.73571077 5.646686 0.630954 0.183772
27.695450 0.73704453 5.659559 0.634449 0.181221
28.983611 0.74371330 5.669669 0.633087 0.180931
30.271771 0.75545614 5.689042 0.638035 0.177535
31.559932 0.74646779 5.693999 0.636910 0.177041
32.848092 0.74594589 5.684145 0.635201 0.178728
34.136253 0.74835245 5.688648 0.630928 0.179208
35.424413 0.74722166 5.681541 0.633784 0.178459
36.712574 0.74420621 5.676394 0.630397 0.182061
38.000734 0.74582991 5.672783 0.631915 0.181322
39.288895 0.74971520 5.673473 0.630630 0.180973
40.577055 0.74823647 5.677284 0.631996 0.181119
41.865216 0.74272748 5.685626 0.636433 0.180012
43.153376 0.74803351 5.693399 0.636479 0.178878
44.441537 0.75322355 5.696743 0.635778 0.176882
45.729697 0.75244070 5.704404 0.636332 0.178097
47.017858 0.75209276 5.716450 0.640632 0.175239
48.306018 0.75568810 5.712006 0.639591 0.174303
49.594179 0.75104895 5.709725 0.640893 0.175792
50.882339 0.75145488 5.719296 0.641519 0.174929
52.170500 0.75931243 5.720215 0.646669 0.173189
53.458660 0.75307858 5.724676 0.650537 0.171653
54.746821 0.75809466 5.726765 0.647300 0.172419
56.034981 0.75319456 5.732456 0.648317 0.171725
57.323142 0.75765974 5.725728 0.647020 0.172559
58.611302 0.75241170 5.717534 0.645968 0.174727
59.899463 0.75287562 5.706578 0.640528 0.174877
61.187623 0.75238271 5.713708 0.641288 0.174367
62.475784 0.75623900 5.709723 0.639833 0.175304
63.763944 0.75386144 5.699192 0.637771 0.176430
65.052105 0.74701869 5.695816 0.635815 0.177401
66.340265 0.75015012 5.686263 0.636888 0.177942
67.628426 0.74498907 5.667938 0.631956 0.180911
68.916586 0.74182865 5.642799 0.630649 0.184042
70.204747 0.73449300 5.637849 0.631626 0.184507
71.492907 0.73475395 5.647528 0.630638 0.183137
72.781068 0.73101364 5.638188 0.628102 0.184532
74.069228 0.72741830 5.643017 0.633818 0.183892
75.357389 0.73898717 5.638639 0.633636 0.183749
76.645549 0.74159669 5.646479 0.633541 0.182326
