# Layer profile at T = 0.340000
# input   = bicrystal_Sigma39_theta32.2042deg.dat
# seed    = 3000791
# n_samples = 1000
# Lx = 72.680006  Ly = 25.177093
# columns : x rho coord psi6 psi4
0.605667 0.84107556 5.936845 0.853955 0.099647
1.817000 0.85120742 5.959592 0.867893 0.093951
3.028334 0.85412566 5.978579 0.875884 0.089296
4.239667 0.85369940 5.985405 0.881287 0.087488
5.451000 0.85533886 5.985586 0.882297 0.087559
6.662334 0.85484702 5.986844 0.883722 0.086520
7.873667 0.85212552 5.985994 0.884272 0.086836
9.085001 0.85448634 5.982272 0.884667 0.086721
10.296334 0.85169926 5.977055 0.883811 0.087359
11.507668 0.85569954 5.980879 0.884485 0.086850
12.719001 0.85668322 5.988288 0.886536 0.085349
13.930335 0.85553560 5.994289 0.887512 0.084719
15.141668 0.85697832 5.997743 0.886150 0.084051
16.353001 0.85763411 5.997553 0.887249 0.084341
17.564335 0.85687995 5.997589 0.887988 0.084419
18.775668 0.85609301 5.997281 0.887948 0.084361
19.987002 0.85517492 5.997968 0.887841 0.084657
21.198335 0.85724064 5.997629 0.886555 0.084630
22.409669 0.85491260 5.997469 0.885678 0.084411
23.621002 0.85842105 5.997670 0.886742 0.084968
24.832335 0.85428961 5.997467 0.886156 0.084724
26.043669 0.85838826 5.997059 0.885565 0.085335
27.255002 0.85425682 5.995701 0.884537 0.085180
28.466336 0.85553560 5.993025 0.883828 0.086395
29.677669 0.85474866 5.985308 0.881614 0.087662
30.889003 0.84799408 5.968912 0.874673 0.091327
32.100336 0.84894497 5.942219 0.862002 0.097164
33.311670 0.84150182 5.916926 0.850365 0.103484
34.523003 0.83622276 5.885739 0.833762 0.111357
35.734336 0.82546791 5.849772 0.809423 0.120532
36.945670 0.81969701 5.787071 0.780006 0.134494
38.157003 0.81084393 5.753326 0.758846 0.143122
39.368337 0.80887658 5.750659 0.756884 0.142907
40.579670 0.81946749 5.797815 0.779505 0.132584
41.791004 0.83032071 5.867472 0.815980 0.116936
43.002337 0.84320686 5.924483 0.847400 0.103321
44.213671 0.85081395 5.964390 0.869982 0.093750
45.425004 0.85281409 5.978623 0.880287 0.089272
46.636337 0.85094511 5.985088 0.881982 0.087418
47.847671 0.85376498 5.991052 0.885559 0.086533
49.059004 0.85779805 5.997057 0.886262 0.084789
50.270338 0.85602743 5.997778 0.886199 0.084493
51.481671 0.85579791 5.997395 0.885689 0.085485
52.693005 0.85517492 5.995936 0.885849 0.085061
53.904338 0.85435519 5.996738 0.886130 0.085391
55.115671 0.85661764 5.994526 0.884819 0.085589
56.327005 0.85150253 5.988101 0.880081 0.087724
57.538338 0.85107627 5.971182 0.871952 0.091837
58.749672 0.84563326 5.941877 0.858393 0.098656
59.961005 0.84097720 5.904593 0.841322 0.105842
61.172339 0.83222248 5.875813 0.829222 0.112725
62.383672 0.83143554 5.874473 0.829210 0.113083
63.595006 0.83497677 5.890988 0.829926 0.110565
64.806339 0.84058373 5.901818 0.833636 0.108975
66.017672 0.83255037 5.889331 0.827140 0.112519
67.229006 0.82845172 5.849442 0.810583 0.120498
68.440339 0.82707458 5.815216 0.793945 0.126116
69.651673 0.82199225 5.828952 0.801452 0.124144
70.863006 0.83277990 5.876447 0.825993 0.113396
72.074340 0.84268223 5.915759 0.843681 0.104477
