# Layer profile at T = 0.420000
# input   = perfect_Sigma39_theta32.2042deg.dat
# seed    = 7000026
# n_samples = 1000
# Lx = 81.608996  Ly = 28.270185
# columns : x rho coord psi6 psi4
0.680075 0.70077543 5.755585 0.598429 0.178657
2.040225 0.69838282 5.751359 0.600267 0.178497
3.400375 0.69635430 5.740477 0.601700 0.179036
4.760525 0.69102294 5.726544 0.601905 0.179790
6.120675 0.67942397 5.678086 0.600200 0.184375
7.480825 0.66480822 5.616985 0.601158 0.189442
8.840975 0.63945173 5.589556 0.602090 0.190600
10.201124 0.62327559 5.584328 0.606348 0.191497
11.561274 0.61204071 5.596711 0.607191 0.189217
12.921424 0.61404322 5.591885 0.605921 0.190019
14.281574 0.62280747 5.583097 0.603674 0.191438
15.641724 0.63461449 5.592451 0.603005 0.190613
17.001874 0.64772185 5.620132 0.602268 0.188880
18.362024 0.65341731 5.628418 0.603105 0.189033
19.722174 0.67344243 5.647963 0.601798 0.186963
21.082324 0.67528891 5.671956 0.597982 0.185804
22.442474 0.67710937 5.680404 0.601049 0.184532
23.802624 0.68160852 5.696860 0.599567 0.182308
25.162774 0.68696590 5.699565 0.598365 0.183661
26.522924 0.68808418 5.701451 0.599898 0.184541
27.883073 0.69065884 5.717400 0.596860 0.182659
29.243223 0.68790214 5.708631 0.597781 0.182489
30.603373 0.68782412 5.694911 0.597204 0.183601
31.963523 0.68553553 5.697344 0.598763 0.183459
33.323673 0.68407916 5.682140 0.595316 0.185254
34.683823 0.67947598 5.646458 0.596160 0.189172
36.043973 0.66618658 5.640030 0.595300 0.189114
37.404123 0.66293574 5.631752 0.599694 0.187513
38.764273 0.65932082 5.620424 0.598091 0.189467
40.124423 0.65916478 5.614653 0.598676 0.190294
41.484573 0.66306578 5.625981 0.596357 0.189323
42.844723 0.66915134 5.638593 0.595131 0.188961
44.204873 0.67502884 5.654338 0.598445 0.187642
45.565022 0.68426120 5.662879 0.597889 0.186505
46.925172 0.67801961 5.674811 0.593853 0.187904
48.285322 0.68618570 5.672844 0.596675 0.187097
49.645472 0.68298688 5.679689 0.591768 0.186758
51.005622 0.68158252 5.674947 0.592293 0.186598
52.365772 0.67942397 5.679234 0.595382 0.186520
53.725922 0.68647177 5.682225 0.591754 0.186733
55.086072 0.68865633 5.688444 0.592373 0.186457
56.446222 0.68116641 5.688760 0.592691 0.186240
57.806372 0.67703135 5.683479 0.594727 0.185930
59.166522 0.68189460 5.664874 0.595908 0.187225
60.526672 0.67989209 5.685155 0.593088 0.185405
61.886822 0.68418318 5.681732 0.592758 0.185365
63.246972 0.68579560 5.697611 0.593020 0.185373
64.607121 0.68894240 5.699823 0.592589 0.185443
65.967271 0.69273937 5.702632 0.594539 0.185119
67.327421 0.68678385 5.706263 0.595213 0.184589
68.687571 0.68956656 5.710881 0.596309 0.183660
70.047721 0.69331152 5.709291 0.594685 0.182556
71.407871 0.68160852 5.704224 0.595275 0.184438
72.768021 0.68706992 5.697907 0.596633 0.184608
74.128171 0.68967059 5.714959 0.597666 0.182204
75.488321 0.69474189 5.728345 0.598588 0.180913
76.848471 0.69380565 5.738061 0.595231 0.180274
78.208621 0.69328551 5.731900 0.596894 0.181660
79.568771 0.69377964 5.737977 0.596177 0.179566
80.928921 0.69656235 5.753024 0.596112 0.179251
