# Layer profile at T = 0.440000
# input   = bicrystal_Sigma39_theta32.2042deg.dat
# seed    = 8000806
# n_samples = 1000
# Lx = 92.735648  Ly = 32.124571
# columns : x rho coord psi6 psi4
0.772797 0.56026451 6.024948 0.499058 0.181441
2.318391 0.55903594 5.985121 0.502414 0.183756
3.863985 0.54721355 5.955134 0.503279 0.183907
5.409579 0.54362857 5.939130 0.505616 0.185224
6.955174 0.53877474 5.928414 0.508612 0.184558
8.500768 0.53502864 5.945229 0.506009 0.184399
10.046362 0.53823095 5.929876 0.508547 0.185818
11.591956 0.53047692 5.889935 0.509665 0.186815
13.137550 0.51136372 5.849114 0.512224 0.189755
14.683144 0.50054834 5.779986 0.518337 0.194280
16.228738 0.48725571 5.759393 0.520491 0.192112
17.774332 0.47315745 5.735027 0.523275 0.196230
19.319927 0.45883766 5.718989 0.521305 0.196987
20.865521 0.45976412 5.710093 0.521811 0.197601
22.411115 0.45881752 5.716562 0.519115 0.197349
23.956709 0.46427556 5.692218 0.519587 0.198820
25.502303 0.46977387 5.687117 0.518286 0.201577
27.047897 0.46773970 5.714046 0.516523 0.197902
28.593491 0.47456728 5.751857 0.519460 0.195323
30.139086 0.49190813 5.774689 0.518390 0.193860
31.684680 0.50848364 5.802709 0.516184 0.190394
33.230274 0.52447509 5.848163 0.514992 0.188454
34.775868 0.53466611 5.908992 0.510389 0.185632
36.321462 0.53992274 5.962548 0.508226 0.181454
37.867056 0.54898591 5.994754 0.510149 0.178960
39.412650 0.55367861 6.003674 0.510404 0.177838
40.958244 0.55049643 5.995866 0.508041 0.179491
42.503839 0.55335636 6.000473 0.502030 0.180232
44.049433 0.56376893 6.017112 0.505021 0.181248
45.595027 0.56556142 6.033332 0.500335 0.179238
47.140621 0.56757546 6.042724 0.503382 0.177720
48.686215 0.56469539 6.029460 0.502085 0.179492
50.231809 0.55883454 6.029625 0.499858 0.180180
51.777403 0.56264107 6.047788 0.501868 0.178419
53.322997 0.56342654 6.048079 0.504702 0.177696
54.868592 0.56179517 6.022765 0.505149 0.179340
56.414186 0.56100970 6.005565 0.503215 0.180813
57.959780 0.55514886 5.998367 0.500794 0.183016
59.505374 0.55309454 6.009103 0.500267 0.181322
61.050968 0.55144303 6.004565 0.502338 0.181377
62.596562 0.55533012 6.005912 0.503053 0.180608
64.142156 0.55573293 6.023484 0.499715 0.179839
65.687750 0.56042563 6.023036 0.501616 0.181478
67.233345 0.56485651 6.020181 0.503101 0.180363
68.778939 0.55267159 5.974053 0.504763 0.182504
70.324533 0.53510920 5.861267 0.510833 0.188667
71.870127 0.50276378 5.690742 0.519351 0.196969
73.415721 0.45134545 5.499911 0.533805 0.209608
74.961315 0.41217245 5.392377 0.543898 0.215878
76.506909 0.38556703 5.372911 0.546683 0.216017
78.052504 0.38796374 5.361366 0.544940 0.217058
79.598098 0.40337111 5.417366 0.543362 0.212876
81.143692 0.43479007 5.499027 0.531769 0.208923
82.689286 0.47347970 5.616062 0.522303 0.202717
84.234880 0.51090049 5.754800 0.514870 0.195408
85.780474 0.53404176 5.870116 0.510550 0.187737
87.326068 0.55418212 5.934765 0.505523 0.184000
88.871662 0.56181531 6.006955 0.501316 0.180683
90.417257 0.56092914 6.044702 0.499077 0.178696
91.962851 0.56610521 6.055678 0.497926 0.178872
