# Layer profile at T = 0.400000
# input   = perfect_Sigma39_theta32.2042deg.dat
# seed    = 6000023
# n_samples = 1000
# Lx = 77.360981  Ly = 26.798630
# columns : x rho coord psi6 psi4
0.644675 0.75794137 5.866891 0.756863 0.133431
1.934025 0.75215313 5.863057 0.756322 0.133126
3.223374 0.75614701 5.873924 0.753637 0.132532
4.512724 0.75490254 5.874367 0.754088 0.132630
5.802074 0.75478678 5.870092 0.756437 0.132346
7.091423 0.75429478 5.867437 0.754872 0.133112
8.380773 0.75423689 5.868309 0.756913 0.132806
9.670123 0.75553925 5.871294 0.757535 0.132218
10.959472 0.75524984 5.872892 0.760658 0.131561
12.248822 0.75464207 5.871371 0.756683 0.131088
13.538172 0.75542348 5.871926 0.755474 0.132146
14.827521 0.75481572 5.869330 0.754300 0.132634
16.116871 0.75672584 5.874326 0.757137 0.132139
17.406221 0.75924372 5.882214 0.753797 0.132243
18.695570 0.75360019 5.873037 0.756072 0.132316
19.984920 0.75412113 5.864144 0.757648 0.132424
21.274270 0.75420795 5.867997 0.760362 0.131555
22.563619 0.75339760 5.872503 0.761018 0.131797
23.852969 0.75947525 5.885527 0.761094 0.130659
25.142319 0.75985149 5.888059 0.758177 0.130371
26.431668 0.75860702 5.885549 0.755934 0.130769
27.721018 0.75721784 5.874331 0.755959 0.132523
29.010368 0.75226889 5.866503 0.758803 0.132156
30.299717 0.75443948 5.867270 0.759215 0.132551
31.589067 0.75776772 5.869954 0.757763 0.131898
32.878417 0.75325289 5.862066 0.757706 0.132962
34.167766 0.75351336 5.857812 0.755505 0.133598
35.457116 0.75096654 5.856791 0.753275 0.133595
36.746466 0.74980889 5.856261 0.753406 0.133307
38.035815 0.75351336 5.852934 0.753832 0.134325
39.325165 0.75192160 5.846811 0.751522 0.135573
40.614515 0.74720418 5.844605 0.749569 0.136063
41.903864 0.75111124 5.833699 0.750276 0.137960
43.193214 0.74564135 5.834265 0.747764 0.138323
44.482564 0.74752253 5.829804 0.746543 0.138419
45.771913 0.75015618 5.827276 0.747683 0.139307
47.061263 0.74549665 5.813192 0.744785 0.141715
48.350613 0.73985311 5.817947 0.744838 0.139856
49.639962 0.74300770 5.817980 0.746757 0.139645
50.929312 0.74682794 5.816935 0.747807 0.139719
52.218662 0.74679900 5.823244 0.747008 0.140329
53.508012 0.74662536 5.834832 0.748430 0.138223
54.797361 0.74847759 5.839726 0.749913 0.137441
56.086711 0.74972207 5.840031 0.747567 0.138143
57.376061 0.75299242 5.846183 0.747755 0.137111
58.665410 0.75006936 5.846317 0.749690 0.136232
59.954760 0.74737783 5.839258 0.750344 0.136463
61.244110 0.74219735 5.835640 0.751628 0.136500
62.533459 0.75206630 5.842569 0.754758 0.136340
63.822809 0.75374489 5.855437 0.750359 0.135902
65.112159 0.75157430 5.859987 0.750673 0.134957
66.401508 0.75484466 5.867687 0.754315 0.134174
67.690858 0.75469995 5.866856 0.752604 0.134531
68.980208 0.75331078 5.870260 0.748808 0.133456
70.269557 0.75296348 5.865396 0.749279 0.134284
71.558907 0.75423689 5.859023 0.753445 0.134229
72.848257 0.75261619 5.869256 0.754337 0.132334
74.137606 0.75565501 5.870356 0.757168 0.131779
75.426956 0.75684160 5.872510 0.757404 0.132652
76.716306 0.75061924 5.873689 0.754156 0.132222
