# Layer profile at T = 0.380000
# input   = perfect_Sigma39_theta32.2042deg.dat
# seed    = 5000020
# n_samples = 1000
# Lx = 72.984271  Ly = 25.282493
# columns : x rho coord psi6 psi4
0.608202 0.84321456 5.989280 0.855058 0.095896
1.824607 0.84591342 5.989814 0.855547 0.095787
3.041011 0.84614103 5.989278 0.855297 0.096028
4.257416 0.84383237 5.987939 0.855532 0.096051
5.473820 0.84493793 5.988109 0.856468 0.095302
6.690225 0.84386489 5.987246 0.855587 0.096160
7.906629 0.84760427 5.992251 0.855124 0.095286
9.123034 0.84581587 5.989390 0.856066 0.095780
10.339438 0.84627110 5.988973 0.857268 0.095339
11.555843 0.84412502 5.987173 0.856456 0.095973
12.772247 0.84490541 5.989070 0.855548 0.095842
13.988652 0.84409250 5.987326 0.854497 0.096214
15.205056 0.84594594 5.987738 0.855629 0.096193
16.421461 0.84324708 5.989010 0.855858 0.096005
17.637865 0.84529561 5.989806 0.857570 0.095734
18.854270 0.84562077 5.987349 0.856158 0.095853
20.070674 0.84474283 5.988491 0.856383 0.095598
21.287079 0.84614103 5.987434 0.856435 0.095885
22.503483 0.84409250 5.989329 0.856138 0.095676
23.719888 0.84454773 5.989528 0.857407 0.095369
24.936292 0.84711653 5.988868 0.857188 0.095711
26.152697 0.84601097 5.989123 0.854944 0.095549
27.369101 0.84451522 5.988988 0.856116 0.095802
28.585506 0.84497044 5.988532 0.858776 0.095215
29.801910 0.84646620 5.990896 0.857451 0.095699
31.018315 0.84445018 5.988987 0.857313 0.095090
32.234719 0.84757175 5.989872 0.858171 0.094869
33.451124 0.84383237 5.989596 0.857053 0.095783
34.667528 0.84575084 5.989735 0.857120 0.095201
35.883933 0.84601097 5.990545 0.855424 0.095668
37.100338 0.84685639 5.990170 0.854932 0.095372
38.316742 0.84288940 5.988543 0.856767 0.095465
39.533147 0.84844970 5.988196 0.855398 0.095715
40.749551 0.84458025 5.989566 0.855090 0.096107
41.965956 0.84588090 5.987814 0.856945 0.095453
43.182360 0.84526309 5.989383 0.856861 0.095452
44.398765 0.84545819 5.988539 0.856252 0.095278
45.615169 0.84409250 5.988289 0.855552 0.095815
46.831574 0.84529561 5.989268 0.856062 0.096045
48.047978 0.84506799 5.989457 0.856031 0.095839
49.264383 0.84578335 5.987851 0.856215 0.095812
50.480787 0.84773434 5.988915 0.855940 0.095704
51.697192 0.84409250 5.988097 0.854348 0.096533
52.913596 0.84825460 5.986545 0.854491 0.096461
54.130001 0.84132861 5.989449 0.857042 0.095389
55.346405 0.84640117 5.989090 0.857272 0.095076
56.562810 0.84620607 5.989202 0.857118 0.095615
57.779214 0.84435263 5.988485 0.857296 0.094999
58.995619 0.84490541 5.990302 0.856197 0.095375
60.212023 0.84649871 5.990397 0.856566 0.095696
61.428428 0.84588090 5.988006 0.857643 0.095423
62.644832 0.84500296 5.988764 0.857263 0.095221
63.861237 0.84984790 5.990282 0.859260 0.094641
65.077641 0.84392992 5.989790 0.858279 0.095392
66.294046 0.84493793 5.989571 0.856889 0.095543
67.510450 0.84854725 5.989615 0.857764 0.094640
68.726855 0.84311701 5.990243 0.856730 0.095021
69.943259 0.84614103 5.988856 0.857674 0.095507
71.159664 0.84532812 5.988229 0.856829 0.095562
72.376068 0.84636865 5.987552 0.855186 0.096520
