# Layer profile at T = 0.280000
# input   = perfect_Sigma39_theta32.2042deg.dat
# seed    = 5
# n_samples = 1000
# Lx = 71.733358  Ly = 24.849164
# columns : x rho coord psi6 psi4
0.597778 0.87425961 5.999730 0.921438 0.070676
1.793334 0.87237463 5.999846 0.920795 0.070569
2.988890 0.87654851 5.999731 0.921428 0.070766
4.184446 0.87634655 5.999770 0.922022 0.070683
5.380002 0.87462987 5.999615 0.921554 0.070538
6.575558 0.87563968 5.999692 0.921242 0.070716
7.771114 0.87520210 5.999615 0.921117 0.070870
8.966670 0.87351908 5.999653 0.920562 0.070634
10.162226 0.87739002 5.999731 0.921347 0.070418
11.357782 0.87432693 5.999846 0.921494 0.070487
12.553338 0.87274489 5.999807 0.920748 0.070592
13.748894 0.87765930 5.999885 0.921510 0.070361
14.944450 0.87496648 5.999769 0.921222 0.070792
16.140006 0.87294686 5.999846 0.921467 0.070590
17.335562 0.87547138 5.999808 0.921557 0.070101
18.531118 0.87701976 5.999846 0.922531 0.070419
19.726674 0.87351908 5.999807 0.921487 0.070540
20.922230 0.87681779 5.999731 0.921483 0.070413
22.117786 0.87577432 5.999616 0.921392 0.070324
23.313341 0.87277855 5.999614 0.921706 0.070239
24.508897 0.87675047 5.999616 0.921255 0.070374
25.704453 0.87600995 5.999616 0.921352 0.070569
26.900009 0.87395667 5.999576 0.920909 0.070267
28.095565 0.87560602 5.999846 0.920827 0.070606
29.291121 0.87452889 5.999731 0.921503 0.070318
30.486677 0.87594263 5.999731 0.921210 0.071017
31.682233 0.87271123 5.999691 0.920582 0.070962
32.877789 0.87617825 5.999654 0.921015 0.070662
34.073345 0.87449523 5.999538 0.920923 0.070243
35.268901 0.87483183 5.999731 0.921266 0.070592
36.464457 0.87678413 5.999693 0.921534 0.070485
37.660013 0.87271123 5.999846 0.920523 0.070437
38.855569 0.87621191 5.999654 0.920445 0.071257
40.051125 0.87648119 5.999693 0.921123 0.070650
41.246681 0.87425961 5.999653 0.921566 0.070536
42.442237 0.87638021 5.999654 0.920861 0.070808
43.637793 0.87765930 5.999732 0.920398 0.071082
44.833349 0.87378836 5.999653 0.920675 0.070604
46.028905 0.87351908 5.999538 0.920949 0.070610
47.224461 0.87769296 5.999732 0.920518 0.070314
48.420017 0.87250927 5.999730 0.921003 0.070857
49.615573 0.87567334 5.999539 0.921388 0.070281
50.811129 0.87654851 5.999846 0.921051 0.070609
52.006685 0.87351908 5.999576 0.921421 0.070495
53.202241 0.87459621 5.999654 0.921779 0.070549
54.397797 0.87779394 5.999885 0.920689 0.071107
55.593353 0.87267757 5.999614 0.921176 0.070789
56.788909 0.87621191 5.999539 0.920763 0.070906
57.984465 0.87442791 5.999269 0.921399 0.070893
59.180021 0.87436059 5.999615 0.920175 0.070619
60.375577 0.87466353 5.999846 0.920781 0.070641
61.571133 0.87934232 5.999655 0.920936 0.070509
62.766689 0.87351908 5.999538 0.920251 0.070909
63.962245 0.87314882 5.999537 0.921043 0.070529
65.157801 0.87813055 5.999732 0.921698 0.070541
66.353357 0.87301418 5.999769 0.922151 0.070140
67.548913 0.87510112 5.999538 0.921437 0.070224
68.744468 0.87749100 5.999731 0.921477 0.070538
69.940024 0.87230731 5.999768 0.922165 0.070519
71.135580 0.87863545 5.999694 0.922678 0.069952
