# Layer profile at T = 0.280000
# input   = bicrystal_Sigma39_theta32.2042deg.dat
# seed    = 782
# n_samples = 1000
# Lx = 71.648988  Ly = 24.819938
# columns : x rho coord psi6 psi4
0.597075 0.87237225 5.970955 0.905719 0.077668
1.791225 0.87652223 5.992263 0.916311 0.072741
2.985375 0.87766938 5.998424 0.920030 0.071642
4.179524 0.87679215 5.999615 0.920411 0.071290
5.373674 0.87817547 6.000038 0.920761 0.070892
6.567824 0.87706206 5.999654 0.920434 0.071021
7.761974 0.87500395 5.999884 0.920162 0.071049
8.956124 0.87972750 5.999923 0.920632 0.071081
10.150273 0.87611735 5.999807 0.920777 0.071111
11.344423 0.87750068 5.999654 0.920960 0.070211
12.538573 0.87790556 5.999616 0.920688 0.070677
13.732723 0.87726450 5.999808 0.922136 0.070211
14.926873 0.87544256 5.999961 0.921198 0.070899
16.121022 0.87932262 5.999655 0.920309 0.071001
17.315172 0.87648849 5.999692 0.920012 0.071140
18.509322 0.87669093 5.999808 0.920933 0.070654
19.703472 0.87922140 5.999578 0.920822 0.070847
20.897622 0.87635353 5.999615 0.920648 0.070647
22.091771 0.87635353 5.999384 0.921056 0.070774
23.285921 0.88043603 5.999693 0.921827 0.070634
24.480071 0.87621857 5.999692 0.921157 0.070400
25.674221 0.87729824 5.999615 0.920502 0.070969
26.868371 0.87675841 5.999885 0.920601 0.071407
28.062520 0.87584744 5.999769 0.919691 0.071257
29.256670 0.87669093 5.999038 0.919341 0.072118
30.450820 0.87780434 5.993081 0.916532 0.073496
31.644970 0.86748001 5.973669 0.902917 0.079994
32.839120 0.86545563 5.894858 0.864240 0.099663
34.033269 0.81862500 5.672629 0.740942 0.145483
35.227419 0.79679545 5.602092 0.669333 0.160944
36.421569 0.85212847 5.814341 0.828375 0.116452
37.615719 0.87179868 5.966136 0.897368 0.083050
38.809869 0.87389054 5.994633 0.915199 0.074436
40.004018 0.87554378 5.999191 0.918853 0.071873
41.198168 0.87763564 5.999577 0.920289 0.071258
42.392318 0.87787182 5.999808 0.920691 0.071406
43.586468 0.87780434 5.999885 0.921102 0.070662
44.780618 0.87682589 5.999577 0.920647 0.070985
45.974767 0.87604988 5.999576 0.919551 0.070884
47.168917 0.87831043 5.999501 0.920344 0.071366
48.363067 0.87682589 5.999538 0.920431 0.071042
49.557217 0.87476777 5.999537 0.920999 0.071232
50.751367 0.87895148 5.999463 0.920357 0.070950
51.945516 0.87618483 5.999615 0.920629 0.070919
53.139666 0.87588118 5.999499 0.920188 0.071265
54.333816 0.87756816 5.999500 0.920120 0.071652
55.527966 0.87594866 5.997573 0.917483 0.072712
56.722116 0.87304705 5.984155 0.910487 0.076641
57.916265 0.86687269 5.936948 0.885396 0.087604
59.110415 0.84845085 5.844156 0.834783 0.106645
60.304565 0.84224275 5.823459 0.815830 0.112679
61.498715 0.85944997 5.873435 0.854475 0.103461
62.692865 0.84615655 5.866980 0.842635 0.103205
63.887014 0.85435528 5.876195 0.847552 0.100913
65.081164 0.87031414 5.934716 0.884647 0.088392
66.275314 0.86663651 5.957370 0.892152 0.082874
67.469464 0.86828976 5.960326 0.898600 0.081683
68.663614 0.87021292 5.970533 0.903015 0.078734
69.857763 0.87176494 5.964781 0.903784 0.079907
71.051913 0.86579302 5.958887 0.895478 0.080552
