# Layer profile at T = 0.360000
# input   = bicrystal_Sigma39_theta32.2042deg.dat
# seed    = 4000794
# n_samples = 1000
# Lx = 73.091293  Ly = 25.319567
# columns : x rho coord psi6 psi4
0.609094 0.83128006 5.896568 0.825588 0.112427
1.827282 0.82518487 5.864136 0.807589 0.120623
3.045471 0.81763073 5.825608 0.791222 0.128915
4.263659 0.81383744 5.806111 0.780411 0.133916
5.481847 0.81341597 5.796086 0.773439 0.136373
6.700035 0.81117890 5.789768 0.770423 0.137395
7.918223 0.81386986 5.806517 0.778016 0.134221
9.136412 0.81905726 5.827416 0.787213 0.129784
10.354600 0.82333686 5.865131 0.803915 0.121615
11.572788 0.83043711 5.889318 0.817769 0.115379
12.790976 0.83257691 5.911215 0.828831 0.110844
14.009164 0.83769946 5.925652 0.836266 0.107726
15.227353 0.83863968 5.936444 0.843300 0.103785
16.445541 0.84035800 5.942901 0.849085 0.101745
17.663729 0.84220601 5.953151 0.854264 0.098904
18.881917 0.84214117 5.965428 0.862063 0.096009
20.100105 0.84826878 5.974698 0.864767 0.094502
21.318294 0.84651803 5.976408 0.864498 0.093933
22.536482 0.84557782 5.977417 0.864239 0.094621
23.754670 0.84911173 5.976709 0.863206 0.094963
24.972858 0.84441065 5.972509 0.862128 0.095632
26.191047 0.84181695 5.960023 0.854998 0.099375
27.409235 0.83695377 5.935580 0.841969 0.104996
28.627423 0.83332260 5.902735 0.823633 0.112851
29.845611 0.82693562 5.863405 0.804628 0.122369
31.063799 0.81792252 5.827414 0.786972 0.128949
32.281988 0.81390229 5.798638 0.772878 0.135701
33.500176 0.81354565 5.791416 0.772076 0.137562
34.718364 0.81014142 5.803626 0.782802 0.133553
35.936552 0.81587998 5.819392 0.788504 0.129979
37.154740 0.82495792 5.845392 0.798194 0.125628
38.372929 0.82437434 5.872340 0.806813 0.119881
39.591117 0.82800552 5.889307 0.815444 0.116122
40.809305 0.83153943 5.905568 0.822608 0.112654
42.027493 0.83672682 5.922001 0.832011 0.107885
43.245682 0.83850999 5.938020 0.840921 0.104468
44.463870 0.84155758 5.958470 0.852695 0.098980
45.682058 0.84512392 5.976254 0.860077 0.095510
46.900246 0.84907931 5.986865 0.865136 0.092961
48.118434 0.84833362 5.991210 0.867657 0.091248
49.336623 0.84775004 5.993001 0.869339 0.091729
50.554811 0.85199722 5.994673 0.869837 0.090789
51.772999 0.85044100 5.994968 0.871206 0.090109
52.991187 0.84629108 5.993832 0.871383 0.090842
54.209375 0.85108942 5.994057 0.870819 0.090641
55.427564 0.84703677 5.994756 0.870424 0.090825
56.645752 0.84713403 5.995254 0.872537 0.089918
57.863940 0.84992226 5.995842 0.872096 0.090055
59.082128 0.84901447 5.995265 0.871353 0.090228
60.300316 0.85099216 5.994171 0.871239 0.090146
61.518505 0.84995468 5.993668 0.869466 0.090920
62.736693 0.85024647 5.993594 0.869059 0.090811
63.954881 0.84603171 5.993600 0.869220 0.091648
65.173069 0.84972773 5.988554 0.866710 0.091683
66.391258 0.84577234 5.978610 0.865984 0.093908
67.609446 0.84518876 5.968660 0.864842 0.095227
68.827634 0.84259506 5.964177 0.863290 0.095814
70.045822 0.84327591 5.960438 0.861212 0.097849
71.264010 0.84201148 5.955104 0.854102 0.099435
72.482199 0.83620808 5.930211 0.839894 0.105904
