# Layer profile at T = 0.320000
# input   = perfect_Sigma39_theta32.2042deg.dat
# seed    = 2000011
# n_samples = 1000
# Lx = 72.151847  Ly = 24.994133
# columns : x rho coord psi6 psi4
0.601265 0.86690891 5.998580 0.900437 0.079217
1.803796 0.86524536 5.997847 0.898519 0.079794
3.006327 0.86451340 5.998191 0.898932 0.079589
4.208858 0.86494592 5.998654 0.898995 0.079478
5.411389 0.86534517 5.998693 0.899009 0.079363
6.613919 0.86278330 5.998535 0.899555 0.079730
7.816450 0.86654293 5.998503 0.900388 0.079787
9.018981 0.86451340 5.998307 0.900147 0.079273
10.221512 0.86720835 5.998619 0.900826 0.079416
11.424042 0.86404760 5.998344 0.900436 0.079173
12.626573 0.86514554 5.998154 0.899727 0.079869
13.829104 0.86487938 5.997807 0.899600 0.079707
15.031635 0.86398106 5.998190 0.899473 0.079298
16.234166 0.86840610 5.998391 0.900404 0.079316
17.436696 0.86341545 5.998459 0.900507 0.078827
18.639227 0.86561134 5.998117 0.900592 0.079301
19.841758 0.86594405 5.998655 0.901695 0.078713
21.044289 0.86504573 5.998846 0.900361 0.078948
22.246820 0.86448012 5.998999 0.901461 0.079109
23.449350 0.86597732 5.998809 0.900993 0.079550
24.651881 0.86381471 5.998922 0.900566 0.078911
25.854412 0.86640984 5.998349 0.900003 0.079159
27.056943 0.86534517 5.998424 0.899733 0.079856
28.259473 0.86378143 5.998613 0.900602 0.079257
29.462004 0.86584424 5.997963 0.899953 0.079059
30.664535 0.86504573 5.998269 0.900227 0.079084
31.867066 0.86501246 5.998500 0.900271 0.079200
33.069597 0.86551153 5.998501 0.900863 0.079403
34.272127 0.86491265 5.998538 0.900529 0.079371
35.474658 0.86491265 5.998923 0.901362 0.079106
36.677189 0.86644311 5.998810 0.900797 0.079396
37.879720 0.86537844 5.999000 0.900944 0.079000
39.082251 0.86474629 5.998769 0.901491 0.078740
40.284781 0.86421396 5.998499 0.900211 0.079116
41.487312 0.86477956 5.998461 0.900038 0.079240
42.689843 0.86584424 5.998463 0.899476 0.078948
43.892374 0.86411414 5.998652 0.900047 0.079561
45.094904 0.86341545 5.997881 0.900311 0.079613
46.297435 0.86511227 5.998385 0.899918 0.079465
47.499966 0.86481283 5.998884 0.899485 0.079378
48.702497 0.86611040 5.999078 0.899674 0.079218
49.905028 0.86444685 5.998653 0.899467 0.079624
51.107558 0.86497919 5.997654 0.899501 0.079234
52.310089 0.86301620 5.998496 0.900251 0.079576
53.512620 0.86577769 5.997886 0.900839 0.079832
54.715151 0.86464648 5.997730 0.899725 0.079741
55.917682 0.86527863 5.998577 0.901047 0.079205
57.120212 0.86541171 5.998693 0.901649 0.079487
58.322743 0.86438031 5.999269 0.900613 0.079450
59.525274 0.86444685 5.998653 0.899504 0.079350
60.727805 0.86611040 5.998233 0.899281 0.079165
61.930335 0.86271676 5.998689 0.900535 0.079435
63.132866 0.86621022 5.998502 0.901231 0.079003
64.335397 0.86431377 5.998499 0.900032 0.079406
65.537928 0.86734143 5.998542 0.900010 0.079431
66.740459 0.86235078 5.998765 0.900312 0.079339
67.942989 0.86561134 5.999001 0.900433 0.079880
69.145520 0.86561134 5.998539 0.900480 0.079168
70.348051 0.86527863 5.998808 0.901166 0.079148
71.550582 0.86431377 5.998460 0.900231 0.079224
