# Layer profile at T = 0.300000
# input   = perfect_Sigma39_theta32.2042deg.dat
# seed    = 1000008
# n_samples = 1000
# Lx = 71.960204  Ly = 24.927746
# columns : x rho coord psi6 psi4
0.599668 0.87012770 5.999116 0.911099 0.075009
1.799005 0.86922460 5.998807 0.911172 0.074944
2.998342 0.87093047 5.998848 0.910994 0.074633
4.197679 0.87032839 5.999462 0.911905 0.075007
5.397015 0.86875632 5.999037 0.910661 0.075359
6.596352 0.86895701 5.999115 0.910976 0.074978
7.795689 0.87163288 5.999386 0.912698 0.073901
8.995025 0.86848873 5.999153 0.912211 0.074665
10.194362 0.86975977 5.999192 0.911968 0.074459
11.393699 0.87266979 5.999195 0.911658 0.074478
12.593036 0.87036184 5.999462 0.912141 0.074445
13.792372 0.86905735 5.999615 0.911973 0.074628
14.991709 0.86855563 5.999153 0.910989 0.074701
16.191046 0.86748528 5.999306 0.911737 0.074811
17.390383 0.87103081 5.999386 0.911693 0.074675
18.589719 0.87079667 5.999424 0.912131 0.074779
19.789056 0.86965943 5.999154 0.912385 0.074533
20.988393 0.86822114 5.999229 0.910357 0.075111
22.187729 0.86842183 5.999114 0.910566 0.075069
23.387066 0.87149909 5.999463 0.911076 0.074934
24.586403 0.86741838 5.999537 0.911830 0.074486
25.785740 0.87133185 5.999271 0.910529 0.074785
26.985076 0.87143219 5.999271 0.911575 0.074990
28.184413 0.86818769 5.999152 0.911148 0.075285
29.383750 0.86541147 5.999072 0.911099 0.075291
30.583087 0.87062943 5.999270 0.910393 0.075153
31.782423 0.86828804 5.999576 0.910525 0.074807
32.981760 0.86999391 5.999808 0.911371 0.074958
34.181097 0.87022805 5.999577 0.911628 0.074498
35.380433 0.87129840 5.999194 0.911187 0.074949
36.579770 0.86792011 5.999268 0.910902 0.075161
37.779107 0.87066288 5.999424 0.910922 0.074916
38.978444 0.86865597 5.999076 0.910823 0.074982
40.177780 0.86922460 5.999076 0.911225 0.075257
41.377117 0.87086357 5.999193 0.911939 0.074712
42.576454 0.86855563 5.999345 0.909838 0.074775
43.775791 0.86885666 5.999307 0.911719 0.074909
44.975127 0.86912425 5.999038 0.911746 0.074873
46.174464 0.87186702 5.999348 0.911759 0.074610
47.373801 0.86925804 5.999384 0.911048 0.074530
48.573137 0.86929149 5.999269 0.911000 0.075227
49.772474 0.87133185 5.999347 0.910938 0.075005
50.971811 0.86765252 5.999229 0.911783 0.075008
52.171148 0.86905735 5.999269 0.911729 0.074981
53.370484 0.87012770 5.999193 0.911807 0.074824
54.569821 0.86818769 5.999037 0.911171 0.075142
55.769158 0.87186702 5.998734 0.910655 0.075172
56.968495 0.86818769 5.999152 0.910279 0.075432
58.167831 0.87233530 5.999348 0.910163 0.075235
59.367168 0.86972632 5.999423 0.911386 0.075113
60.566505 0.87009426 5.998962 0.912226 0.074629
61.765841 0.87029495 5.999500 0.912431 0.074585
62.965178 0.87076322 5.999347 0.912177 0.074735
64.164515 0.86751873 5.999036 0.910979 0.074768
65.363852 0.87099736 5.999462 0.910985 0.074975
66.563188 0.86925804 5.999423 0.910894 0.074674
67.762525 0.86905735 5.999153 0.910919 0.074875
68.961862 0.86868942 5.999615 0.911228 0.074839
70.161198 0.86889011 5.999731 0.911760 0.074620
71.360535 0.87106426 5.999194 0.912044 0.074616
