# Layer profile at T = 0.420000
# input   = bicrystal_Sigma39_theta32.2042deg.dat
# seed    = 7000803
# n_samples = 1000
# Lx = 80.998278  Ly = 28.058627
# columns : x rho coord psi6 psi4
0.674986 0.66906310 5.603954 0.586641 0.195663
2.024957 0.67056792 5.605079 0.591305 0.192928
3.374928 0.67244234 5.612500 0.591668 0.193120
4.724900 0.66930070 5.628668 0.593243 0.190522
6.074871 0.66819189 5.618965 0.594261 0.190747
7.424842 0.66568386 5.627127 0.591840 0.191263
8.774813 0.66626467 5.613425 0.592910 0.193048
10.124785 0.66687187 5.615519 0.593231 0.191115
11.474756 0.67033031 5.613012 0.590163 0.193232
12.824727 0.67370955 5.609742 0.587140 0.195214
14.174699 0.68107524 5.628498 0.588054 0.192554
15.524670 0.68598570 5.661676 0.591091 0.188302
16.874641 0.69071135 5.680465 0.592404 0.187352
18.224613 0.69414339 5.681740 0.592781 0.186487
19.574584 0.68788652 5.674010 0.591502 0.187360
20.924555 0.68194645 5.663157 0.594851 0.188754
22.274526 0.68551049 5.670107 0.596847 0.186050
23.624498 0.68448088 5.688664 0.597666 0.184346
24.974469 0.69258578 5.692498 0.598381 0.185617
26.324440 0.69089616 5.689492 0.595496 0.185861
27.674412 0.68965534 5.683804 0.591585 0.186887
29.024383 0.68561609 5.680554 0.594575 0.187542
30.374354 0.68656651 5.662309 0.592928 0.189667
31.724326 0.67994003 5.650398 0.593171 0.189875
33.074297 0.68640810 5.654769 0.589820 0.189813
34.424268 0.68780732 5.669789 0.594305 0.187507
35.774240 0.68725291 5.679779 0.597348 0.186137
37.124211 0.69559541 5.696030 0.593680 0.185407
38.474182 0.69377379 5.699570 0.594751 0.185311
39.824153 0.69477700 5.703614 0.592645 0.185012
41.174125 0.69686263 5.705599 0.594695 0.184470
42.524096 0.69683623 5.715173 0.593365 0.183339
43.874067 0.69754904 5.723942 0.593341 0.183292
45.224039 0.69881625 5.716283 0.591722 0.184023
46.574010 0.69324578 5.701169 0.595782 0.185502
47.923981 0.68817692 5.691717 0.596741 0.185434
49.273953 0.68878413 5.679609 0.591889 0.186368
50.623924 0.69123936 5.674674 0.594501 0.187934
51.973895 0.68448088 5.677363 0.594882 0.187168
53.323866 0.68624970 5.661037 0.594421 0.189313
54.673838 0.68500889 5.663506 0.591325 0.189010
56.023809 0.68223685 5.649756 0.594682 0.188102
57.373780 0.68519369 5.646567 0.593049 0.189975
58.723752 0.67632318 5.643454 0.591433 0.189980
60.073723 0.67780160 5.648243 0.594310 0.188817
61.423694 0.68590650 5.653593 0.593106 0.188219
62.773666 0.68239526 5.650959 0.590997 0.188855
64.123637 0.67877841 5.651744 0.594346 0.188435
65.473608 0.68136564 5.653803 0.597152 0.188285
66.823579 0.68313446 5.650100 0.599375 0.188623
68.173551 0.67817121 5.653729 0.597666 0.187502
69.523522 0.67363035 5.630741 0.597256 0.189168
70.873493 0.67159753 5.600495 0.593174 0.193271
72.223465 0.66288543 5.583775 0.593845 0.194666
73.573436 0.65897818 5.580425 0.594501 0.194919
74.923407 0.65808057 5.583865 0.593308 0.196600
76.273379 0.66103740 5.584768 0.588961 0.196636
77.623350 0.66877270 5.587123 0.588848 0.195968
78.973321 0.67297034 5.586482 0.589035 0.195461
80.323292 0.66613266 5.599041 0.587360 0.195290
