# Layer profile at T = 0.340000
# input   = perfect_Sigma39_theta32.2042deg.dat
# seed    = 3000014
# n_samples = 1000
# Lx = 72.442512  Ly = 25.094822
# columns : x rho coord psi6 psi4
0.603688 0.86042824 5.997277 0.887231 0.084395
1.811063 0.85702877 5.996881 0.887015 0.084506
3.018438 0.85772187 5.996922 0.887142 0.084065
4.225813 0.86019721 5.996854 0.889133 0.083956
5.433188 0.85940510 5.996928 0.888783 0.083891
6.640564 0.85834895 5.996732 0.889477 0.083687
7.847939 0.85508150 5.997028 0.888161 0.083921
9.055314 0.85577460 5.997339 0.888924 0.083913
10.262689 0.86148438 5.996667 0.887876 0.084443
11.470064 0.85857998 5.996387 0.888700 0.083652
12.677440 0.85828294 5.996193 0.888282 0.084254
13.884815 0.85824994 5.997423 0.888166 0.083670
15.092190 0.85696276 5.996996 0.888631 0.083934
16.299565 0.85963613 5.997197 0.888215 0.084209
17.506940 0.85808492 5.997846 0.888596 0.083574
18.714316 0.85788689 5.997307 0.889244 0.083513
19.921691 0.85801891 5.997384 0.889611 0.083559
21.129066 0.85973514 5.997121 0.888153 0.084195
22.336441 0.85676473 5.997111 0.887616 0.084206
23.543816 0.85653370 5.997341 0.887759 0.084118
24.751192 0.85894303 5.996964 0.889121 0.083535
25.958567 0.85940510 5.996851 0.888680 0.083506
27.165942 0.85930608 5.996543 0.889485 0.083240
28.373317 0.85679774 5.996803 0.888992 0.083763
29.580692 0.85930608 5.997043 0.888980 0.083661
30.788068 0.85831595 5.997078 0.888704 0.084000
31.995443 0.85742482 5.997152 0.888000 0.084241
33.202818 0.85838196 5.997232 0.888288 0.083825
34.410193 0.85874501 5.996964 0.887450 0.084380
35.617568 0.85739182 5.996613 0.887394 0.083943
36.824944 0.85716079 5.996304 0.887569 0.083875
38.032319 0.85897604 5.996388 0.887896 0.084018
39.239694 0.85735882 5.997536 0.888940 0.083869
40.447069 0.86016420 5.997506 0.888205 0.084061
41.654444 0.85782088 5.997576 0.888897 0.083734
42.861820 0.85782088 5.997653 0.888657 0.083626
44.069195 0.85752384 5.996882 0.887698 0.084093
45.276570 0.85725980 5.996997 0.887855 0.084338
46.483945 0.85897604 5.997810 0.888062 0.084151
47.691320 0.85758985 5.997306 0.888199 0.083779
48.898696 0.85696276 5.996765 0.888391 0.083837
50.106071 0.85924007 5.996697 0.888437 0.083781
51.313446 0.85712778 5.997690 0.888211 0.083743
52.520821 0.85943810 5.997312 0.889251 0.083579
53.728196 0.85815092 5.996539 0.888078 0.083910
54.935572 0.85815092 5.997231 0.886058 0.084713
56.142947 0.85580760 5.997223 0.886848 0.084274
57.350322 0.85920707 5.997119 0.887557 0.084498
58.557697 0.85904205 5.996773 0.887300 0.083996
59.765072 0.85871200 5.997079 0.887349 0.084475
60.972448 0.85709478 5.997613 0.889053 0.084396
62.179823 0.85765586 5.997499 0.888114 0.083474
63.387198 0.85815092 5.997269 0.888125 0.083754
64.594573 0.85739182 5.996766 0.889434 0.083644
65.801948 0.85857998 5.996771 0.888191 0.083597
67.009324 0.85745783 5.997421 0.887370 0.084220
68.216699 0.85656671 5.997457 0.887421 0.084377
69.424074 0.85943810 5.997542 0.887190 0.084104
70.631449 0.85742482 5.996921 0.886940 0.084148
71.838824 0.85659971 5.997033 0.887462 0.084404
