# Layer profile at T = 0.300000
# input   = bicrystal_Sigma39_theta32.2042deg.dat
# seed    = 1000785
# n_samples = 1000
# Lx = 71.998203  Ly = 24.940909
# columns : x rho coord psi6 psi4
0.599985 0.85530961 5.913001 0.862662 0.096421
1.799955 0.85450769 5.915422 0.865045 0.096912
2.999925 0.84892770 5.895029 0.850582 0.101679
4.199895 0.84779165 5.873606 0.838387 0.105405
5.399865 0.84541932 5.887361 0.851880 0.103530
6.599835 0.85360554 5.901945 0.854375 0.100378
7.799805 0.85544326 5.917819 0.864772 0.096748
8.999775 0.85140027 5.929987 0.870911 0.093259
10.199745 0.85758170 5.932752 0.872040 0.092692
11.399715 0.85972014 5.934473 0.875420 0.091103
12.599685 0.85561033 5.943922 0.879809 0.090149
13.799656 0.86032158 5.955531 0.883348 0.087311
14.999626 0.86473212 5.964529 0.888568 0.084523
16.199596 0.86088960 5.973646 0.896267 0.081981
17.399566 0.86820708 5.984991 0.902089 0.079123
18.599536 0.86887535 5.991770 0.905439 0.077020
19.799506 0.86546720 5.995136 0.908422 0.076528
20.999476 0.86987774 5.998425 0.909450 0.076107
22.199446 0.87201618 5.999387 0.909478 0.075741
23.399416 0.86760565 5.997689 0.907401 0.076586
24.599386 0.86650301 5.988740 0.902871 0.079508
25.799356 0.86292781 5.956594 0.887573 0.087240
26.999326 0.84872722 5.901067 0.858567 0.100286
28.199296 0.83810184 5.834549 0.820444 0.114961
29.399266 0.83051706 5.796468 0.793640 0.125056
30.599236 0.83559586 5.816419 0.808580 0.120097
31.799206 0.84157681 5.855560 0.832695 0.111987
32.999176 0.84314723 5.862685 0.832188 0.109427
34.199146 0.84819261 5.890841 0.846783 0.102663
35.399116 0.85694685 5.932741 0.873408 0.092711
36.599086 0.86456505 5.964792 0.889374 0.085191
37.799056 0.86677032 5.988667 0.901743 0.079491
38.999026 0.87007822 5.997081 0.908760 0.076427
40.198997 0.87138133 5.999195 0.911488 0.075470
41.398967 0.86947678 5.999654 0.911607 0.075144
42.598937 0.86897558 5.999577 0.910950 0.075088
43.798907 0.87331929 5.999656 0.910625 0.075412
44.998877 0.86717128 5.999576 0.911531 0.075029
46.198847 0.87218325 5.999694 0.912348 0.074497
47.398817 0.86757223 5.999268 0.911347 0.074952
48.598787 0.87231690 5.999272 0.911899 0.075192
49.798757 0.87088013 5.999501 0.910070 0.075264
50.998727 0.86864145 5.999385 0.910668 0.075505
52.198697 0.87094696 5.999309 0.910682 0.075333
53.398667 0.86820708 5.999731 0.910826 0.074871
54.598637 0.87181570 5.999425 0.911862 0.074593
55.798607 0.87194935 5.999425 0.911702 0.074595
56.998577 0.86917606 5.999500 0.911265 0.074886
58.198547 0.86900900 5.999577 0.911500 0.074858
59.398517 0.86820708 5.999346 0.911779 0.074832
60.598487 0.87051259 5.999501 0.911947 0.075236
61.798457 0.87408780 5.999541 0.911025 0.074800
62.998427 0.86747199 5.999538 0.910044 0.075161
64.198397 0.86934313 5.999347 0.910653 0.075478
65.398367 0.87214983 5.999004 0.910305 0.075077
66.598338 0.86680373 5.998728 0.909595 0.076183
67.798308 0.87057942 5.996546 0.908344 0.076594
68.998278 0.86787295 5.986024 0.903969 0.079146
70.198248 0.86105667 5.963446 0.891029 0.084649
71.398218 0.85547668 5.931414 0.870882 0.092685
