# Layer profile at T = 0.360000
# input   = perfect_Sigma39_theta32.2042deg.dat
# seed    = 4000017
# n_samples = 1000
# Lx = 72.732186  Ly = 25.195168
# columns : x rho coord psi6 psi4
0.606102 0.85627301 5.994150 0.874122 0.089001
1.818305 0.84792376 5.994169 0.874239 0.089287
3.030508 0.85139442 5.994116 0.874890 0.089228
4.242711 0.85476687 5.994867 0.874581 0.089233
5.454914 0.84982280 5.994298 0.872821 0.089368
6.667117 0.85103426 5.993536 0.874022 0.089152
7.879320 0.85073958 5.994766 0.874634 0.089448
9.091523 0.85319524 5.993898 0.876066 0.088785
10.303726 0.85142717 5.995001 0.875709 0.088378
11.515929 0.85152539 5.994040 0.874122 0.088890
12.728133 0.85476687 5.993909 0.874669 0.088958
13.940336 0.84769456 5.994129 0.875290 0.088687
15.152539 0.85221298 5.993853 0.874950 0.089265
16.364742 0.85116523 5.994422 0.874652 0.089283
17.576945 0.85028119 5.994416 0.871808 0.090280
18.789148 0.85073958 5.993111 0.872193 0.090210
20.001351 0.85116523 5.993961 0.873403 0.089254
21.213554 0.85263863 5.994278 0.873876 0.088893
22.425757 0.84841489 5.994327 0.873975 0.089204
23.637960 0.85407928 5.993790 0.874243 0.089285
24.850164 0.84910247 5.993329 0.873950 0.089326
26.062367 0.85162362 5.993810 0.874350 0.089191
27.274570 0.85087055 5.993343 0.873788 0.089769
28.486773 0.85250766 5.994124 0.873793 0.089156
29.698976 0.84939715 5.993794 0.872608 0.089235
30.911179 0.85129620 5.994962 0.873590 0.089139
32.123382 0.85182007 5.993850 0.872232 0.089839
33.335585 0.84985554 5.993874 0.872462 0.089560
34.547788 0.85244217 5.994584 0.873791 0.089291
35.759991 0.85234395 5.995160 0.874552 0.089549
36.972195 0.84890602 5.994137 0.873943 0.089438
38.184398 0.85178733 5.993388 0.875114 0.088776
39.396601 0.85191830 5.993851 0.874510 0.088926
40.608804 0.85090329 5.994574 0.874674 0.088782
41.821007 0.85172185 5.995464 0.874157 0.089245
43.033210 0.85001925 5.994877 0.875124 0.089698
44.245413 0.85204927 5.993467 0.873923 0.088844
45.457616 0.85024845 5.992375 0.872377 0.090024
46.669819 0.85208201 5.992507 0.872636 0.090063
47.882022 0.85129620 5.993000 0.872462 0.089524
49.094226 0.85093603 5.992920 0.872928 0.089764
50.306429 0.85224572 5.993968 0.873579 0.089357
51.518632 0.85041216 5.994648 0.874898 0.089240
52.730835 0.85008474 5.995301 0.875061 0.088703
53.943038 0.85185281 5.994773 0.874769 0.089350
55.155241 0.85175459 5.993888 0.874706 0.089244
56.367444 0.84942989 5.994681 0.873642 0.089195
57.579647 0.85358815 5.994745 0.873029 0.089614
58.791850 0.84965909 5.994181 0.872626 0.089446
60.004053 0.85260588 5.995084 0.874649 0.089074
61.216257 0.84946264 5.994257 0.874115 0.089441
62.428460 0.85139442 5.994924 0.874048 0.089024
63.640663 0.85188556 5.994773 0.873137 0.089435
64.852866 0.84890602 5.994292 0.874245 0.089141
66.065069 0.85132894 5.993577 0.874492 0.089218
67.277272 0.85211475 5.994159 0.875872 0.088964
68.489475 0.85237669 5.994776 0.875407 0.088873
69.701678 0.85250766 5.994623 0.875111 0.088358
70.913881 0.85116523 5.992691 0.873493 0.089183
72.126084 0.85060861 5.993456 0.874747 0.089061
