# Layer profile at T = 0.320000
# input   = bicrystal_Sigma39_theta32.2042deg.dat
# seed    = 2000788
# n_samples = 1000
# Lx = 72.320737  Ly = 25.052638
# columns : x rho coord psi6 psi4
0.602673 0.83799472 5.865955 0.825248 0.111465
1.808018 0.84753207 5.899621 0.849574 0.103438
3.013364 0.84882358 5.937578 0.866932 0.095824
4.218710 0.85736745 5.961607 0.877464 0.089825
5.424055 0.85577789 5.973686 0.884326 0.087030
6.629401 0.85915570 5.979571 0.887016 0.085673
7.834747 0.85872520 5.972195 0.882609 0.087918
9.040092 0.84981705 5.945133 0.869088 0.094323
10.245438 0.84574381 5.906222 0.848182 0.102386
11.450783 0.83710060 5.874080 0.831922 0.109506
12.656129 0.84067710 5.869377 0.829760 0.110073
13.861475 0.84435295 5.902851 0.848230 0.102744
15.066820 0.84951901 5.945114 0.870731 0.093656
16.272166 0.85951998 5.974687 0.886443 0.086689
17.477511 0.86044722 5.987954 0.893547 0.083438
18.682857 0.86279844 5.990443 0.893504 0.083275
19.888203 0.85730122 5.979720 0.888078 0.085853
21.093548 0.85362537 5.948287 0.874461 0.091959
22.298894 0.84581004 5.928350 0.862186 0.096350
23.504240 0.85061183 5.925329 0.860119 0.098304
24.709585 0.84647236 5.927546 0.860272 0.098081
25.914931 0.84547889 5.915162 0.852334 0.102214
27.120276 0.84120695 5.885600 0.835634 0.108562
28.325622 0.83359032 5.850111 0.814117 0.116973
29.530968 0.83084171 5.822592 0.799461 0.122994
30.736313 0.83130533 5.822133 0.802035 0.122661
31.941659 0.83541169 5.860467 0.823245 0.113970
33.147004 0.84494903 5.914011 0.855148 0.100928
34.352350 0.85528116 5.954002 0.876336 0.091736
35.557696 0.85723499 5.976512 0.885710 0.085491
36.763041 0.86180496 5.986781 0.892561 0.082836
37.968387 0.86163939 5.997002 0.897545 0.080330
39.173733 0.86177185 5.998079 0.897664 0.080305
40.379078 0.86057968 5.998730 0.899447 0.079924
41.584424 0.86495096 5.998392 0.899778 0.079952
42.789769 0.86173873 5.998348 0.898318 0.079993
43.995115 0.86074526 5.998230 0.899251 0.079751
45.200461 0.86498408 5.998239 0.899802 0.079339
46.405806 0.86154004 5.998539 0.900377 0.079334
47.611152 0.86670610 5.999198 0.899392 0.079103
48.816497 0.85991737 5.999230 0.899302 0.079546
50.021843 0.86283155 5.999002 0.900017 0.079759
51.227189 0.86316271 5.999118 0.899927 0.079530
52.432534 0.86163939 5.998578 0.899468 0.079469
53.637880 0.86475227 5.999196 0.899633 0.079412
54.843226 0.86074526 5.998730 0.900539 0.079122
56.048571 0.86269909 5.998618 0.899873 0.079345
57.253917 0.86289779 5.998542 0.898945 0.079926
58.459262 0.86107642 5.998962 0.898484 0.079769
59.664608 0.86418930 5.998850 0.899802 0.079713
60.869954 0.86266597 5.998618 0.899490 0.079705
62.075299 0.86034787 5.998460 0.899527 0.079887
63.280645 0.86541458 5.998852 0.900310 0.079490
64.485990 0.86223547 5.998387 0.898781 0.080002
65.691336 0.86382503 5.996856 0.898112 0.080582
66.896682 0.86034787 5.991609 0.895507 0.081873
68.102027 0.85965244 5.973150 0.886459 0.086749
69.307373 0.85094299 5.947229 0.869926 0.093129
70.512719 0.84915474 5.910264 0.851382 0.102303
71.718064 0.83378902 5.873262 0.831788 0.109630
