# Layer profile at T = 0.380000
# input   = bicrystal_Sigma39_theta32.2042deg.dat
# seed    = 5000797
# n_samples = 1000
# Lx = 73.300372  Ly = 25.391994
# columns : x rho coord psi6 psi4
0.610836 0.81858217 5.830347 0.777550 0.132186
1.832509 0.81829204 5.834620 0.782578 0.131375
3.054182 0.82174135 5.845200 0.785864 0.129616
4.275855 0.82270844 5.866541 0.796083 0.124823
5.497528 0.82370777 5.874804 0.803687 0.122011
6.719201 0.83057415 5.884223 0.805627 0.119996
7.940874 0.82841431 5.903417 0.812448 0.116651
9.162547 0.83050968 5.915887 0.819265 0.113817
10.384219 0.83428136 5.918238 0.820734 0.112586
11.605892 0.82941364 5.917953 0.822158 0.112221
12.827565 0.83457148 5.917030 0.825488 0.111858
14.049238 0.83363662 5.926218 0.827792 0.109832
15.270911 0.83756948 5.929952 0.826214 0.109285
16.492584 0.83241164 5.925684 0.824234 0.111024
17.714257 0.83234716 5.927343 0.822576 0.111902
18.935930 0.83092876 5.929043 0.822509 0.111199
20.157602 0.83508727 5.932947 0.822968 0.110701
21.379275 0.83576424 5.931189 0.824463 0.110830
22.600948 0.83399123 5.928762 0.822181 0.111297
23.822621 0.83192809 5.916379 0.818487 0.113195
25.044294 0.83324979 5.908581 0.815373 0.114481
26.265967 0.82670577 5.899474 0.811330 0.116867
27.487640 0.82593209 5.885602 0.806264 0.119694
28.709313 0.82406238 5.878770 0.804688 0.120616
29.930985 0.82825312 5.892150 0.805746 0.118820
31.152658 0.83031626 5.907365 0.812491 0.115798
32.374331 0.83005837 5.917977 0.815256 0.114318
33.596004 0.83569976 5.923160 0.817691 0.112794
34.817677 0.83118665 5.917740 0.815907 0.114124
36.039350 0.82928469 5.911098 0.814936 0.115215
37.261023 0.83057415 5.906618 0.816477 0.114861
38.482695 0.83125112 5.913946 0.820205 0.113087
39.704368 0.83418465 5.930595 0.824113 0.110016
40.926041 0.83682804 5.940059 0.831698 0.107251
42.147714 0.83895565 5.946744 0.835725 0.105460
43.369387 0.84101879 5.954617 0.837999 0.104616
44.591060 0.83976156 5.964798 0.840066 0.103123
45.812733 0.83750501 5.959931 0.839325 0.103814
47.034406 0.84134115 5.954749 0.840013 0.104252
48.256078 0.83721488 5.945247 0.836281 0.105657
49.477751 0.83737606 5.935594 0.833050 0.107951
50.699424 0.83418465 5.932256 0.832257 0.108444
51.921097 0.83408794 5.926683 0.828334 0.109809
53.142770 0.83598989 5.924382 0.830065 0.109772
54.364443 0.83540963 5.922053 0.830792 0.110949
55.586116 0.83457148 5.925605 0.831936 0.109676
56.807789 0.83811750 5.935036 0.835638 0.107903
58.029461 0.83827868 5.944162 0.836986 0.106158
59.251134 0.84169576 5.949368 0.838563 0.105117
60.472807 0.84256614 5.942572 0.835297 0.106660
61.694480 0.83711817 5.930183 0.832407 0.109125
62.916153 0.83266953 5.911072 0.825825 0.112076
64.137826 0.83202480 5.903913 0.820159 0.114958
65.359499 0.83331426 5.892573 0.813670 0.117411
66.581172 0.82444921 5.885513 0.804727 0.120041
67.802844 0.82741497 5.865586 0.792529 0.124994
69.024517 0.82270844 5.846793 0.789080 0.128135
70.246190 0.81703481 5.846123 0.788349 0.128476
71.467863 0.82522289 5.843392 0.786313 0.129247
72.689536 0.81806638 5.838988 0.782528 0.130274
