# Density profile (accumulated) at T = 0.320000
# columns : x rho
0.601265 0.86690891
1.803796 0.86524536
3.006327 0.86451340
4.208858 0.86494592
5.411389 0.86534517
6.613919 0.86278330
7.816450 0.86654293
9.018981 0.86451340
10.221512 0.86720835
11.424042 0.86404760
12.626573 0.86514554
13.829104 0.86487938
15.031635 0.86398106
16.234166 0.86840610
17.436696 0.86341545
18.639227 0.86561134
19.841758 0.86594405
21.044289 0.86504573
22.246820 0.86448012
23.449350 0.86597732
24.651881 0.86381471
25.854412 0.86640984
27.056943 0.86534517
28.259473 0.86378143
29.462004 0.86584424
30.664535 0.86504573
31.867066 0.86501246
33.069597 0.86551153
34.272127 0.86491265
35.474658 0.86491265
36.677189 0.86644311
37.879720 0.86537844
39.082251 0.86474629
40.284781 0.86421396
41.487312 0.86477956
42.689843 0.86584424
43.892374 0.86411414
45.094904 0.86341545
46.297435 0.86511227
47.499966 0.86481283
48.702497 0.86611040
49.905028 0.86444685
51.107558 0.86497919
52.310089 0.86301620
53.512620 0.86577769
54.715151 0.86464648
55.917682 0.86527863
57.120212 0.86541171
58.322743 0.86438031
59.525274 0.86444685
60.727805 0.86611040
61.930335 0.86271676
63.132866 0.86621022
64.335397 0.86431377
65.537928 0.86734143
66.740459 0.86235078
67.942989 0.86561134
69.145520 0.86561134
70.348051 0.86527863
71.550582 0.86431377
