# Density profile (accumulated) at T = 0.380000
# columns : x rho
0.608202 0.84321456
1.824607 0.84591342
3.041011 0.84614103
4.257416 0.84383237
5.473820 0.84493793
6.690225 0.84386489
7.906629 0.84760427
9.123034 0.84581587
10.339438 0.84627110
11.555843 0.84412502
12.772247 0.84490541
13.988652 0.84409250
15.205056 0.84594594
16.421461 0.84324708
17.637865 0.84529561
18.854270 0.84562077
20.070674 0.84474283
21.287079 0.84614103
22.503483 0.84409250
23.719888 0.84454773
24.936292 0.84711653
26.152697 0.84601097
27.369101 0.84451522
28.585506 0.84497044
29.801910 0.84646620
31.018315 0.84445018
32.234719 0.84757175
33.451124 0.84383237
34.667528 0.84575084
35.883933 0.84601097
37.100338 0.84685639
38.316742 0.84288940
39.533147 0.84844970
40.749551 0.84458025
41.965956 0.84588090
43.182360 0.84526309
44.398765 0.84545819
45.615169 0.84409250
46.831574 0.84529561
48.047978 0.84506799
49.264383 0.84578335
50.480787 0.84773434
51.697192 0.84409250
52.913596 0.84825460
54.130001 0.84132861
55.346405 0.84640117
56.562810 0.84620607
57.779214 0.84435263
58.995619 0.84490541
60.212023 0.84649871
61.428428 0.84588090
62.644832 0.84500296
63.861237 0.84984790
65.077641 0.84392992
66.294046 0.84493793
67.510450 0.84854725
68.726855 0.84311701
69.943259 0.84614103
71.159664 0.84532812
72.376068 0.84636865
