# Density profile (accumulated) at T = 0.360000
# columns : x rho
0.609094 0.83128006
1.827282 0.82518487
3.045471 0.81763073
4.263659 0.81383744
5.481847 0.81341597
6.700035 0.81117890
7.918223 0.81386986
9.136412 0.81905726
10.354600 0.82333686
11.572788 0.83043711
12.790976 0.83257691
14.009164 0.83769946
15.227353 0.83863968
16.445541 0.84035800
17.663729 0.84220601
18.881917 0.84214117
20.100105 0.84826878
21.318294 0.84651803
22.536482 0.84557782
23.754670 0.84911173
24.972858 0.84441065
26.191047 0.84181695
27.409235 0.83695377
28.627423 0.83332260
29.845611 0.82693562
31.063799 0.81792252
32.281988 0.81390229
33.500176 0.81354565
34.718364 0.81014142
35.936552 0.81587998
37.154740 0.82495792
38.372929 0.82437434
39.591117 0.82800552
40.809305 0.83153943
42.027493 0.83672682
43.245682 0.83850999
44.463870 0.84155758
45.682058 0.84512392
46.900246 0.84907931
48.118434 0.84833362
49.336623 0.84775004
50.554811 0.85199722
51.772999 0.85044100
52.991187 0.84629108
54.209375 0.85108942
55.427564 0.84703677
56.645752 0.84713403
57.863940 0.84992226
59.082128 0.84901447
60.300316 0.85099216
61.518505 0.84995468
62.736693 0.85024647
63.954881 0.84603171
65.173069 0.84972773
66.391258 0.84577234
67.609446 0.84518876
68.827634 0.84259506
70.045822 0.84327591
71.264010 0.84201148
72.482199 0.83620808
