# Density profile (accumulated) at T = 0.440000
# columns : x rho
0.859247 0.45639127
2.577741 0.42058246
4.296234 0.38130355
6.014728 0.35158778
7.733222 0.33611081
9.451716 0.32716676
11.170209 0.32454382
12.888703 0.32229558
14.607197 0.32954532
16.325691 0.34163365
18.044185 0.36522380
19.762678 0.37973956
21.481172 0.39565640
23.199666 0.41488042
24.918160 0.43216575
26.636653 0.44005085
28.355147 0.45231838
30.073641 0.46802343
31.792135 0.48573234
33.510628 0.50156772
35.229122 0.51680031
36.947616 0.52299110
38.666110 0.51525261
40.384603 0.50639001
42.103097 0.49866782
43.821591 0.50075314
45.540085 0.48902323
47.258579 0.47286202
48.977072 0.44418891
50.695566 0.42475310
52.414060 0.40862447
54.132554 0.40743519
55.851047 0.40595266
57.569541 0.40981375
59.288035 0.41787806
61.006529 0.41683541
62.725022 0.41409843
64.443516 0.40844526
66.162010 0.40104890
67.880504 0.40565941
69.598998 0.40688127
71.317491 0.39752993
73.035985 0.38869991
74.754479 0.38343774
76.472973 0.38229734
78.191466 0.38860216
79.909960 0.38832521
81.628454 0.38456186
83.346948 0.38141759
85.065441 0.38125468
86.783935 0.38796679
88.502429 0.40458417
90.220923 0.42480197
91.939416 0.44945107
93.657910 0.47579450
95.376404 0.49487189
97.094898 0.50143739
98.813392 0.50034585
100.531885 0.49829312
102.250379 0.48025838
