# Density profile (accumulated) at T = 0.340000
# columns : x rho
0.605667 0.84107556
1.817000 0.85120742
3.028334 0.85412566
4.239667 0.85369940
5.451000 0.85533886
6.662334 0.85484702
7.873667 0.85212552
9.085001 0.85448634
10.296334 0.85169926
11.507668 0.85569954
12.719001 0.85668322
13.930335 0.85553560
15.141668 0.85697832
16.353001 0.85763411
17.564335 0.85687995
18.775668 0.85609301
19.987002 0.85517492
21.198335 0.85724064
22.409669 0.85491260
23.621002 0.85842105
24.832335 0.85428961
26.043669 0.85838826
27.255002 0.85425682
28.466336 0.85553560
29.677669 0.85474866
30.889003 0.84799408
32.100336 0.84894497
33.311670 0.84150182
34.523003 0.83622276
35.734336 0.82546791
36.945670 0.81969701
38.157003 0.81084393
39.368337 0.80887658
40.579670 0.81946749
41.791004 0.83032071
43.002337 0.84320686
44.213671 0.85081395
45.425004 0.85281409
46.636337 0.85094511
47.847671 0.85376498
49.059004 0.85779805
50.270338 0.85602743
51.481671 0.85579791
52.693005 0.85517492
53.904338 0.85435519
55.115671 0.85661764
56.327005 0.85150253
57.538338 0.85107627
58.749672 0.84563326
59.961005 0.84097720
61.172339 0.83222248
62.383672 0.83143554
63.595006 0.83497677
64.806339 0.84058373
66.017672 0.83255037
67.229006 0.82845172
68.440339 0.82707458
69.651673 0.82199225
70.863006 0.83277990
72.074340 0.84268223
