# Density profile (accumulated) at T = 0.340000
# columns : x rho
0.603688 0.86042824
1.811063 0.85702877
3.018438 0.85772187
4.225813 0.86019721
5.433188 0.85940510
6.640564 0.85834895
7.847939 0.85508150
9.055314 0.85577460
10.262689 0.86148438
11.470064 0.85857998
12.677440 0.85828294
13.884815 0.85824994
15.092190 0.85696276
16.299565 0.85963613
17.506940 0.85808492
18.714316 0.85788689
19.921691 0.85801891
21.129066 0.85973514
22.336441 0.85676473
23.543816 0.85653370
24.751192 0.85894303
25.958567 0.85940510
27.165942 0.85930608
28.373317 0.85679774
29.580692 0.85930608
30.788068 0.85831595
31.995443 0.85742482
33.202818 0.85838196
34.410193 0.85874501
35.617568 0.85739182
36.824944 0.85716079
38.032319 0.85897604
39.239694 0.85735882
40.447069 0.86016420
41.654444 0.85782088
42.861820 0.85782088
44.069195 0.85752384
45.276570 0.85725980
46.483945 0.85897604
47.691320 0.85758985
48.898696 0.85696276
50.106071 0.85924007
51.313446 0.85712778
52.520821 0.85943810
53.728196 0.85815092
54.935572 0.85815092
56.142947 0.85580760
57.350322 0.85920707
58.557697 0.85904205
59.765072 0.85871200
60.972448 0.85709478
62.179823 0.85765586
63.387198 0.85815092
64.594573 0.85739182
65.801948 0.85857998
67.009324 0.85745783
68.216699 0.85656671
69.424074 0.85943810
70.631449 0.85742482
71.838824 0.85659971
