# Density profile (accumulated) at T = 0.400000
# columns : x rho
0.644675 0.75794137
1.934025 0.75215313
3.223374 0.75614701
4.512724 0.75490254
5.802074 0.75478678
7.091423 0.75429478
8.380773 0.75423689
9.670123 0.75553925
10.959472 0.75524984
12.248822 0.75464207
13.538172 0.75542348
14.827521 0.75481572
16.116871 0.75672584
17.406221 0.75924372
18.695570 0.75360019
19.984920 0.75412113
21.274270 0.75420795
22.563619 0.75339760
23.852969 0.75947525
25.142319 0.75985149
26.431668 0.75860702
27.721018 0.75721784
29.010368 0.75226889
30.299717 0.75443948
31.589067 0.75776772
32.878417 0.75325289
34.167766 0.75351336
35.457116 0.75096654
36.746466 0.74980889
38.035815 0.75351336
39.325165 0.75192160
40.614515 0.74720418
41.903864 0.75111124
43.193214 0.74564135
44.482564 0.74752253
45.771913 0.75015618
47.061263 0.74549665
48.350613 0.73985311
49.639962 0.74300770
50.929312 0.74682794
52.218662 0.74679900
53.508012 0.74662536
54.797361 0.74847759
56.086711 0.74972207
57.376061 0.75299242
58.665410 0.75006936
59.954760 0.74737783
61.244110 0.74219735
62.533459 0.75206630
63.822809 0.75374489
65.112159 0.75157430
66.401508 0.75484466
67.690858 0.75469995
68.980208 0.75331078
70.269557 0.75296348
71.558907 0.75423689
72.848257 0.75261619
74.137606 0.75565501
75.426956 0.75684160
76.716306 0.75061924
