# Density profile (accumulated) at T = 0.320000
# columns : x rho
0.602673 0.83799472
1.808018 0.84753207
3.013364 0.84882358
4.218710 0.85736745
5.424055 0.85577789
6.629401 0.85915570
7.834747 0.85872520
9.040092 0.84981705
10.245438 0.84574381
11.450783 0.83710060
12.656129 0.84067710
13.861475 0.84435295
15.066820 0.84951901
16.272166 0.85951998
17.477511 0.86044722
18.682857 0.86279844
19.888203 0.85730122
21.093548 0.85362537
22.298894 0.84581004
23.504240 0.85061183
24.709585 0.84647236
25.914931 0.84547889
27.120276 0.84120695
28.325622 0.83359032
29.530968 0.83084171
30.736313 0.83130533
31.941659 0.83541169
33.147004 0.84494903
34.352350 0.85528116
35.557696 0.85723499
36.763041 0.86180496
37.968387 0.86163939
39.173733 0.86177185
40.379078 0.86057968
41.584424 0.86495096
42.789769 0.86173873
43.995115 0.86074526
45.200461 0.86498408
46.405806 0.86154004
47.611152 0.86670610
48.816497 0.85991737
50.021843 0.86283155
51.227189 0.86316271
52.432534 0.86163939
53.637880 0.86475227
54.843226 0.86074526
56.048571 0.86269909
57.253917 0.86289779
58.459262 0.86107642
59.664608 0.86418930
60.869954 0.86266597
62.075299 0.86034787
63.280645 0.86541458
64.485990 0.86223547
65.691336 0.86382503
66.896682 0.86034787
68.102027 0.85965244
69.307373 0.85094299
70.512719 0.84915474
71.718064 0.83378902
