# Density profile (accumulated) at T = 0.440000
# columns : x rho
0.772797 0.56026451
2.318391 0.55903594
3.863985 0.54721355
5.409579 0.54362857
6.955174 0.53877474
8.500768 0.53502864
10.046362 0.53823095
11.591956 0.53047692
13.137550 0.51136372
14.683144 0.50054834
16.228738 0.48725571
17.774332 0.47315745
19.319927 0.45883766
20.865521 0.45976412
22.411115 0.45881752
23.956709 0.46427556
25.502303 0.46977387
27.047897 0.46773970
28.593491 0.47456728
30.139086 0.49190813
31.684680 0.50848364
33.230274 0.52447509
34.775868 0.53466611
36.321462 0.53992274
37.867056 0.54898591
39.412650 0.55367861
40.958244 0.55049643
42.503839 0.55335636
44.049433 0.56376893
45.595027 0.56556142
47.140621 0.56757546
48.686215 0.56469539
50.231809 0.55883454
51.777403 0.56264107
53.322997 0.56342654
54.868592 0.56179517
56.414186 0.56100970
57.959780 0.55514886
59.505374 0.55309454
61.050968 0.55144303
62.596562 0.55533012
64.142156 0.55573293
65.687750 0.56042563
67.233345 0.56485651
68.778939 0.55267159
70.324533 0.53510920
71.870127 0.50276378
73.415721 0.45134545
74.961315 0.41217245
76.506909 0.38556703
78.052504 0.38796374
79.598098 0.40337111
81.143692 0.43479007
82.689286 0.47347970
84.234880 0.51090049
85.780474 0.53404176
87.326068 0.55418212
88.871662 0.56181531
90.417257 0.56092914
91.962851 0.56610521
