# Density profile (accumulated) at T = 0.420000
# columns : x rho
0.680075 0.70077543
2.040225 0.69838282
3.400375 0.69635430
4.760525 0.69102294
6.120675 0.67942397
7.480825 0.66480822
8.840975 0.63945173
10.201124 0.62327559
11.561274 0.61204071
12.921424 0.61404322
14.281574 0.62280747
15.641724 0.63461449
17.001874 0.64772185
18.362024 0.65341731
19.722174 0.67344243
21.082324 0.67528891
22.442474 0.67710937
23.802624 0.68160852
25.162774 0.68696590
26.522924 0.68808418
27.883073 0.69065884
29.243223 0.68790214
30.603373 0.68782412
31.963523 0.68553553
33.323673 0.68407916
34.683823 0.67947598
36.043973 0.66618658
37.404123 0.66293574
38.764273 0.65932082
40.124423 0.65916478
41.484573 0.66306578
42.844723 0.66915134
44.204873 0.67502884
45.565022 0.68426120
46.925172 0.67801961
48.285322 0.68618570
49.645472 0.68298688
51.005622 0.68158252
52.365772 0.67942397
53.725922 0.68647177
55.086072 0.68865633
56.446222 0.68116641
57.806372 0.67703135
59.166522 0.68189460
60.526672 0.67989209
61.886822 0.68418318
63.246972 0.68579560
64.607121 0.68894240
65.967271 0.69273937
67.327421 0.68678385
68.687571 0.68956656
70.047721 0.69331152
71.407871 0.68160852
72.768021 0.68706992
74.128171 0.68967059
75.488321 0.69474189
76.848471 0.69380565
78.208621 0.69328551
79.568771 0.69377964
80.928921 0.69656235
