# Density profile (accumulated) at T = 0.300000
# columns : x rho
0.599668 0.87012770
1.799005 0.86922460
2.998342 0.87093047
4.197679 0.87032839
5.397015 0.86875632
6.596352 0.86895701
7.795689 0.87163288
8.995025 0.86848873
10.194362 0.86975977
11.393699 0.87266979
12.593036 0.87036184
13.792372 0.86905735
14.991709 0.86855563
16.191046 0.86748528
17.390383 0.87103081
18.589719 0.87079667
19.789056 0.86965943
20.988393 0.86822114
22.187729 0.86842183
23.387066 0.87149909
24.586403 0.86741838
25.785740 0.87133185
26.985076 0.87143219
28.184413 0.86818769
29.383750 0.86541147
30.583087 0.87062943
31.782423 0.86828804
32.981760 0.86999391
34.181097 0.87022805
35.380433 0.87129840
36.579770 0.86792011
37.779107 0.87066288
38.978444 0.86865597
40.177780 0.86922460
41.377117 0.87086357
42.576454 0.86855563
43.775791 0.86885666
44.975127 0.86912425
46.174464 0.87186702
47.373801 0.86925804
48.573137 0.86929149
49.772474 0.87133185
50.971811 0.86765252
52.171148 0.86905735
53.370484 0.87012770
54.569821 0.86818769
55.769158 0.87186702
56.968495 0.86818769
58.167831 0.87233530
59.367168 0.86972632
60.566505 0.87009426
61.765841 0.87029495
62.965178 0.87076322
64.164515 0.86751873
65.363852 0.87099736
66.563188 0.86925804
67.762525 0.86905735
68.961862 0.86868942
70.161198 0.86889011
71.360535 0.87106426
