# Density profile (accumulated) at T = 0.400000
# columns : x rho
0.644080 0.74626483
1.932241 0.75258567
3.220401 0.74922229
4.508562 0.75348451
5.796722 0.75168684
7.084883 0.75003414
8.373043 0.74803351
9.661204 0.74986017
10.949364 0.75432535
12.237525 0.75107795
13.525685 0.75287562
14.813846 0.74977319
16.102006 0.75577508
17.390167 0.75528217
18.678327 0.75435435
19.966488 0.75420937
21.254648 0.74348134
22.542809 0.73872622
23.830969 0.73716051
25.119130 0.73956706
26.407290 0.73571077
27.695450 0.73704453
28.983611 0.74371330
30.271771 0.75545614
31.559932 0.74646779
32.848092 0.74594589
34.136253 0.74835245
35.424413 0.74722166
36.712574 0.74420621
38.000734 0.74582991
39.288895 0.74971520
40.577055 0.74823647
41.865216 0.74272748
43.153376 0.74803351
44.441537 0.75322355
45.729697 0.75244070
47.017858 0.75209276
48.306018 0.75568810
49.594179 0.75104895
50.882339 0.75145488
52.170500 0.75931243
53.458660 0.75307858
54.746821 0.75809466
56.034981 0.75319456
57.323142 0.75765974
58.611302 0.75241170
59.899463 0.75287562
61.187623 0.75238271
62.475784 0.75623900
63.763944 0.75386144
65.052105 0.74701869
66.340265 0.75015012
67.628426 0.74498907
68.916586 0.74182865
70.204747 0.73449300
71.492907 0.73475395
72.781068 0.73101364
74.069228 0.72741830
75.357389 0.73898717
76.645549 0.74159669
