# Density profile (accumulated) at T = 0.420000
# columns : x rho
0.674986 0.66906310
2.024957 0.67056792
3.374928 0.67244234
4.724900 0.66930070
6.074871 0.66819189
7.424842 0.66568386
8.774813 0.66626467
10.124785 0.66687187
11.474756 0.67033031
12.824727 0.67370955
14.174699 0.68107524
15.524670 0.68598570
16.874641 0.69071135
18.224613 0.69414339
19.574584 0.68788652
20.924555 0.68194645
22.274526 0.68551049
23.624498 0.68448088
24.974469 0.69258578
26.324440 0.69089616
27.674412 0.68965534
29.024383 0.68561609
30.374354 0.68656651
31.724326 0.67994003
33.074297 0.68640810
34.424268 0.68780732
35.774240 0.68725291
37.124211 0.69559541
38.474182 0.69377379
39.824153 0.69477700
41.174125 0.69686263
42.524096 0.69683623
43.874067 0.69754904
45.224039 0.69881625
46.574010 0.69324578
47.923981 0.68817692
49.273953 0.68878413
50.623924 0.69123936
51.973895 0.68448088
53.323866 0.68624970
54.673838 0.68500889
56.023809 0.68223685
57.373780 0.68519369
58.723752 0.67632318
60.073723 0.67780160
61.423694 0.68590650
62.773666 0.68239526
64.123637 0.67877841
65.473608 0.68136564
66.823579 0.68313446
68.173551 0.67817121
69.523522 0.67363035
70.873493 0.67159753
72.223465 0.66288543
73.573436 0.65897818
74.923407 0.65808057
76.273379 0.66103740
77.623350 0.66877270
78.973321 0.67297034
80.323292 0.66613266
