# Density profile (accumulated) at T = 0.380000
# columns : x rho
0.610836 0.81858217
1.832509 0.81829204
3.054182 0.82174135
4.275855 0.82270844
5.497528 0.82370777
6.719201 0.83057415
7.940874 0.82841431
9.162547 0.83050968
10.384219 0.83428136
11.605892 0.82941364
12.827565 0.83457148
14.049238 0.83363662
15.270911 0.83756948
16.492584 0.83241164
17.714257 0.83234716
18.935930 0.83092876
20.157602 0.83508727
21.379275 0.83576424
22.600948 0.83399123
23.822621 0.83192809
25.044294 0.83324979
26.265967 0.82670577
27.487640 0.82593209
28.709313 0.82406238
29.930985 0.82825312
31.152658 0.83031626
32.374331 0.83005837
33.596004 0.83569976
34.817677 0.83118665
36.039350 0.82928469
37.261023 0.83057415
38.482695 0.83125112
39.704368 0.83418465
40.926041 0.83682804
42.147714 0.83895565
43.369387 0.84101879
44.591060 0.83976156
45.812733 0.83750501
47.034406 0.84134115
48.256078 0.83721488
49.477751 0.83737606
50.699424 0.83418465
51.921097 0.83408794
53.142770 0.83598989
54.364443 0.83540963
55.586116 0.83457148
56.807789 0.83811750
58.029461 0.83827868
59.251134 0.84169576
60.472807 0.84256614
61.694480 0.83711817
62.916153 0.83266953
64.137826 0.83202480
65.359499 0.83331426
66.581172 0.82444921
67.802844 0.82741497
69.024517 0.82270844
70.246190 0.81703481
71.467863 0.82522289
72.689536 0.81806638
