# Density profile (accumulated) at T = 0.280000
# columns : x rho
0.597075 0.87237225
1.791225 0.87652223
2.985375 0.87766938
4.179524 0.87679215
5.373674 0.87817547
6.567824 0.87706206
7.761974 0.87500395
8.956124 0.87972750
10.150273 0.87611735
11.344423 0.87750068
12.538573 0.87790556
13.732723 0.87726450
14.926873 0.87544256
16.121022 0.87932262
17.315172 0.87648849
18.509322 0.87669093
19.703472 0.87922140
20.897622 0.87635353
22.091771 0.87635353
23.285921 0.88043603
24.480071 0.87621857
25.674221 0.87729824
26.868371 0.87675841
28.062520 0.87584744
29.256670 0.87669093
30.450820 0.87780434
31.644970 0.86748001
32.839120 0.86545563
34.033269 0.81862500
35.227419 0.79679545
36.421569 0.85212847
37.615719 0.87179868
38.809869 0.87389054
40.004018 0.87554378
41.198168 0.87763564
42.392318 0.87787182
43.586468 0.87780434
44.780618 0.87682589
45.974767 0.87604988
47.168917 0.87831043
48.363067 0.87682589
49.557217 0.87476777
50.751367 0.87895148
51.945516 0.87618483
53.139666 0.87588118
54.333816 0.87756816
55.527966 0.87594866
56.722116 0.87304705
57.916265 0.86687269
59.110415 0.84845085
60.304565 0.84224275
61.498715 0.85944997
62.692865 0.84615655
63.887014 0.85435528
65.081164 0.87031414
66.275314 0.86663651
67.469464 0.86828976
68.663614 0.87021292
69.857763 0.87176494
71.051913 0.86579302
