# Density profile (accumulated) at T = 0.280000
# columns : x rho
0.597778 0.87425961
1.793334 0.87237463
2.988890 0.87654851
4.184446 0.87634655
5.380002 0.87462987
6.575558 0.87563968
7.771114 0.87520210
8.966670 0.87351908
10.162226 0.87739002
11.357782 0.87432693
12.553338 0.87274489
13.748894 0.87765930
14.944450 0.87496648
16.140006 0.87294686
17.335562 0.87547138
18.531118 0.87701976
19.726674 0.87351908
20.922230 0.87681779
22.117786 0.87577432
23.313341 0.87277855
24.508897 0.87675047
25.704453 0.87600995
26.900009 0.87395667
28.095565 0.87560602
29.291121 0.87452889
30.486677 0.87594263
31.682233 0.87271123
32.877789 0.87617825
34.073345 0.87449523
35.268901 0.87483183
36.464457 0.87678413
37.660013 0.87271123
38.855569 0.87621191
40.051125 0.87648119
41.246681 0.87425961
42.442237 0.87638021
43.637793 0.87765930
44.833349 0.87378836
46.028905 0.87351908
47.224461 0.87769296
48.420017 0.87250927
49.615573 0.87567334
50.811129 0.87654851
52.006685 0.87351908
53.202241 0.87459621
54.397797 0.87779394
55.593353 0.87267757
56.788909 0.87621191
57.984465 0.87442791
59.180021 0.87436059
60.375577 0.87466353
61.571133 0.87934232
62.766689 0.87351908
63.962245 0.87314882
65.157801 0.87813055
66.353357 0.87301418
67.548913 0.87510112
68.744468 0.87749100
69.940024 0.87230731
71.135580 0.87863545
