# Density profile (accumulated) at T = 0.300000
# columns : x rho
0.599985 0.85530961
1.799955 0.85450769
2.999925 0.84892770
4.199895 0.84779165
5.399865 0.84541932
6.599835 0.85360554
7.799805 0.85544326
8.999775 0.85140027
10.199745 0.85758170
11.399715 0.85972014
12.599685 0.85561033
13.799656 0.86032158
14.999626 0.86473212
16.199596 0.86088960
17.399566 0.86820708
18.599536 0.86887535
19.799506 0.86546720
20.999476 0.86987774
22.199446 0.87201618
23.399416 0.86760565
24.599386 0.86650301
25.799356 0.86292781
26.999326 0.84872722
28.199296 0.83810184
29.399266 0.83051706
30.599236 0.83559586
31.799206 0.84157681
32.999176 0.84314723
34.199146 0.84819261
35.399116 0.85694685
36.599086 0.86456505
37.799056 0.86677032
38.999026 0.87007822
40.198997 0.87138133
41.398967 0.86947678
42.598937 0.86897558
43.798907 0.87331929
44.998877 0.86717128
46.198847 0.87218325
47.398817 0.86757223
48.598787 0.87231690
49.798757 0.87088013
50.998727 0.86864145
52.198697 0.87094696
53.398667 0.86820708
54.598637 0.87181570
55.798607 0.87194935
56.998577 0.86917606
58.198547 0.86900900
59.398517 0.86820708
60.598487 0.87051259
61.798457 0.87408780
62.998427 0.86747199
64.198397 0.86934313
65.398367 0.87214983
66.598338 0.86680373
67.798308 0.87057942
68.998278 0.86787295
70.198248 0.86105667
71.398218 0.85547668
