# Density profile (accumulated) at T = 0.360000
# columns : x rho
0.606102 0.85627301
1.818305 0.84792376
3.030508 0.85139442
4.242711 0.85476687
5.454914 0.84982280
6.667117 0.85103426
7.879320 0.85073958
9.091523 0.85319524
10.303726 0.85142717
11.515929 0.85152539
12.728133 0.85476687
13.940336 0.84769456
15.152539 0.85221298
16.364742 0.85116523
17.576945 0.85028119
18.789148 0.85073958
20.001351 0.85116523
21.213554 0.85263863
22.425757 0.84841489
23.637960 0.85407928
24.850164 0.84910247
26.062367 0.85162362
27.274570 0.85087055
28.486773 0.85250766
29.698976 0.84939715
30.911179 0.85129620
32.123382 0.85182007
33.335585 0.84985554
34.547788 0.85244217
35.759991 0.85234395
36.972195 0.84890602
38.184398 0.85178733
39.396601 0.85191830
40.608804 0.85090329
41.821007 0.85172185
43.033210 0.85001925
44.245413 0.85204927
45.457616 0.85024845
46.669819 0.85208201
47.882022 0.85129620
49.094226 0.85093603
50.306429 0.85224572
51.518632 0.85041216
52.730835 0.85008474
53.943038 0.85185281
55.155241 0.85175459
56.367444 0.84942989
57.579647 0.85358815
58.791850 0.84965909
60.004053 0.85260588
61.216257 0.84946264
62.428460 0.85139442
63.640663 0.85188556
64.852866 0.84890602
66.065069 0.85132894
67.277272 0.85211475
68.489475 0.85237669
69.701678 0.85250766
70.913881 0.85116523
72.126084 0.85060861
