# Layer profile at T = 0.440000
# input   = bicrystal_Sigma39_theta32.2042deg.dat
# seed    = 8000818
# n_samples = 1000
# Lx = 85.110818  Ly = 29.483252
# columns : x rho coord psi6 psi4
0.709257 0.61799426 5.656736 0.544439 0.195530
2.127770 0.61818554 5.685116 0.542383 0.193949
3.546284 0.61471850 5.671594 0.546702 0.195157
4.964798 0.61412074 5.654610 0.543088 0.197317
6.383311 0.61493370 5.678941 0.545900 0.194743
7.801825 0.62794108 5.695720 0.544900 0.192687
9.220339 0.63530556 5.723937 0.544423 0.190727
10.638852 0.62959092 5.725153 0.544863 0.190380
12.057366 0.62399583 5.689888 0.545124 0.194768
13.475879 0.62119828 5.693187 0.546342 0.192577
14.894393 0.60845392 5.651000 0.545768 0.194282
16.312907 0.59810061 5.587391 0.548901 0.200626
17.731420 0.59334239 5.573524 0.548672 0.202211
19.149934 0.59721592 5.604876 0.546969 0.199843
20.568448 0.61084498 5.650135 0.544404 0.195877
21.986961 0.62213080 5.694108 0.544721 0.192304
23.405475 0.63042779 5.706099 0.547040 0.192228
24.823989 0.63583159 5.730332 0.541758 0.191771
26.242502 0.63408612 5.726724 0.541003 0.191354
27.661016 0.63011695 5.685235 0.542750 0.193856
29.079529 0.60823872 5.642857 0.545135 0.196591
30.498043 0.59401189 5.598760 0.551194 0.199824
31.916557 0.58270216 5.595691 0.550496 0.199359
33.335070 0.57930685 5.575532 0.551385 0.200600
34.753584 0.58296518 5.565235 0.545599 0.202378
36.172098 0.58891893 5.586521 0.550765 0.200149
37.590611 0.59960698 5.632013 0.547517 0.197547
39.009125 0.61129928 5.669522 0.546867 0.193838
40.427638 0.61818554 5.692156 0.546173 0.193140
41.846152 0.63310578 5.732570 0.543818 0.190035
43.264666 0.64130713 5.758025 0.541392 0.188398
44.683179 0.64326780 5.773631 0.538624 0.188718
46.101693 0.64458288 5.787336 0.539256 0.186465
47.520207 0.64522847 5.790069 0.542924 0.185726
48.938720 0.64687830 5.785318 0.546083 0.185419
50.357234 0.64317216 5.788059 0.543269 0.186942
51.775748 0.64023115 5.776591 0.543527 0.187441
53.194261 0.63915517 5.755714 0.545047 0.188140
54.612775 0.63071472 5.737129 0.547288 0.188615
56.031288 0.62894533 5.722134 0.548185 0.189496
57.449802 0.62614778 5.690610 0.548302 0.191645
58.868316 0.60603894 5.677424 0.550596 0.192570
60.286829 0.59568564 5.654558 0.548378 0.196551
61.705343 0.58430417 5.646479 0.550698 0.196211
63.123857 0.58310864 5.624595 0.549814 0.196844
64.542370 0.58523669 5.630332 0.547596 0.196568
65.960884 0.60116117 5.635311 0.549367 0.195054
67.379397 0.60276318 5.651632 0.547416 0.195247
68.797911 0.60819090 5.655095 0.549717 0.194872
70.216425 0.62033750 5.685592 0.547377 0.192292
71.634938 0.62559784 5.710213 0.545013 0.190654
73.053452 0.62856276 5.724323 0.541351 0.193468
74.471966 0.62645862 5.696679 0.540892 0.194574
75.890479 0.62358935 5.686580 0.544901 0.191764
77.308993 0.62511963 5.689374 0.545598 0.193624
78.727506 0.62057661 5.705248 0.544797 0.191520
80.146020 0.61969191 5.692711 0.540091 0.194521
81.564534 0.62184387 5.678625 0.541817 0.195485
82.983047 0.61825728 5.656650 0.542592 0.196450
84.401561 0.61062978 5.656003 0.540006 0.196320
