# Layer profile at T = 0.300000
# input   = bicrystal_Sigma39_theta32.2042deg.dat
# seed    = 1000797
# n_samples = 1000
# Lx = 71.997070  Ly = 24.940517
# columns : x rho coord psi6 psi4
0.599976 0.84858684 5.897346 0.857817 0.099886
1.799927 0.83769382 5.840048 0.825696 0.111666
2.999878 0.83926428 5.853685 0.833444 0.109822
4.199829 0.85797623 5.914710 0.861332 0.098022
5.399780 0.85777575 5.947723 0.879582 0.090465
6.599731 0.85530310 5.925343 0.869493 0.095175
7.799683 0.84106865 5.866195 0.835266 0.106440
8.999634 0.84594712 5.857843 0.836201 0.107110
10.199585 0.85276362 5.901297 0.860858 0.099147
11.399536 0.85436750 5.920138 0.864434 0.095182
12.599487 0.85450116 5.945489 0.879784 0.088900
13.799439 0.86492638 5.965579 0.890837 0.083884
14.999390 0.86522711 5.986947 0.902953 0.078910
16.199341 0.87174288 5.996244 0.907628 0.076328
17.399292 0.86666392 5.998188 0.909303 0.075786
18.599243 0.87150898 5.999118 0.910268 0.075347
19.799194 0.86906974 5.999385 0.908983 0.075583
20.999146 0.86699806 5.999383 0.909501 0.076151
22.199097 0.87080728 5.999002 0.909392 0.075437
23.399048 0.86823439 5.999230 0.909688 0.075395
24.598999 0.87110801 5.999386 0.910166 0.075560
25.798950 0.86816756 5.999423 0.910483 0.075644
26.998901 0.86980486 5.999539 0.910914 0.075164
28.198853 0.87030607 5.999501 0.910382 0.075162
29.398804 0.86937047 5.999347 0.909596 0.075469
30.598755 0.87117484 5.998734 0.910642 0.075257
31.798706 0.86856853 5.996922 0.907985 0.076689
32.998657 0.86693124 5.985546 0.901528 0.080285
34.198608 0.86181887 5.957002 0.885121 0.088331
35.398560 0.84701638 5.876524 0.846856 0.107113
36.598511 0.82322547 5.740675 0.757521 0.137661
37.798462 0.80661862 5.679867 0.726458 0.150415
38.998413 0.83341680 5.769104 0.783315 0.131705
40.198364 0.84527884 5.883464 0.842502 0.106376
41.398316 0.86252056 5.950258 0.883604 0.088988
42.598267 0.86479273 5.989220 0.902695 0.079580
43.798218 0.87047314 5.997735 0.908137 0.076757
44.998169 0.86759952 5.999153 0.909586 0.075842
46.198120 0.87134191 5.999386 0.910726 0.075378
47.398071 0.87157581 5.999310 0.912208 0.074957
48.598023 0.86626295 5.999537 0.911917 0.074768
49.797974 0.87284555 5.999349 0.911601 0.075053
50.997925 0.87027266 5.999040 0.912226 0.074523
52.197876 0.86830122 5.999577 0.911313 0.074764
53.397827 0.86873560 5.999154 0.910878 0.074872
54.597778 0.87221068 5.999310 0.910728 0.075074
55.797730 0.86810073 5.999307 0.911354 0.074720
56.997681 0.86993851 5.999385 0.911987 0.075271
58.197632 0.87194337 5.999234 0.911583 0.074810
59.397583 0.86673075 5.999383 0.911158 0.074759
60.597534 0.86957096 5.999500 0.911178 0.074734
61.797485 0.86940389 5.999616 0.909795 0.075028
62.997437 0.86803390 5.999654 0.910371 0.075026
64.197388 0.87261165 5.999349 0.911578 0.074966
65.397339 0.86856853 5.999231 0.910634 0.074971
66.597290 0.86906974 5.999346 0.909971 0.075806
67.797241 0.87164264 5.998773 0.909546 0.075828
68.997193 0.86876902 5.997231 0.907944 0.076712
70.197144 0.86836805 5.989880 0.903681 0.079181
71.397095 0.86225325 5.958613 0.888325 0.086481
