# Layer profile at T = 0.420000
# input   = perfect_Sigma39_theta32.2042deg.dat
# seed    = 7000038
# n_samples = 1000
# Lx = 79.931240  Ly = 27.688994
# columns : x rho coord psi6 psi4
0.666094 0.69398571 5.650416 0.598912 0.188015
1.998281 0.70862504 5.640652 0.599822 0.189591
3.330468 0.70705267 5.648940 0.596537 0.189443
4.662656 0.71198667 5.663747 0.593195 0.188962
5.994843 0.71054984 5.660397 0.596842 0.188082
7.327030 0.70355550 5.658331 0.597675 0.187131
8.659218 0.70135960 5.665340 0.596696 0.187075
9.991405 0.70076318 5.662501 0.598563 0.186612
11.323592 0.70534475 5.650088 0.594578 0.189683
12.655780 0.70130538 5.643975 0.596050 0.190532
13.987967 0.70192890 5.642322 0.595030 0.189143
15.320154 0.70122405 5.636318 0.597004 0.189473
16.652342 0.70255243 5.646614 0.594042 0.188427
17.984529 0.70049208 5.651380 0.591941 0.190448
19.316716 0.70385371 5.649270 0.597842 0.188746
20.648904 0.70732377 5.643057 0.595629 0.189119
21.981091 0.70168492 5.659081 0.592356 0.188765
23.313278 0.70575140 5.652864 0.593289 0.189280
24.645466 0.70458567 5.662870 0.595820 0.188722
25.977653 0.70073607 5.632467 0.595649 0.190125
27.309840 0.70488388 5.624668 0.595841 0.191302
28.642028 0.69862150 5.621731 0.592425 0.192608
29.974215 0.70046497 5.633989 0.592987 0.192168
31.306402 0.70558874 5.637991 0.597014 0.188244
32.638590 0.70496521 5.649054 0.602417 0.187284
33.970777 0.70466700 5.652368 0.598173 0.188536
35.302964 0.70263376 5.644186 0.600456 0.188292
36.635152 0.70865215 5.666871 0.599479 0.185791
37.967339 0.70832683 5.668670 0.597378 0.186067
39.299526 0.70903169 5.667928 0.600800 0.187267
40.631714 0.71212222 5.670816 0.600828 0.186104
41.963901 0.71410124 5.672564 0.594212 0.187778
43.296088 0.71111915 5.673402 0.598690 0.186499
44.628276 0.70707978 5.682693 0.596422 0.185551
45.960463 0.71244754 5.677321 0.596918 0.185409
47.292650 0.71073961 5.680246 0.596673 0.185778
48.624838 0.70965522 5.690644 0.601847 0.184301
49.957025 0.71263731 5.689580 0.601258 0.184295
51.289212 0.71955032 5.684425 0.601848 0.183734
52.621400 0.71128181 5.682776 0.602432 0.184466
53.953587 0.70759487 5.674495 0.597910 0.185643
55.285774 0.70857082 5.670352 0.599160 0.186138
56.617962 0.71176979 5.681318 0.599782 0.185089
57.950149 0.72063472 5.689602 0.599781 0.183981
59.282336 0.71027875 5.685000 0.601076 0.184062
60.614524 0.70705267 5.667536 0.601377 0.186278
61.946711 0.70922146 5.666603 0.598397 0.187741
63.278898 0.71027875 5.665992 0.598605 0.186619
64.611086 0.70965522 5.667647 0.595964 0.187509
65.943273 0.70848949 5.650761 0.596257 0.189021
67.275460 0.70238977 5.654367 0.596445 0.188529
68.607648 0.70819129 5.634460 0.599986 0.190063
69.939835 0.70076318 5.631630 0.597839 0.189834
71.272022 0.69355195 5.628191 0.600042 0.189546
72.604210 0.68810287 5.602198 0.602610 0.190068
73.936397 0.68072898 5.600637 0.601532 0.190624
75.268584 0.67945482 5.611539 0.602179 0.189384
76.600772 0.69005478 5.624067 0.601276 0.189903
77.932959 0.69829618 5.631338 0.598847 0.189167
79.265146 0.70309463 5.635473 0.598043 0.189909
