# Layer profile at T = 0.400000
# input   = perfect_Sigma39_theta32.2042deg.dat
# seed    = 6000035
# n_samples = 1000
# Lx = 77.269990  Ly = 26.767110
# columns : x rho coord psi6 psi4
0.643917 0.75267818 5.965467 0.825243 0.107220
1.931750 0.75940836 5.969478 0.823542 0.106525
3.219583 0.75891520 5.969191 0.826541 0.106029
4.507416 0.76106190 5.969278 0.828791 0.105918
5.795249 0.75885718 5.971520 0.827677 0.106267
7.083082 0.75798690 5.972215 0.826843 0.106306
8.370916 0.75984350 5.967701 0.825731 0.107013
9.658749 0.75363549 5.967705 0.826745 0.106354
10.946582 0.75943737 5.968066 0.825803 0.107019
12.234415 0.75932134 5.970239 0.825622 0.106553
13.522248 0.75810294 5.970956 0.824908 0.106226
14.810081 0.75613030 5.969883 0.825116 0.107207
16.097915 0.75966945 5.967350 0.824537 0.107213
17.385748 0.75659445 5.961121 0.822758 0.108210
18.673581 0.75459280 5.958634 0.821716 0.108996
19.961414 0.75714563 5.954904 0.819667 0.108981
21.249247 0.75380955 5.954397 0.818787 0.109409
22.537080 0.75438974 5.949894 0.817784 0.110333
23.824914 0.75383856 5.947587 0.815151 0.111427
25.112747 0.75209799 5.942837 0.812404 0.112140
26.400580 0.75056049 5.939512 0.811587 0.112968
27.688413 0.75024139 5.938559 0.812443 0.112109
28.976246 0.75372252 5.934878 0.807787 0.114554
30.264080 0.75285224 5.930834 0.806294 0.114686
31.551913 0.74847182 5.930817 0.807285 0.114943
32.839746 0.75058950 5.925215 0.805988 0.116067
34.127579 0.75090861 5.921229 0.808040 0.115864
35.415412 0.74890696 5.921599 0.807520 0.115528
36.703245 0.74899398 5.923893 0.806739 0.115446
37.991079 0.74707936 5.920087 0.805023 0.116639
39.278912 0.74852983 5.920048 0.804949 0.116718
40.566745 0.74905200 5.920878 0.805544 0.115832
41.854578 0.75090861 5.925942 0.808209 0.115182
43.142411 0.75137276 5.933091 0.809667 0.113621
44.430244 0.75270719 5.938760 0.811117 0.113712
45.718078 0.75096662 5.937343 0.810526 0.113366
47.005911 0.75262016 5.939639 0.810415 0.113593
48.293744 0.75288125 5.940354 0.809582 0.113332
49.581577 0.75584021 5.946459 0.810599 0.111801
50.869410 0.75079257 5.944708 0.813306 0.112076
52.157243 0.75592723 5.951454 0.813565 0.111230
53.445077 0.75276521 5.952985 0.815984 0.110231
54.732910 0.75520200 5.951869 0.817722 0.110084
56.020743 0.75230106 5.950951 0.817004 0.110602
57.308576 0.75523101 5.949835 0.818012 0.110032
58.596409 0.75494091 5.951429 0.819219 0.109755
59.884242 0.75502794 5.953702 0.821702 0.108790
61.172076 0.75470884 5.953106 0.822098 0.109031
62.459909 0.75241710 5.950573 0.820826 0.109722
63.747742 0.75409964 5.950337 0.818308 0.109890
65.035575 0.75575318 5.950253 0.818933 0.109694
66.323408 0.75308431 5.953351 0.818480 0.110105
67.611241 0.75438974 5.955739 0.820395 0.109592
68.899075 0.75630436 5.959188 0.820619 0.109078
70.186908 0.75932134 5.961452 0.819933 0.109110
71.474741 0.75322936 5.959253 0.821823 0.108850
72.762574 0.75407063 5.953297 0.819225 0.109467
74.050407 0.75537606 5.957640 0.817316 0.108780
75.338240 0.75708761 5.960533 0.818803 0.109317
76.626074 0.75792888 5.964328 0.822576 0.108117
