# Layer profile at T = 0.320000
# input   = bicrystal_Sigma39_theta32.2042deg.dat
# seed    = 2000800
# n_samples = 1000
# Lx = 72.323800  Ly = 25.053699
# columns : x rho coord psi6 psi4
0.602698 0.84891725 5.928346 0.859801 0.098035
1.808095 0.84636756 5.905869 0.846845 0.103329
3.013492 0.84050656 5.882717 0.832503 0.109333
4.218888 0.83812243 5.861799 0.821355 0.113718
5.424285 0.83633433 5.868630 0.824757 0.112172
6.629682 0.84358607 5.891231 0.836018 0.107667
7.835078 0.84603643 5.913033 0.848878 0.101324
9.040475 0.85414910 5.939135 0.866871 0.094832
10.245872 0.85613588 5.965693 0.881063 0.088661
11.451268 0.86143396 5.981664 0.888313 0.084350
12.656665 0.86004321 5.986447 0.892630 0.083164
13.862062 0.86173197 5.984092 0.891287 0.083042
15.067458 0.86275848 5.984264 0.891539 0.083006
16.272855 0.86196377 5.986708 0.891615 0.082842
17.478252 0.86335451 5.992521 0.894500 0.081831
18.683648 0.86024189 5.997113 0.897132 0.080548
19.889045 0.86335451 5.998312 0.897853 0.080311
21.094442 0.86428167 5.998889 0.898793 0.079937
22.299838 0.86272536 5.996738 0.897359 0.080240
23.505235 0.86173197 5.989433 0.897449 0.081284
24.710632 0.86077170 5.965416 0.896305 0.084182
25.916028 0.85673192 5.945851 0.897057 0.086922
27.121425 0.85593720 5.950791 0.896581 0.085899
28.326822 0.85818889 5.964039 0.895323 0.084689
29.532218 0.86080481 5.983036 0.896760 0.082654
30.737615 0.86299027 5.992671 0.894944 0.082066
31.943012 0.86262602 5.984530 0.889661 0.084434
33.148408 0.85285770 5.953603 0.873196 0.092322
34.353805 0.84342050 5.892859 0.843018 0.105524
35.559202 0.83259256 5.845052 0.810134 0.117159
36.764598 0.83649989 5.834692 0.809076 0.120186
37.969995 0.83510915 5.845718 0.817178 0.116965
39.175392 0.83782441 5.861829 0.823490 0.113653
40.380788 0.83550650 5.870522 0.829808 0.112313
41.586185 0.84110259 5.877525 0.832986 0.110228
42.791582 0.84123505 5.887621 0.838280 0.107017
43.996978 0.84914905 5.920605 0.853880 0.099501
45.202375 0.85520872 5.957022 0.876243 0.091331
46.407771 0.85938095 5.979887 0.885321 0.086512
47.613168 0.86037434 5.982489 0.891344 0.084346
48.818565 0.86179820 5.980788 0.894165 0.083258
50.023961 0.86153330 5.978899 0.897413 0.083090
51.229358 0.85656635 5.962541 0.896570 0.085288
52.434755 0.85567230 5.961650 0.895926 0.084554
53.640151 0.86229490 5.975769 0.896414 0.083431
54.845548 0.85944718 5.988249 0.897950 0.081223
56.050945 0.86388432 5.990494 0.896994 0.081446
57.256341 0.86262602 5.994472 0.898023 0.080741
58.461738 0.86295715 5.994935 0.898973 0.080848
59.667135 0.86093726 5.988462 0.896726 0.081640
60.872531 0.86123528 5.974432 0.893401 0.084554
62.077928 0.85663258 5.969965 0.889191 0.085764
63.283325 0.85832134 5.965356 0.885087 0.086888
64.488721 0.85722861 5.961449 0.880883 0.088970
65.694118 0.85342062 5.953362 0.876814 0.089972
66.899515 0.85520872 5.956635 0.876738 0.089822
68.104911 0.85855313 5.959156 0.876856 0.090450
69.310308 0.85477825 5.955722 0.873310 0.091018
70.515705 0.85206299 5.948935 0.871153 0.092370
71.721101 0.85163252 5.941638 0.866610 0.094379
