# Layer profile at T = 0.280000
# input   = perfect_Sigma39_theta32.2042deg.dat
# seed    = 17
# n_samples = 1000
# Lx = 71.699463  Ly = 24.837423
# columns : x rho coord psi6 psi4
0.597496 0.87427779 5.999807 0.921730 0.070507
1.792487 0.87565917 5.999808 0.921602 0.070799
2.987478 0.87727639 5.999731 0.921412 0.070554
4.182469 0.87424410 5.999730 0.920468 0.071146
5.377460 0.87545702 5.999846 0.920113 0.070947
6.572451 0.87693947 5.999846 0.920783 0.070897
7.767442 0.87599609 5.999692 0.920878 0.070799
8.962433 0.87579394 5.999731 0.921657 0.071045
10.157424 0.87538963 5.999654 0.920799 0.070982
11.352415 0.87690578 5.999846 0.920249 0.071228
12.547406 0.87522117 5.999654 0.920439 0.070568
13.742397 0.87734378 5.999770 0.921769 0.070194
14.937388 0.87444625 5.999884 0.921628 0.070770
16.132379 0.87616455 5.999654 0.922211 0.070290
17.327370 0.87811870 5.999578 0.921084 0.070267
18.522361 0.87522117 5.999692 0.922109 0.070538
19.717352 0.87663624 5.999539 0.921273 0.070091
20.912343 0.87778177 5.999731 0.921634 0.070143
22.107334 0.87562548 5.999654 0.921091 0.070956
23.302326 0.87481686 5.999730 0.920247 0.071022
24.497317 0.87704055 5.999731 0.921570 0.070711
25.692308 0.87370502 5.999846 0.920379 0.070704
26.887299 0.87714162 5.999693 0.920754 0.070949
28.082290 0.87683839 5.999962 0.920380 0.070891
29.277281 0.87623193 5.999846 0.921273 0.070621
30.472272 0.87609717 5.999885 0.921892 0.070204
31.667263 0.87640040 5.999654 0.921343 0.070195
32.862254 0.87343549 5.999499 0.921169 0.070581
34.057245 0.87791654 5.999616 0.921106 0.070850
35.252236 0.87592871 5.999500 0.920607 0.070405
36.447227 0.87326702 5.999691 0.921335 0.070270
37.642218 0.88020761 5.999847 0.921192 0.070721
38.837209 0.87319964 5.999884 0.920709 0.070418
40.032200 0.87683839 5.999616 0.920770 0.071160
41.227191 0.87663624 5.999769 0.920881 0.070583
42.422182 0.87555809 5.999615 0.921133 0.070449
43.617173 0.87431148 5.999576 0.921361 0.070557
44.812164 0.87842192 5.999808 0.921527 0.070346
46.007156 0.87646778 5.999731 0.922424 0.070331
47.202147 0.87326702 5.999769 0.922048 0.070377
48.397138 0.87855669 5.999655 0.921164 0.070200
49.592129 0.87532225 5.999500 0.921481 0.070650
50.787120 0.87407564 5.999653 0.920530 0.070489
51.982111 0.87761331 5.999846 0.920393 0.070316
53.177102 0.87704055 5.999616 0.921569 0.070208
54.372093 0.87394087 5.999730 0.921060 0.070711
55.567084 0.87784916 5.999846 0.921296 0.070795
56.762075 0.87485056 5.999769 0.920754 0.070954
57.957066 0.87501902 5.999653 0.921611 0.070571
59.152057 0.87879254 5.999732 0.921144 0.070474
60.347048 0.87565917 5.999769 0.921478 0.070352
61.542039 0.87346918 5.999769 0.920299 0.071174
62.737030 0.87731008 5.999731 0.921185 0.070355
63.932021 0.87690578 5.999808 0.921233 0.070502
65.127012 0.87360395 5.999499 0.920723 0.070647
66.322003 0.87488425 5.999846 0.921665 0.070158
67.516994 0.87754593 5.999885 0.922099 0.070457
68.711986 0.87545702 5.999846 0.921044 0.071031
69.906977 0.87579394 5.999692 0.921767 0.070316
71.101968 0.87784916 5.999578 0.921630 0.070502
