# Layer profile at T = 0.380000
# input   = perfect_Sigma39_theta32.2042deg.dat
# seed    = 5000032
# n_samples = 1000
# Lx = 73.092580  Ly = 25.320013
# columns : x rho coord psi6 psi4
0.609105 0.84256538 5.989688 0.858782 0.094907
1.827315 0.84642337 5.989275 0.857379 0.095486
3.045524 0.84123616 5.990211 0.857813 0.095524
4.263734 0.84243570 5.989802 0.858386 0.095008
5.481944 0.84493205 5.989410 0.857334 0.095089
6.700153 0.84389460 5.990703 0.858264 0.095102
7.918363 0.84318136 5.990657 0.857483 0.095112
9.136573 0.84431606 5.990592 0.857078 0.094984
10.354782 0.84324620 5.990734 0.855714 0.095766
11.572992 0.84126858 5.989556 0.856501 0.095377
12.791202 0.84412154 5.987518 0.856488 0.095448
14.009411 0.84357040 5.986972 0.855086 0.096068
15.227621 0.84392702 5.989282 0.855990 0.095732
16.445831 0.83925853 5.988566 0.854865 0.096006
17.664040 0.84515899 5.988722 0.855620 0.096061
18.882250 0.84194940 5.987524 0.853814 0.095893
20.100460 0.84074986 5.988894 0.856102 0.096164
21.318669 0.84382976 5.987859 0.854795 0.096068
22.536879 0.84337588 5.986776 0.855122 0.095981
23.755089 0.84285716 5.987307 0.856119 0.096008
24.973298 0.84191698 5.988525 0.855483 0.095569
26.191508 0.84395944 5.988629 0.853247 0.096043
27.409718 0.84078228 5.987198 0.855521 0.095488
28.627927 0.84392702 5.988091 0.855977 0.096170
29.846137 0.84117132 5.987551 0.856447 0.095428
31.064347 0.84318136 5.988619 0.856313 0.095821
32.282556 0.84275990 5.989152 0.856603 0.095402
33.500766 0.84405670 5.989360 0.856062 0.095752
34.718976 0.84113890 5.990441 0.856804 0.095581
35.937185 0.84340830 5.990236 0.855526 0.095158
37.155395 0.84250054 5.987879 0.853798 0.096156
38.373605 0.84353798 5.988239 0.855892 0.095867
39.591814 0.84188456 5.989449 0.855997 0.095722
40.810024 0.84282474 5.989730 0.855784 0.095989
42.028234 0.84295442 5.989500 0.855474 0.096143
43.246443 0.84418638 5.987864 0.853502 0.096011
44.464653 0.84311652 5.989426 0.855698 0.095672
45.682863 0.84169004 5.988137 0.855776 0.096009
46.901072 0.84146310 5.988287 0.855643 0.096032
48.119282 0.84373250 5.989049 0.855123 0.095999
49.337492 0.84204666 5.988642 0.854528 0.096071
50.555701 0.84295442 5.989039 0.854800 0.095796
51.773911 0.84224118 5.988914 0.855124 0.096208
52.992121 0.84583981 5.988386 0.855952 0.095741
54.210330 0.83789689 5.987889 0.855431 0.096214
55.428540 0.84240328 5.987762 0.855010 0.095875
56.646750 0.84275990 5.987959 0.855559 0.096583
57.864959 0.84285716 5.988345 0.855347 0.096096
59.083169 0.84259780 5.989958 0.856388 0.095962
60.301379 0.84282474 5.990230 0.856731 0.095524
61.519588 0.84353798 5.990238 0.857203 0.094723
62.737798 0.84535351 5.990489 0.856722 0.095386
63.956008 0.84178730 5.990333 0.856266 0.095028
65.174217 0.84395944 5.988130 0.855967 0.095827
66.392427 0.84464027 5.989828 0.857916 0.095194
67.610637 0.84214392 5.988913 0.857053 0.095507
68.828846 0.84266264 5.989497 0.856271 0.095760
70.047056 0.84431606 5.989517 0.857600 0.095333
71.265266 0.84188456 5.988948 0.856963 0.095392
72.483475 0.84412154 5.989323 0.855185 0.095569
