# Layer profile at T = 0.420000
# input   = bicrystal_Sigma39_theta32.2042deg.dat
# seed    = 7000815
# n_samples = 1000
# Lx = 79.438873  Ly = 27.518433
# columns : x rho coord psi6 psi4
0.661991 0.69512208 5.590618 0.595554 0.195496
1.985972 0.69166377 5.594762 0.597498 0.194531
3.309953 0.69004439 5.613977 0.597798 0.191208
4.633934 0.69767465 5.617215 0.595591 0.190435
5.957915 0.70313660 5.620462 0.593117 0.191397
7.281897 0.70324639 5.628249 0.591720 0.191458
8.605878 0.70508534 5.635097 0.594649 0.191104
9.929859 0.70942196 5.643827 0.599817 0.188861
11.253840 0.70645769 5.645985 0.597234 0.189075
12.577821 0.71359390 5.660948 0.600723 0.186328
13.901803 0.72136139 5.687467 0.598793 0.185188
15.225784 0.71699732 5.696742 0.596824 0.184604
16.549765 0.72009883 5.697248 0.596637 0.184624
17.873746 0.71735413 5.694444 0.597769 0.185103
19.197728 0.71691498 5.684456 0.591630 0.187348
20.521709 0.71271560 5.663766 0.595269 0.187802
21.845690 0.70508534 5.656040 0.597712 0.187816
23.169671 0.70261511 5.651197 0.595937 0.189479
24.493652 0.70412469 5.647696 0.593760 0.188946
25.817634 0.70503044 5.652898 0.594345 0.188510
27.141615 0.70132510 5.634471 0.593852 0.190459
28.465596 0.70936706 5.640085 0.592867 0.190169
29.789577 0.71082175 5.640783 0.593522 0.189741
31.113558 0.70393256 5.644832 0.595511 0.189094
32.437540 0.70481087 5.640290 0.594438 0.190243
33.761521 0.70467363 5.631456 0.594291 0.192705
35.085502 0.70588130 5.644063 0.593156 0.190005
36.409483 0.70796727 5.640885 0.595404 0.189618
37.733464 0.70209362 5.619195 0.594597 0.192882
39.057446 0.70385022 5.634105 0.589906 0.191672
40.381427 0.70854366 5.654193 0.589725 0.189756
41.705408 0.71474667 5.654161 0.590097 0.190622
43.029389 0.71628370 5.680576 0.590735 0.187854
44.353371 0.71441731 5.669023 0.592656 0.188874
45.677352 0.71299007 5.667475 0.592586 0.188713
47.001333 0.71598179 5.658514 0.594283 0.188103
48.325314 0.70953175 5.663495 0.595709 0.187339
49.649295 0.71098644 5.658200 0.595388 0.189157
50.973277 0.70944941 5.664655 0.596573 0.186896
52.297258 0.70969643 5.661755 0.593887 0.188379
53.621239 0.71159027 5.659492 0.596741 0.188758
54.945220 0.70972388 5.654459 0.594287 0.189126
56.269201 0.70977877 5.644045 0.597025 0.188287
57.593183 0.70310915 5.651364 0.597983 0.188201
58.917164 0.70879068 5.655321 0.597200 0.187639
60.241145 0.70766535 5.656402 0.596368 0.188432
61.565126 0.71274304 5.668554 0.597402 0.187508
62.889107 0.72177310 5.685439 0.594681 0.187162
64.213089 0.71938521 5.697100 0.594707 0.185009
65.537070 0.71869904 5.701470 0.598364 0.184499
66.861051 0.72284353 5.708802 0.595112 0.183987
68.185032 0.71804031 5.692099 0.595453 0.184325
69.509013 0.71954989 5.680615 0.600028 0.186866
70.832995 0.71271560 5.658490 0.596286 0.188502
72.156976 0.70319150 5.642506 0.593321 0.190244
73.480957 0.69756487 5.615542 0.594034 0.192196
74.804938 0.69300867 5.624342 0.596298 0.189846
76.128920 0.69199313 5.598287 0.596888 0.194235
77.452901 0.69133440 5.594331 0.595510 0.193974
78.776882 0.69932147 5.598571 0.593555 0.192667
