# Layer profile at T = 0.400000
# input   = bicrystal_Sigma39_theta32.2042deg.dat
# seed    = 6000812
# n_samples = 1000
# Lx = 77.438040  Ly = 26.825324
# columns : x rho coord psi6 psi4
0.645317 0.73029395 5.631822 0.631293 0.185090
1.935951 0.73107381 5.633914 0.630402 0.185252
3.226585 0.72783884 5.651216 0.632770 0.180916
4.517219 0.73728379 5.652080 0.634059 0.182125
5.807853 0.73950783 5.660821 0.635962 0.180347
7.098487 0.73907458 5.667735 0.636500 0.180145
8.389121 0.73945007 5.668450 0.637249 0.180655
9.679755 0.74202071 5.667497 0.634236 0.180630
10.970389 0.73968114 5.678238 0.634912 0.180060
12.261023 0.74190518 5.677217 0.636947 0.180311
13.551657 0.74840400 5.698005 0.639059 0.177049
14.842291 0.74704646 5.701052 0.640604 0.177139
16.132925 0.74828846 5.699965 0.639869 0.176555
17.423559 0.75510500 5.709635 0.640912 0.175090
18.714193 0.75175450 5.725439 0.645189 0.172611
20.004827 0.75094576 5.726797 0.648424 0.173850
21.295461 0.75481616 5.722037 0.644460 0.174178
22.586095 0.75039697 5.715396 0.640877 0.174536
23.876729 0.75334310 5.728280 0.640731 0.173818
25.167363 0.75472951 5.726177 0.642683 0.173792
26.457997 0.75325645 5.720656 0.640628 0.174278
27.748631 0.74999260 5.712817 0.642081 0.175608
29.039265 0.74805739 5.704313 0.639940 0.176948
30.329899 0.74837511 5.693130 0.638814 0.178011
31.620533 0.74649768 5.672161 0.637345 0.180008
32.911167 0.73841026 5.663642 0.635126 0.180676
34.201801 0.73690831 5.654333 0.636644 0.181711
35.492435 0.73820807 5.665662 0.633723 0.180822
36.783069 0.74239620 5.672490 0.635660 0.178818
38.073703 0.74727753 5.676523 0.633356 0.180541
39.364337 0.74502461 5.699891 0.631672 0.177165
40.654971 0.74877948 5.697693 0.637256 0.177104
41.945605 0.74592000 5.690958 0.637955 0.178164
43.236239 0.74843288 5.707433 0.639183 0.177009
44.526873 0.74950157 5.714748 0.637137 0.176079
45.817507 0.75351640 5.716651 0.639866 0.174492
47.108141 0.75163896 5.705338 0.638872 0.175590
48.398775 0.74779744 5.707570 0.641101 0.176663
49.689409 0.75010813 5.709241 0.638093 0.176909
50.980043 0.75215887 5.704044 0.637470 0.176019
52.270677 0.75002148 5.710363 0.639816 0.175643
53.561311 0.74736418 5.700792 0.638514 0.176400
54.851945 0.74202071 5.677812 0.642269 0.177537
56.142579 0.74430252 5.677248 0.640695 0.178223
57.433213 0.74300276 5.687529 0.642570 0.177388
58.723847 0.74381150 5.682588 0.638186 0.178363
60.014481 0.74924162 5.693948 0.639815 0.176642
61.305115 0.75002148 5.707860 0.635992 0.175452
62.595749 0.74866395 5.705285 0.634869 0.176712
63.886383 0.74733530 5.707583 0.633462 0.177118
65.177017 0.74661321 5.697899 0.636139 0.176854
66.467651 0.74574670 5.688950 0.633122 0.178049
67.758285 0.74623772 5.683155 0.630013 0.180085
69.048919 0.74173188 5.681192 0.634259 0.180246
70.339553 0.74450470 5.680750 0.630769 0.181428
71.630187 0.74698870 5.673382 0.629508 0.181670
72.920821 0.73791923 5.666432 0.630809 0.180827
74.211455 0.73560854 5.645320 0.628996 0.182225
75.502089 0.73852579 5.642731 0.628186 0.184627
76.792723 0.73699496 5.635248 0.627756 0.184459
