# Layer profile at T = 0.380000
# input   = bicrystal_Sigma39_theta32.2042deg.dat
# seed    = 5000809
# n_samples = 1000
# Lx = 73.126396  Ly = 25.331727
# columns : x rho coord psi6 psi4
0.609387 0.82134814 5.842417 0.792320 0.127025
1.828160 0.82860353 5.867290 0.798822 0.123625
3.046933 0.82824724 5.880216 0.806758 0.119725
4.265706 0.83125952 5.897483 0.812401 0.117180
5.484480 0.83372116 5.898679 0.814422 0.115895
6.703253 0.83100039 5.903375 0.817538 0.115272
7.922026 0.83679822 5.919334 0.822253 0.112010
9.140800 0.83608564 5.930849 0.829750 0.109835
10.359573 0.83932465 5.935747 0.831312 0.108903
11.578346 0.84029635 5.945766 0.834163 0.105897
12.797119 0.83968094 5.946112 0.835801 0.105470
14.015893 0.83841773 5.939927 0.834437 0.107228
15.234666 0.83880641 5.930301 0.830582 0.108792
16.453439 0.83453092 5.920202 0.829296 0.109833
17.672212 0.83245795 5.907902 0.824786 0.113394
18.890986 0.83236078 5.896646 0.819664 0.115387
20.109759 0.82594754 5.887922 0.815059 0.117251
21.328532 0.83138908 5.888811 0.812558 0.118447
22.547306 0.82737270 5.882830 0.812095 0.118695
23.766079 0.82734031 5.876600 0.810723 0.119375
24.984852 0.82601232 5.869187 0.807652 0.121816
26.203625 0.83125952 5.875000 0.805195 0.120681
27.422399 0.82520257 5.876909 0.803189 0.121099
28.641172 0.82863592 5.876637 0.802821 0.121725
29.859945 0.82805290 5.871191 0.800263 0.122464
31.078718 0.82458715 5.863893 0.798769 0.123603
32.297492 0.82523496 5.852382 0.798899 0.125263
33.516265 0.82277331 5.847453 0.792203 0.125979
34.735038 0.82445759 5.854522 0.796277 0.124509
35.953812 0.82921894 5.875122 0.803056 0.120691
37.172585 0.83466048 5.903644 0.812278 0.115789
38.391358 0.83313814 5.928971 0.825004 0.110215
39.610131 0.84253127 5.946025 0.833388 0.106535
40.828905 0.84113850 5.958219 0.842052 0.102442
42.047678 0.84589984 5.961097 0.844581 0.101843
43.266451 0.84340580 5.963017 0.846248 0.101049
44.485224 0.84392404 5.970409 0.848356 0.099372
45.703998 0.84819954 5.977355 0.850920 0.098949
46.922771 0.84771369 5.979597 0.849505 0.098975
48.141544 0.84706588 5.979313 0.849335 0.098751
49.360318 0.84849105 5.977707 0.851853 0.098379
50.579091 0.84272561 5.969483 0.849506 0.099776
51.797864 0.84544638 5.969696 0.850473 0.098720
53.016637 0.84790803 5.974712 0.852437 0.098309
54.235411 0.84787564 5.984414 0.851651 0.097015
55.454184 0.84732500 5.986850 0.851062 0.097253
56.672957 0.84764891 5.985747 0.850229 0.097866
57.891730 0.84839388 5.983622 0.849084 0.098327
59.110504 0.84784325 5.979752 0.850390 0.098261
60.329277 0.84732500 5.976835 0.848464 0.099885
61.548050 0.84716305 5.967884 0.843529 0.101889
62.766824 0.84259605 5.954140 0.839481 0.103916
63.985597 0.84010201 5.936384 0.834557 0.106514
65.204370 0.83563218 5.923447 0.830005 0.110256
66.423143 0.83498438 5.910198 0.824333 0.113026
67.641917 0.83077366 5.894148 0.812723 0.116947
68.860690 0.82708119 5.866145 0.802608 0.121650
70.079463 0.82180161 5.848140 0.795400 0.126051
71.298236 0.81927518 5.830513 0.790562 0.129140
72.517010 0.82138053 5.823495 0.787488 0.130785
