# Layer profile at T = 0.360000
# input   = perfect_Sigma39_theta32.2042deg.dat
# seed    = 4000029
# n_samples = 1000
# Lx = 72.691014  Ly = 25.180906
# columns : x rho coord psi6 psi4
0.605758 0.85104798 5.993876 0.874791 0.089201
1.817275 0.85291640 5.994965 0.874286 0.089366
3.028792 0.85209692 5.994576 0.873515 0.089480
4.240309 0.85426035 5.994590 0.872396 0.089497
5.451826 0.85091686 5.992758 0.871952 0.089930
6.663343 0.85232637 5.993577 0.872875 0.089864
7.874860 0.85265416 5.994387 0.871468 0.089949
9.086377 0.85150689 5.994572 0.873130 0.089516
10.297894 0.85252305 5.994502 0.873867 0.089240
11.509411 0.85108076 5.993876 0.873594 0.089337
12.720927 0.85294918 5.994005 0.874437 0.088849
13.932444 0.85137577 5.994071 0.874175 0.089429
15.143961 0.85367032 5.994893 0.873659 0.089203
16.355478 0.85396533 5.995087 0.873653 0.089345
17.566995 0.85058907 5.994297 0.873209 0.089519
18.778512 0.85216247 5.993192 0.872483 0.089937
19.990029 0.85458814 5.993556 0.872674 0.090356
21.201546 0.85058907 5.993834 0.873071 0.089101
22.413063 0.85173634 5.993919 0.874134 0.089267
23.624580 0.85101520 5.993914 0.874422 0.089207
24.836096 0.85304751 5.994006 0.874361 0.089156
26.047613 0.85235915 5.993770 0.873192 0.089389
27.259130 0.85065463 5.993603 0.873466 0.089705
28.470647 0.85193302 5.993036 0.874142 0.089384
29.682164 0.85409645 5.993629 0.873444 0.088640
30.893681 0.85226081 5.994000 0.872724 0.089322
32.105198 0.85085130 5.993682 0.873654 0.090004
33.316715 0.85435869 5.994629 0.874207 0.088891
34.528232 0.85016294 5.994486 0.873752 0.088626
35.739749 0.85514539 5.993982 0.874853 0.088811
36.951266 0.84954013 5.992978 0.872862 0.090243
38.162782 0.85262138 5.994541 0.874003 0.089178
39.374299 0.85255583 5.994694 0.874830 0.089202
40.585816 0.85209692 5.994807 0.874351 0.089442
41.797333 0.85176912 5.994728 0.874315 0.089008
43.008850 0.85173634 5.994343 0.874362 0.088573
44.220367 0.85537484 5.995516 0.874338 0.089011
45.431884 0.85016294 5.994602 0.873588 0.089832
46.643401 0.85072019 5.994259 0.872483 0.089313
47.854918 0.85465370 5.994477 0.872000 0.089239
49.066435 0.85075297 5.994066 0.872293 0.090194
50.277951 0.85275250 5.994003 0.871411 0.089517
51.489468 0.85321141 5.993776 0.873411 0.090009
52.700985 0.85222803 5.993692 0.873443 0.089305
53.912502 0.85291640 5.994696 0.873519 0.089409
55.124019 0.85265416 5.993849 0.873244 0.089970
56.335536 0.85127743 5.993454 0.873640 0.089574
57.547053 0.85288362 5.994542 0.874384 0.089270
58.758570 0.85298196 5.993736 0.874349 0.089428
59.970087 0.85258861 5.994271 0.874434 0.089896
61.181604 0.84904844 5.994170 0.872469 0.089311
62.393120 0.85317863 5.993776 0.871868 0.090023
63.604637 0.85137577 5.993609 0.872009 0.090120
64.816154 0.85416201 5.994896 0.873748 0.089179
66.027671 0.85104798 5.994415 0.873573 0.089914
67.239188 0.85245749 5.994347 0.872108 0.090217
68.450705 0.85262138 5.992503 0.873058 0.089499
69.662222 0.85068741 5.992987 0.874529 0.089193
70.873739 0.85285084 5.994312 0.874599 0.089053
72.085256 0.85389978 5.994894 0.873593 0.089532
