# Layer profile at T = 0.340000
# input   = bicrystal_Sigma39_theta32.2042deg.dat
# seed    = 3000803
# n_samples = 1000
# Lx = 72.609949  Ly = 25.152824
# columns : x rho coord psi6 psi4
0.605083 0.84125385 5.893545 0.829323 0.110349
1.815249 0.84470336 5.934855 0.850533 0.101257
3.025415 0.84940127 5.959273 0.868140 0.094031
4.235580 0.85436200 5.978120 0.879077 0.089071
5.445746 0.85626744 5.990830 0.882497 0.086903
6.655912 0.85659597 5.993327 0.884062 0.086344
7.866078 0.85810718 5.993530 0.884792 0.086118
9.076244 0.85534757 5.990820 0.885532 0.085326
10.286409 0.85653026 5.990641 0.886394 0.085136
11.496575 0.85708876 5.994404 0.886349 0.084954
12.706741 0.85771295 5.994791 0.886504 0.084984
13.916907 0.85544613 5.996966 0.886658 0.084148
15.127073 0.85731872 5.994903 0.884706 0.085705
16.337239 0.85722017 5.992182 0.884425 0.085843
17.547404 0.85551184 5.988941 0.882930 0.086646
18.757570 0.85534757 5.988285 0.881775 0.086958
19.967736 0.85590607 5.989061 0.881660 0.087056
21.177902 0.85567610 5.986985 0.882356 0.087095
22.388068 0.85459197 5.978665 0.880015 0.088440
23.598233 0.85607033 5.971218 0.876185 0.090827
24.808399 0.84700304 5.966023 0.869607 0.092398
26.018565 0.85176665 5.956455 0.863826 0.095634
27.228731 0.84756153 5.949649 0.858637 0.097623
28.438897 0.84414487 5.937381 0.850982 0.100573
29.649062 0.84444054 5.919273 0.840830 0.104854
30.859228 0.83547181 5.902363 0.837412 0.108109
32.069394 0.83737726 5.881047 0.828201 0.112585
33.279560 0.83139810 5.860276 0.817129 0.118069
34.489726 0.82811285 5.828698 0.801567 0.125445
35.699892 0.81832281 5.796740 0.779564 0.132739
36.910057 0.81773147 5.793339 0.777700 0.132574
38.120223 0.82647023 5.840124 0.804469 0.121356
39.330389 0.84319215 5.918530 0.844663 0.105133
40.540555 0.85022258 5.969861 0.869921 0.093186
41.750721 0.85630030 5.984078 0.881593 0.088113
42.960886 0.85462482 5.984893 0.883244 0.087674
44.171052 0.85524902 5.988054 0.884986 0.086328
45.381218 0.85810718 5.995521 0.885767 0.085641
46.591384 0.85610318 5.997698 0.886032 0.084806
47.801550 0.85735158 5.997969 0.887399 0.084548
49.011716 0.85705590 5.998237 0.886914 0.084253
50.221881 0.85919132 5.997553 0.886086 0.085242
51.432047 0.85715446 5.997662 0.886683 0.084616
52.642213 0.85643171 5.997046 0.886356 0.084107
53.852379 0.85597177 5.997006 0.885917 0.084964
55.062545 0.86053827 5.997366 0.885760 0.085411
56.272710 0.85692449 5.993943 0.885104 0.085459
57.482876 0.85538043 5.989899 0.885930 0.086064
58.693042 0.85741728 5.990383 0.885347 0.085633
59.903208 0.85607033 5.990521 0.884083 0.086274
61.113374 0.85393492 5.980225 0.878859 0.089146
62.323540 0.85081393 5.959302 0.867880 0.094843
63.533705 0.84424343 5.926920 0.848616 0.102679
64.743871 0.83668736 5.881616 0.821752 0.113369
65.954037 0.82696302 5.832155 0.798893 0.124354
67.164203 0.81845422 5.808413 0.785387 0.129946
68.374369 0.82591174 5.812092 0.783410 0.130561
69.584534 0.82288931 5.818229 0.790279 0.128899
70.794700 0.82446623 5.828419 0.797691 0.124420
72.004866 0.82775148 5.850294 0.807501 0.120844
