# Layer profile at T = 0.360000
# input   = bicrystal_Sigma39_theta32.2042deg.dat
# seed    = 4000806
# n_samples = 1000
# Lx = 72.966650  Ly = 25.276389
# columns : x rho coord psi6 psi4
0.608055 0.83347185 5.888525 0.817298 0.115330
1.824166 0.83178018 5.900931 0.824371 0.112081
3.040277 0.83454541 5.905742 0.829883 0.109892
4.256388 0.83522858 5.908234 0.830442 0.110561
5.472499 0.83428515 5.909534 0.829184 0.111519
6.688610 0.83376464 5.907175 0.826722 0.111179
7.904720 0.83350438 5.903829 0.824414 0.111755
9.120831 0.83395983 5.904350 0.825645 0.111194
10.336942 0.83480567 5.907876 0.826787 0.110112
11.553053 0.83692025 5.910791 0.829941 0.109915
12.769164 0.83399236 5.917382 0.829964 0.109039
13.985275 0.83929509 5.931780 0.834624 0.106212
15.201385 0.84166993 5.942100 0.842403 0.102984
16.417496 0.84085663 5.944288 0.846208 0.101501
17.633607 0.84329654 5.949657 0.852595 0.100562
18.849718 0.84375199 5.962485 0.857736 0.096935
20.065829 0.84798116 5.972915 0.864361 0.094869
21.281940 0.85058372 5.977396 0.866907 0.094158
22.498050 0.84807875 5.983314 0.868605 0.092470
23.714161 0.85185248 5.986175 0.869338 0.091511
24.930272 0.84609430 5.985235 0.869463 0.092031
26.146383 0.85012828 5.982091 0.866436 0.092602
27.362494 0.84814382 5.967243 0.861775 0.095535
28.578605 0.84427250 5.955379 0.856384 0.098601
29.794715 0.84241817 5.946476 0.850481 0.101135
31.010826 0.83867698 5.932234 0.846389 0.103438
32.226937 0.83942522 5.922490 0.840518 0.106554
33.443048 0.83643227 5.914784 0.832979 0.108293
34.659159 0.83600935 5.910849 0.829420 0.109492
35.875270 0.83402490 5.902563 0.829455 0.110524
37.091380 0.83617201 5.904330 0.830291 0.110962
38.307491 0.83812394 5.919303 0.836024 0.107846
39.523602 0.83880711 5.925613 0.837797 0.106944
40.739713 0.83818900 5.925558 0.840861 0.106048
41.955824 0.83939269 5.928300 0.839754 0.106619
43.171935 0.83532618 5.916618 0.833323 0.109019
44.388045 0.83399236 5.894406 0.822722 0.113098
45.604156 0.82813659 5.882267 0.815163 0.116650
46.820267 0.83122714 5.868224 0.806255 0.120089
48.036378 0.82875470 5.861119 0.802919 0.121213
49.252489 0.82501351 5.865931 0.803284 0.120783
50.468600 0.83080422 5.885034 0.812257 0.117050
51.684710 0.83252842 5.913251 0.826450 0.110643
52.900821 0.84127955 5.936272 0.838686 0.105490
54.116932 0.84388212 5.946261 0.848399 0.101880
55.333043 0.84534606 5.959554 0.856167 0.098578
56.549154 0.84707026 5.978339 0.863064 0.094525
57.765265 0.84833901 5.989454 0.868795 0.091593
58.981375 0.85442251 5.992423 0.869506 0.091017
60.197486 0.85006321 5.992652 0.867500 0.091678
61.413597 0.84768837 5.988333 0.868921 0.092293
62.629708 0.84859927 5.978877 0.866223 0.094025
63.845819 0.84583404 5.966962 0.864304 0.095726
65.061930 0.84515087 5.954733 0.858342 0.098185
66.278040 0.84238564 5.939793 0.850834 0.102087
67.494151 0.84108436 5.926433 0.840111 0.105345
68.710262 0.83451288 5.907804 0.827676 0.110858
69.926373 0.83236576 5.885406 0.816136 0.116209
71.142484 0.82758354 5.874720 0.811202 0.117726
72.358595 0.82833178 5.875501 0.813406 0.118433
