# Layer profile at T = 0.440000
# input   = perfect_Sigma39_theta32.2042deg.dat
# seed    = 8000041
# n_samples = 1000
# Lx = 94.010238  Ly = 32.566102
# columns : x rho coord psi6 psi4
0.783419 0.52796838 6.018189 0.482142 0.185495
2.350256 0.53139802 6.021243 0.480901 0.184314
3.917093 0.53280907 6.041895 0.482281 0.183496
5.483931 0.54074624 6.088504 0.483757 0.180338
7.050768 0.54674321 6.137501 0.480251 0.177177
8.617605 0.55256379 6.154070 0.478116 0.176603
10.184442 0.55685574 6.174351 0.480626 0.173448
11.751280 0.56275472 6.195647 0.474892 0.174246
13.318117 0.56461652 6.200035 0.476598 0.173361
14.884954 0.56048136 6.197909 0.477383 0.172558
16.451792 0.55211304 6.203109 0.476801 0.175228
18.018629 0.55062360 6.204157 0.475891 0.175151
19.585466 0.54386231 6.190191 0.479014 0.175872
21.152304 0.54358794 6.151422 0.477850 0.178335
22.719141 0.54301960 6.091490 0.479737 0.181477
24.285978 0.52175584 5.913533 0.487534 0.189608
25.852815 0.47370170 5.710686 0.501460 0.198808
27.419653 0.42035612 5.570330 0.516171 0.207120
28.986490 0.37698589 5.499740 0.523476 0.209747
30.553327 0.34770657 5.442171 0.532158 0.211557
32.120165 0.33914227 5.460445 0.533364 0.210769
33.687002 0.35768192 5.459756 0.532839 0.210511
35.253839 0.38801953 5.523107 0.527140 0.208626
36.820676 0.42239430 5.624275 0.518211 0.201099
38.387514 0.44843996 5.714230 0.507511 0.198440
39.954351 0.47599466 5.832016 0.501172 0.192991
41.521188 0.51025185 5.918766 0.495056 0.187916
43.088026 0.52512668 5.980369 0.487500 0.184931
44.654863 0.52248096 6.009715 0.485727 0.183496
46.221700 0.52218699 5.994633 0.481735 0.186318
47.788538 0.51291717 6.009514 0.480388 0.186647
49.355375 0.50274584 6.012279 0.481203 0.187536
50.922212 0.49541621 6.012382 0.478484 0.189430
52.489049 0.48040419 5.964917 0.480894 0.192173
54.055887 0.46413791 5.885192 0.485653 0.194943
55.622724 0.44695052 5.821231 0.489587 0.199872
57.189561 0.44497113 5.794847 0.492989 0.201768
58.756399 0.45641632 5.840268 0.487152 0.197649
60.323236 0.49308406 5.885692 0.487502 0.194537
61.890073 0.52165785 5.991848 0.485823 0.186227
63.456911 0.54529296 6.096895 0.478728 0.180169
65.023748 0.56189241 6.164591 0.479486 0.174848
66.590585 0.56298989 6.199290 0.476804 0.174761
68.157422 0.55967784 6.207753 0.475087 0.175063
69.724260 0.55763966 6.197160 0.478122 0.174348
71.291097 0.55152510 6.173122 0.476099 0.175024
72.857934 0.55117234 6.172522 0.475039 0.174221
74.424772 0.55642459 6.188715 0.479074 0.173215
75.991609 0.56522406 6.212995 0.476523 0.172501
77.558446 0.56732104 6.218737 0.480469 0.172090
79.125283 0.56547883 6.187634 0.478147 0.174382
80.692121 0.55526831 6.108354 0.484477 0.177795
82.258958 0.54652763 6.093305 0.485015 0.179259
83.825795 0.53157440 6.043762 0.485393 0.181433
85.392633 0.51446541 6.003657 0.491060 0.183563
86.959470 0.50725337 5.958621 0.491748 0.186274
88.526307 0.51225084 5.948504 0.490262 0.187440
90.093145 0.52424478 6.007215 0.486944 0.184176
91.659982 0.53081008 6.040096 0.483740 0.182809
93.226819 0.52467593 6.028761 0.483652 0.185534
