# Layer profile at T = 0.340000
# input   = perfect_Sigma39_theta32.2042deg.dat
# seed    = 3000026
# n_samples = 1000
# Lx = 72.473435  Ly = 25.105534
# columns : x rho coord psi6 psi4
0.603945 0.85609973 5.997342 0.889178 0.083747
1.811836 0.85784747 5.997847 0.888705 0.083897
3.019726 0.85913355 5.997812 0.887421 0.084569
4.227617 0.85494555 5.996914 0.886601 0.084292
5.435508 0.85652842 5.996766 0.888222 0.084069
6.643398 0.85824319 5.996926 0.888143 0.083591
7.851289 0.85877081 5.996851 0.888726 0.083777
9.059179 0.85827617 5.997464 0.889808 0.083505
10.267070 0.85603377 5.996494 0.888992 0.083880
11.474960 0.85834212 5.997003 0.887567 0.084375
12.682851 0.85811129 5.997425 0.886877 0.084334
13.890742 0.85817724 5.997387 0.888734 0.083815
15.098632 0.85702306 5.996768 0.887337 0.084119
16.306523 0.85821021 5.996657 0.888498 0.083782
17.514413 0.85580294 5.997380 0.888400 0.083818
18.722304 0.85774855 5.996771 0.889059 0.083049
19.930194 0.85755069 5.996616 0.888680 0.083370
21.138085 0.85847403 5.996697 0.888002 0.084116
22.345976 0.85883677 5.996583 0.888520 0.083349
23.553866 0.85491258 5.997570 0.888418 0.083501
24.761757 0.86008987 5.996703 0.887558 0.083416
25.969647 0.85900165 5.996929 0.888160 0.084021
27.177538 0.85811129 5.996465 0.889722 0.083285
28.385429 0.85494555 5.997377 0.888825 0.083828
29.593319 0.85926546 5.997007 0.888815 0.084163
30.801210 0.85636354 5.996804 0.888380 0.084015
32.009100 0.85837510 5.996542 0.888299 0.083997
33.216991 0.85903462 5.996583 0.888641 0.083858
34.424881 0.85649544 5.996381 0.888305 0.084115
35.632772 0.85567103 5.996724 0.886548 0.084718
36.840663 0.85903462 5.996699 0.886435 0.084556
38.048553 0.85689116 5.996075 0.888811 0.083878
39.256444 0.85669330 5.996343 0.889358 0.083634
40.464334 0.86088130 5.997395 0.888517 0.083532
41.672225 0.85567103 5.996763 0.887841 0.083681
42.880115 0.85919951 5.997198 0.889104 0.083472
44.088006 0.85656140 5.997074 0.887924 0.084141
45.295897 0.85755069 5.996770 0.886455 0.084241
46.503787 0.85619866 5.996611 0.887065 0.084548
47.711678 0.85735283 5.996269 0.886679 0.084664
48.919568 0.85738581 5.996231 0.886487 0.084513
50.127459 0.85553913 5.995683 0.887436 0.084531
51.335349 0.85778152 5.995887 0.887503 0.084288
52.543240 0.85715497 5.996422 0.888305 0.084322
53.751131 0.85507746 5.996529 0.887683 0.084141
54.959021 0.85784747 5.996656 0.888447 0.084223
56.166912 0.85853998 5.996543 0.887239 0.084258
57.374802 0.85550615 5.996685 0.887616 0.084037
58.582693 0.85906760 5.997543 0.887795 0.084183
59.790583 0.85675925 5.996690 0.888026 0.084686
60.998474 0.85827617 5.996350 0.889108 0.084030
62.206365 0.85487960 5.996798 0.887663 0.084458
63.414255 0.85778152 5.997078 0.887254 0.084832
64.622146 0.85656140 5.996227 0.886560 0.084918
65.830036 0.85682521 5.996921 0.886733 0.084645
67.037927 0.85652842 5.997497 0.887550 0.083665
68.245818 0.85847403 5.997388 0.887708 0.084089
69.453708 0.85781450 5.996886 0.887228 0.084686
70.661599 0.85609973 5.997304 0.887149 0.083593
71.869489 0.85679223 5.997460 0.888264 0.084514
