# Layer profile at T = 0.280000
# input   = bicrystal_Sigma39_theta32.2042deg.dat
# seed    = 794
# n_samples = 1000
# Lx = 71.774913  Ly = 24.863559
# columns : x rho coord psi6 psi4
0.598124 0.86359824 5.913104 0.893829 0.087510
1.794373 0.86837248 5.976847 0.912505 0.076799
2.990621 0.87566831 5.995700 0.917909 0.072216
4.186870 0.87307947 5.999230 0.919138 0.071592
5.383119 0.87711403 5.999923 0.921463 0.070874
6.579367 0.87331482 5.999808 0.921645 0.070186
7.775616 0.87603815 5.999808 0.921163 0.070661
8.971864 0.87539934 5.999693 0.921457 0.071011
10.168113 0.87311309 5.999615 0.921627 0.070805
11.364361 0.87570193 5.999654 0.920899 0.070623
12.560610 0.87576918 5.999578 0.920880 0.071178
13.756858 0.87348292 5.999923 0.920481 0.070791
14.953107 0.87318033 5.999769 0.920531 0.071092
16.149356 0.87775284 5.999885 0.920071 0.070726
17.345604 0.87439070 5.999769 0.921045 0.071326
18.541853 0.87476054 5.999308 0.920645 0.071145
19.738101 0.87455881 5.997463 0.919283 0.071895
20.934350 0.87388638 5.992151 0.913831 0.074539
22.130598 0.86864145 5.959475 0.899677 0.082160
23.326847 0.85653776 5.906775 0.861137 0.094517
24.523095 0.84890571 5.882966 0.852286 0.100149
25.719344 0.85559636 5.876768 0.852546 0.102604
26.915593 0.84500563 5.846337 0.834029 0.108157
28.111841 0.84561082 5.858137 0.839334 0.105350
29.308090 0.85821883 5.900454 0.869093 0.096723
30.504338 0.85374719 5.897295 0.860568 0.096376
31.700587 0.85512566 5.904380 0.862606 0.094180
32.896835 0.86423705 5.948454 0.891833 0.084602
34.093084 0.87109581 5.974951 0.905769 0.079046
35.289332 0.86813713 5.971922 0.901316 0.077647
36.485581 0.87237342 5.977300 0.911505 0.075810
37.681830 0.87472691 5.997348 0.919291 0.071550
38.878078 0.87455881 5.999846 0.921253 0.070622
40.074327 0.87361741 5.999615 0.920969 0.070655
41.270575 0.87570193 5.999770 0.921285 0.070696
42.466824 0.87580280 5.999654 0.920598 0.070766
43.663072 0.87338206 5.999654 0.920304 0.070686
44.859321 0.87570193 5.999731 0.920659 0.070905
46.055569 0.87516399 5.999885 0.920926 0.070719
47.251818 0.87338206 5.999962 0.921201 0.071130
48.448067 0.87771922 5.999732 0.921625 0.070641
49.644315 0.87496226 5.999654 0.920175 0.071698
50.840564 0.87274325 5.996918 0.919206 0.072503
52.036812 0.87284412 5.982859 0.912702 0.075504
53.233061 0.86672503 5.962566 0.898112 0.080350
54.429309 0.86248874 5.941176 0.886625 0.086580
55.625558 0.86460689 5.922072 0.875221 0.090163
56.821806 0.85670587 5.917154 0.872986 0.091568
58.018055 0.85909298 5.932960 0.881466 0.088079
59.214304 0.86793540 5.943173 0.889305 0.086280
60.410552 0.85986627 5.941466 0.883065 0.086815
61.606801 0.86104302 5.920500 0.877906 0.091109
62.803049 0.85842056 5.913677 0.868602 0.092914
63.999298 0.85966455 5.927412 0.884454 0.088884
65.195546 0.86746470 5.945894 0.889858 0.084857
66.391795 0.86460689 5.947698 0.889776 0.083947
67.588043 0.86487586 5.957821 0.896021 0.082152
68.784292 0.86854058 5.937948 0.893276 0.085709
69.980541 0.85283941 5.884964 0.875930 0.094315
71.176789 0.84826690 5.861395 0.872580 0.097202
