# Layer profile at T = 0.320000
# input   = perfect_Sigma39_theta32.2042deg.dat
# seed    = 2000023
# n_samples = 1000
# Lx = 72.143096  Ly = 24.991101
# columns : x rho coord psi6 psi4
0.601192 0.86652022 5.998656 0.899078 0.079386
1.803577 0.86282625 5.998804 0.900639 0.079133
3.005962 0.86652022 5.999040 0.899144 0.079361
4.208347 0.86558841 5.998885 0.901231 0.078944
5.410732 0.86498939 5.998615 0.900810 0.079158
6.613117 0.86455676 5.998576 0.900044 0.079039
7.815502 0.86615415 5.998655 0.900645 0.078933
9.017887 0.86478971 5.998807 0.901382 0.079224
10.220272 0.86525562 5.998692 0.901245 0.079022
11.422657 0.86615415 5.998386 0.900544 0.079130
12.625042 0.86725236 5.998158 0.900245 0.079197
13.827427 0.86182788 5.998803 0.901160 0.079043
15.029812 0.86691957 5.998349 0.901346 0.078703
16.232197 0.86662006 5.998464 0.901207 0.078881
17.434581 0.86439036 5.998806 0.899918 0.079175
18.636966 0.86781811 5.998198 0.901261 0.078688
19.839351 0.86435708 5.997651 0.900674 0.079283
21.041736 0.86449020 5.998345 0.900681 0.079395
22.244121 0.86545529 5.998347 0.901147 0.079022
23.446506 0.86668662 5.998464 0.901631 0.079026
24.648891 0.86468987 5.998384 0.901617 0.078839
25.851276 0.86488955 5.998846 0.901417 0.078727
27.053661 0.86851697 5.999042 0.900593 0.078918
28.256046 0.86252674 5.998843 0.899846 0.078757
29.458431 0.86528890 5.998423 0.899960 0.079274
30.660816 0.86485627 5.998615 0.899838 0.079709
31.863201 0.86279297 5.998033 0.899068 0.079450
33.065585 0.86828401 5.998045 0.899563 0.079853
34.267970 0.86409085 5.998421 0.899668 0.079304
35.470355 0.86312576 5.998573 0.900918 0.079485
36.672740 0.86695285 5.998503 0.900435 0.079444
37.875125 0.86592120 5.998424 0.899900 0.079479
39.077510 0.86592120 5.998347 0.899856 0.079117
40.279895 0.86292608 5.998419 0.899777 0.080106
41.482280 0.86668662 5.998387 0.900670 0.079161
42.684665 0.86685301 5.998388 0.900190 0.079459
43.887050 0.86455676 5.998383 0.900846 0.079397
45.089435 0.86365822 5.998343 0.900856 0.079155
46.291820 0.86395774 5.998652 0.900283 0.079403
47.494205 0.86538873 5.998962 0.899099 0.079577
48.696590 0.86548857 5.998654 0.899388 0.079579
49.898974 0.86545529 5.998231 0.900234 0.079548
51.101359 0.86449020 5.998730 0.901801 0.079055
52.303744 0.86542201 5.998769 0.901728 0.079298
53.506129 0.86755187 5.998504 0.900412 0.078744
54.708514 0.86222722 5.998842 0.899874 0.079304
55.910899 0.86482299 5.998153 0.899884 0.079482
57.113284 0.86502267 5.998461 0.899945 0.079427
58.315669 0.86758515 5.998657 0.899922 0.079496
59.518054 0.86405757 5.998344 0.900171 0.079236
60.720439 0.86402429 5.998613 0.900585 0.079163
61.922824 0.86731892 5.998887 0.900716 0.078954
63.125209 0.86478971 5.998846 0.900753 0.079199
64.327594 0.86462332 5.998422 0.900234 0.078928
65.529979 0.86625399 5.998655 0.900860 0.079566
66.732363 0.86482299 5.998461 0.900533 0.079179
67.934748 0.86562169 5.998616 0.899902 0.079305
69.137133 0.86402429 5.998267 0.898470 0.079730
70.339518 0.86372478 5.998497 0.898905 0.079810
71.541903 0.86695285 5.998196 0.898416 0.079294
