# Layer profile at T = 0.300000
# input   = perfect_Sigma39_theta32.2042deg.dat
# seed    = 1000020
# n_samples = 1000
# Lx = 71.896020  Ly = 24.905512
# columns : x rho coord psi6 psi4
0.599133 0.87030814 5.999538 0.911509 0.074645
1.797400 0.87161496 5.999500 0.912560 0.074642
2.995667 0.87117936 5.999308 0.911922 0.074921
4.193934 0.87164847 5.999270 0.911392 0.074804
5.392201 0.87161496 5.999539 0.912211 0.074934
6.590468 0.87084428 5.999615 0.910939 0.074754
7.788735 0.87171549 5.999462 0.910629 0.074839
8.987002 0.86923588 5.999268 0.910333 0.075069
10.185269 0.86947044 5.999306 0.912085 0.074351
11.383536 0.87275424 5.999232 0.911418 0.074540
12.581803 0.87262021 5.999386 0.910282 0.075060
13.780070 0.86947044 5.998998 0.910677 0.074893
14.978337 0.87288827 5.999079 0.910905 0.074767
16.176604 0.87107883 5.999231 0.911014 0.074976
17.374871 0.87298880 5.999194 0.911074 0.075012
18.573138 0.87030814 5.998883 0.910856 0.074602
19.771405 0.87044218 5.999153 0.911917 0.075061
20.969672 0.87111234 5.999654 0.911910 0.074961
22.167939 0.87375949 5.999617 0.911774 0.074632
23.366206 0.87044218 5.999230 0.910434 0.074904
24.564473 0.87258670 5.999347 0.911152 0.075069
25.762740 0.86990605 5.999114 0.911028 0.075092
26.961007 0.87047569 5.999038 0.911306 0.074696
28.159274 0.87101182 5.999269 0.911177 0.075203
29.357541 0.87168198 5.999308 0.910964 0.074426
30.555808 0.87047569 5.999307 0.911218 0.074408
31.754075 0.87127988 5.999308 0.910880 0.074890
32.952342 0.87044218 5.999423 0.912115 0.074908
34.150609 0.87171549 5.999308 0.911543 0.074696
35.348876 0.87201706 5.999308 0.912039 0.074931
36.547143 0.87047569 5.999269 0.911337 0.074990
37.745410 0.86916887 5.999422 0.910931 0.074767
38.943677 0.87456368 5.999387 0.911597 0.074940
40.141944 0.87064323 5.999038 0.911333 0.074666
41.340211 0.87151444 5.998923 0.911801 0.074720
42.538478 0.87054270 5.999307 0.911636 0.075004
43.736745 0.87469772 5.999349 0.911344 0.074521
44.935012 0.86699083 5.999150 0.910714 0.075232
46.133279 0.87375949 5.998926 0.911333 0.074637
47.331546 0.87134690 5.999462 0.911584 0.074562
48.529813 0.87205057 5.999424 0.912291 0.074192
49.728080 0.87107883 5.999538 0.910981 0.074733
50.926347 0.87067673 5.999230 0.910509 0.074531
52.124614 0.86916887 5.999306 0.911103 0.075088
53.322881 0.87278775 5.999079 0.911490 0.074709
54.521148 0.87097831 5.998961 0.910575 0.075000
55.719415 0.87134690 5.999269 0.911625 0.074521
56.917682 0.87027464 5.999384 0.911879 0.074768
58.115949 0.87131339 5.999269 0.912081 0.074559
59.314216 0.87325686 5.999386 0.912476 0.074892
60.512483 0.87020762 5.999384 0.910776 0.075122
61.710750 0.87188303 5.998962 0.911467 0.074930
62.909017 0.87074375 5.999384 0.911992 0.074509
64.107284 0.87014060 5.999499 0.910853 0.074537
65.305551 0.87077726 5.999538 0.911586 0.075054
66.503818 0.87241916 5.999462 0.910776 0.074935
67.702085 0.87047569 5.999384 0.912080 0.075166
68.900352 0.87027464 5.999268 0.911657 0.074609
70.098619 0.87195005 5.999308 0.911929 0.074406
71.296886 0.87017411 5.999076 0.911506 0.074526
