# Density profile (accumulated) at T = 0.280000
# columns : x rho
0.598124 0.86359824
1.794373 0.86837248
2.990621 0.87566831
4.186870 0.87307947
5.383119 0.87711403
6.579367 0.87331482
7.775616 0.87603815
8.971864 0.87539934
10.168113 0.87311309
11.364361 0.87570193
12.560610 0.87576918
13.756858 0.87348292
14.953107 0.87318033
16.149356 0.87775284
17.345604 0.87439070
18.541853 0.87476054
19.738101 0.87455881
20.934350 0.87388638
22.130598 0.86864145
23.326847 0.85653776
24.523095 0.84890571
25.719344 0.85559636
26.915593 0.84500563
28.111841 0.84561082
29.308090 0.85821883
30.504338 0.85374719
31.700587 0.85512566
32.896835 0.86423705
34.093084 0.87109581
35.289332 0.86813713
36.485581 0.87237342
37.681830 0.87472691
38.878078 0.87455881
40.074327 0.87361741
41.270575 0.87570193
42.466824 0.87580280
43.663072 0.87338206
44.859321 0.87570193
46.055569 0.87516399
47.251818 0.87338206
48.448067 0.87771922
49.644315 0.87496226
50.840564 0.87274325
52.036812 0.87284412
53.233061 0.86672503
54.429309 0.86248874
55.625558 0.86460689
56.821806 0.85670587
58.018055 0.85909298
59.214304 0.86793540
60.410552 0.85986627
61.606801 0.86104302
62.803049 0.85842056
63.999298 0.85966455
65.195546 0.86746470
66.391795 0.86460689
67.588043 0.86487586
68.784292 0.86854058
69.980541 0.85283941
71.176789 0.84826690
