# Density profile (accumulated) at T = 0.280000
# columns : x rho
0.597496 0.87427779
1.792487 0.87565917
2.987478 0.87727639
4.182469 0.87424410
5.377460 0.87545702
6.572451 0.87693947
7.767442 0.87599609
8.962433 0.87579394
10.157424 0.87538963
11.352415 0.87690578
12.547406 0.87522117
13.742397 0.87734378
14.937388 0.87444625
16.132379 0.87616455
17.327370 0.87811870
18.522361 0.87522117
19.717352 0.87663624
20.912343 0.87778177
22.107334 0.87562548
23.302326 0.87481686
24.497317 0.87704055
25.692308 0.87370502
26.887299 0.87714162
28.082290 0.87683839
29.277281 0.87623193
30.472272 0.87609717
31.667263 0.87640040
32.862254 0.87343549
34.057245 0.87791654
35.252236 0.87592871
36.447227 0.87326702
37.642218 0.88020761
38.837209 0.87319964
40.032200 0.87683839
41.227191 0.87663624
42.422182 0.87555809
43.617173 0.87431148
44.812164 0.87842192
46.007156 0.87646778
47.202147 0.87326702
48.397138 0.87855669
49.592129 0.87532225
50.787120 0.87407564
51.982111 0.87761331
53.177102 0.87704055
54.372093 0.87394087
55.567084 0.87784916
56.762075 0.87485056
57.957066 0.87501902
59.152057 0.87879254
60.347048 0.87565917
61.542039 0.87346918
62.737030 0.87731008
63.932021 0.87690578
65.127012 0.87360395
66.322003 0.87488425
67.516994 0.87754593
68.711986 0.87545702
69.906977 0.87579394
71.101968 0.87784916
