# Density profile (accumulated) at T = 0.440000
# columns : x rho
0.709257 0.61799426
2.127770 0.61818554
3.546284 0.61471850
4.964798 0.61412074
6.383311 0.61493370
7.801825 0.62794108
9.220339 0.63530556
10.638852 0.62959092
12.057366 0.62399583
13.475879 0.62119828
14.894393 0.60845392
16.312907 0.59810061
17.731420 0.59334239
19.149934 0.59721592
20.568448 0.61084498
21.986961 0.62213080
23.405475 0.63042779
24.823989 0.63583159
26.242502 0.63408612
27.661016 0.63011695
29.079529 0.60823872
30.498043 0.59401189
31.916557 0.58270216
33.335070 0.57930685
34.753584 0.58296518
36.172098 0.58891893
37.590611 0.59960698
39.009125 0.61129928
40.427638 0.61818554
41.846152 0.63310578
43.264666 0.64130713
44.683179 0.64326780
46.101693 0.64458288
47.520207 0.64522847
48.938720 0.64687830
50.357234 0.64317216
51.775748 0.64023115
53.194261 0.63915517
54.612775 0.63071472
56.031288 0.62894533
57.449802 0.62614778
58.868316 0.60603894
60.286829 0.59568564
61.705343 0.58430417
63.123857 0.58310864
64.542370 0.58523669
65.960884 0.60116117
67.379397 0.60276318
68.797911 0.60819090
70.216425 0.62033750
71.634938 0.62559784
73.053452 0.62856276
74.471966 0.62645862
75.890479 0.62358935
77.308993 0.62511963
78.727506 0.62057661
80.146020 0.61969191
81.564534 0.62184387
82.983047 0.61825728
84.401561 0.61062978
