# Density profile (accumulated) at T = 0.380000
# columns : x rho
0.609105 0.84256538
1.827315 0.84642337
3.045524 0.84123616
4.263734 0.84243570
5.481944 0.84493205
6.700153 0.84389460
7.918363 0.84318136
9.136573 0.84431606
10.354782 0.84324620
11.572992 0.84126858
12.791202 0.84412154
14.009411 0.84357040
15.227621 0.84392702
16.445831 0.83925853
17.664040 0.84515899
18.882250 0.84194940
20.100460 0.84074986
21.318669 0.84382976
22.536879 0.84337588
23.755089 0.84285716
24.973298 0.84191698
26.191508 0.84395944
27.409718 0.84078228
28.627927 0.84392702
29.846137 0.84117132
31.064347 0.84318136
32.282556 0.84275990
33.500766 0.84405670
34.718976 0.84113890
35.937185 0.84340830
37.155395 0.84250054
38.373605 0.84353798
39.591814 0.84188456
40.810024 0.84282474
42.028234 0.84295442
43.246443 0.84418638
44.464653 0.84311652
45.682863 0.84169004
46.901072 0.84146310
48.119282 0.84373250
49.337492 0.84204666
50.555701 0.84295442
51.773911 0.84224118
52.992121 0.84583981
54.210330 0.83789689
55.428540 0.84240328
56.646750 0.84275990
57.864959 0.84285716
59.083169 0.84259780
60.301379 0.84282474
61.519588 0.84353798
62.737798 0.84535351
63.956008 0.84178730
65.174217 0.84395944
66.392427 0.84464027
67.610637 0.84214392
68.828846 0.84266264
70.047056 0.84431606
71.265266 0.84188456
72.483475 0.84412154
