# Density profile (accumulated) at T = 0.320000
# columns : x rho
0.602698 0.84891725
1.808095 0.84636756
3.013492 0.84050656
4.218888 0.83812243
5.424285 0.83633433
6.629682 0.84358607
7.835078 0.84603643
9.040475 0.85414910
10.245872 0.85613588
11.451268 0.86143396
12.656665 0.86004321
13.862062 0.86173197
15.067458 0.86275848
16.272855 0.86196377
17.478252 0.86335451
18.683648 0.86024189
19.889045 0.86335451
21.094442 0.86428167
22.299838 0.86272536
23.505235 0.86173197
24.710632 0.86077170
25.916028 0.85673192
27.121425 0.85593720
28.326822 0.85818889
29.532218 0.86080481
30.737615 0.86299027
31.943012 0.86262602
33.148408 0.85285770
34.353805 0.84342050
35.559202 0.83259256
36.764598 0.83649989
37.969995 0.83510915
39.175392 0.83782441
40.380788 0.83550650
41.586185 0.84110259
42.791582 0.84123505
43.996978 0.84914905
45.202375 0.85520872
46.407771 0.85938095
47.613168 0.86037434
48.818565 0.86179820
50.023961 0.86153330
51.229358 0.85656635
52.434755 0.85567230
53.640151 0.86229490
54.845548 0.85944718
56.050945 0.86388432
57.256341 0.86262602
58.461738 0.86295715
59.667135 0.86093726
60.872531 0.86123528
62.077928 0.85663258
63.283325 0.85832134
64.488721 0.85722861
65.694118 0.85342062
66.899515 0.85520872
68.104911 0.85855313
69.310308 0.85477825
70.515705 0.85206299
71.721101 0.85163252
