# Density profile (accumulated) at T = 0.400000
# columns : x rho
0.645317 0.73029395
1.935951 0.73107381
3.226585 0.72783884
4.517219 0.73728379
5.807853 0.73950783
7.098487 0.73907458
8.389121 0.73945007
9.679755 0.74202071
10.970389 0.73968114
12.261023 0.74190518
13.551657 0.74840400
14.842291 0.74704646
16.132925 0.74828846
17.423559 0.75510500
18.714193 0.75175450
20.004827 0.75094576
21.295461 0.75481616
22.586095 0.75039697
23.876729 0.75334310
25.167363 0.75472951
26.457997 0.75325645
27.748631 0.74999260
29.039265 0.74805739
30.329899 0.74837511
31.620533 0.74649768
32.911167 0.73841026
34.201801 0.73690831
35.492435 0.73820807
36.783069 0.74239620
38.073703 0.74727753
39.364337 0.74502461
40.654971 0.74877948
41.945605 0.74592000
43.236239 0.74843288
44.526873 0.74950157
45.817507 0.75351640
47.108141 0.75163896
48.398775 0.74779744
49.689409 0.75010813
50.980043 0.75215887
52.270677 0.75002148
53.561311 0.74736418
54.851945 0.74202071
56.142579 0.74430252
57.433213 0.74300276
58.723847 0.74381150
60.014481 0.74924162
61.305115 0.75002148
62.595749 0.74866395
63.886383 0.74733530
65.177017 0.74661321
66.467651 0.74574670
67.758285 0.74623772
69.048919 0.74173188
70.339553 0.74450470
71.630187 0.74698870
72.920821 0.73791923
74.211455 0.73560854
75.502089 0.73852579
76.792723 0.73699496
