# Density profile (accumulated) at T = 0.360000
# columns : x rho
0.605758 0.85104798
1.817275 0.85291640
3.028792 0.85209692
4.240309 0.85426035
5.451826 0.85091686
6.663343 0.85232637
7.874860 0.85265416
9.086377 0.85150689
10.297894 0.85252305
11.509411 0.85108076
12.720927 0.85294918
13.932444 0.85137577
15.143961 0.85367032
16.355478 0.85396533
17.566995 0.85058907
18.778512 0.85216247
19.990029 0.85458814
21.201546 0.85058907
22.413063 0.85173634
23.624580 0.85101520
24.836096 0.85304751
26.047613 0.85235915
27.259130 0.85065463
28.470647 0.85193302
29.682164 0.85409645
30.893681 0.85226081
32.105198 0.85085130
33.316715 0.85435869
34.528232 0.85016294
35.739749 0.85514539
36.951266 0.84954013
38.162782 0.85262138
39.374299 0.85255583
40.585816 0.85209692
41.797333 0.85176912
43.008850 0.85173634
44.220367 0.85537484
45.431884 0.85016294
46.643401 0.85072019
47.854918 0.85465370
49.066435 0.85075297
50.277951 0.85275250
51.489468 0.85321141
52.700985 0.85222803
53.912502 0.85291640
55.124019 0.85265416
56.335536 0.85127743
57.547053 0.85288362
58.758570 0.85298196
59.970087 0.85258861
61.181604 0.84904844
62.393120 0.85317863
63.604637 0.85137577
64.816154 0.85416201
66.027671 0.85104798
67.239188 0.85245749
68.450705 0.85262138
69.662222 0.85068741
70.873739 0.85285084
72.085256 0.85389978
