# Density profile (accumulated) at T = 0.420000
# columns : x rho
0.661991 0.69512208
1.985972 0.69166377
3.309953 0.69004439
4.633934 0.69767465
5.957915 0.70313660
7.281897 0.70324639
8.605878 0.70508534
9.929859 0.70942196
11.253840 0.70645769
12.577821 0.71359390
13.901803 0.72136139
15.225784 0.71699732
16.549765 0.72009883
17.873746 0.71735413
19.197728 0.71691498
20.521709 0.71271560
21.845690 0.70508534
23.169671 0.70261511
24.493652 0.70412469
25.817634 0.70503044
27.141615 0.70132510
28.465596 0.70936706
29.789577 0.71082175
31.113558 0.70393256
32.437540 0.70481087
33.761521 0.70467363
35.085502 0.70588130
36.409483 0.70796727
37.733464 0.70209362
39.057446 0.70385022
40.381427 0.70854366
41.705408 0.71474667
43.029389 0.71628370
44.353371 0.71441731
45.677352 0.71299007
47.001333 0.71598179
48.325314 0.70953175
49.649295 0.71098644
50.973277 0.70944941
52.297258 0.70969643
53.621239 0.71159027
54.945220 0.70972388
56.269201 0.70977877
57.593183 0.70310915
58.917164 0.70879068
60.241145 0.70766535
61.565126 0.71274304
62.889107 0.72177310
64.213089 0.71938521
65.537070 0.71869904
66.861051 0.72284353
68.185032 0.71804031
69.509013 0.71954989
70.832995 0.71271560
72.156976 0.70319150
73.480957 0.69756487
74.804938 0.69300867
76.128920 0.69199313
77.452901 0.69133440
78.776882 0.69932147
