# Density profile (accumulated) at T = 0.360000
# columns : x rho
0.608055 0.83347185
1.824166 0.83178018
3.040277 0.83454541
4.256388 0.83522858
5.472499 0.83428515
6.688610 0.83376464
7.904720 0.83350438
9.120831 0.83395983
10.336942 0.83480567
11.553053 0.83692025
12.769164 0.83399236
13.985275 0.83929509
15.201385 0.84166993
16.417496 0.84085663
17.633607 0.84329654
18.849718 0.84375199
20.065829 0.84798116
21.281940 0.85058372
22.498050 0.84807875
23.714161 0.85185248
24.930272 0.84609430
26.146383 0.85012828
27.362494 0.84814382
28.578605 0.84427250
29.794715 0.84241817
31.010826 0.83867698
32.226937 0.83942522
33.443048 0.83643227
34.659159 0.83600935
35.875270 0.83402490
37.091380 0.83617201
38.307491 0.83812394
39.523602 0.83880711
40.739713 0.83818900
41.955824 0.83939269
43.171935 0.83532618
44.388045 0.83399236
45.604156 0.82813659
46.820267 0.83122714
48.036378 0.82875470
49.252489 0.82501351
50.468600 0.83080422
51.684710 0.83252842
52.900821 0.84127955
54.116932 0.84388212
55.333043 0.84534606
56.549154 0.84707026
57.765265 0.84833901
58.981375 0.85442251
60.197486 0.85006321
61.413597 0.84768837
62.629708 0.84859927
63.845819 0.84583404
65.061930 0.84515087
66.278040 0.84238564
67.494151 0.84108436
68.710262 0.83451288
69.926373 0.83236576
71.142484 0.82758354
72.358595 0.82833178
