# Density profile (accumulated) at T = 0.440000
# columns : x rho
0.783419 0.52796838
2.350256 0.53139802
3.917093 0.53280907
5.483931 0.54074624
7.050768 0.54674321
8.617605 0.55256379
10.184442 0.55685574
11.751280 0.56275472
13.318117 0.56461652
14.884954 0.56048136
16.451792 0.55211304
18.018629 0.55062360
19.585466 0.54386231
21.152304 0.54358794
22.719141 0.54301960
24.285978 0.52175584
25.852815 0.47370170
27.419653 0.42035612
28.986490 0.37698589
30.553327 0.34770657
32.120165 0.33914227
33.687002 0.35768192
35.253839 0.38801953
36.820676 0.42239430
38.387514 0.44843996
39.954351 0.47599466
41.521188 0.51025185
43.088026 0.52512668
44.654863 0.52248096
46.221700 0.52218699
47.788538 0.51291717
49.355375 0.50274584
50.922212 0.49541621
52.489049 0.48040419
54.055887 0.46413791
55.622724 0.44695052
57.189561 0.44497113
58.756399 0.45641632
60.323236 0.49308406
61.890073 0.52165785
63.456911 0.54529296
65.023748 0.56189241
66.590585 0.56298989
68.157422 0.55967784
69.724260 0.55763966
71.291097 0.55152510
72.857934 0.55117234
74.424772 0.55642459
75.991609 0.56522406
77.558446 0.56732104
79.125283 0.56547883
80.692121 0.55526831
82.258958 0.54652763
83.825795 0.53157440
85.392633 0.51446541
86.959470 0.50725337
88.526307 0.51225084
90.093145 0.52424478
91.659982 0.53081008
93.226819 0.52467593
