# Density profile (accumulated) at T = 0.320000
# columns : x rho
0.601192 0.86652022
1.803577 0.86282625
3.005962 0.86652022
4.208347 0.86558841
5.410732 0.86498939
6.613117 0.86455676
7.815502 0.86615415
9.017887 0.86478971
10.220272 0.86525562
11.422657 0.86615415
12.625042 0.86725236
13.827427 0.86182788
15.029812 0.86691957
16.232197 0.86662006
17.434581 0.86439036
18.636966 0.86781811
19.839351 0.86435708
21.041736 0.86449020
22.244121 0.86545529
23.446506 0.86668662
24.648891 0.86468987
25.851276 0.86488955
27.053661 0.86851697
28.256046 0.86252674
29.458431 0.86528890
30.660816 0.86485627
31.863201 0.86279297
33.065585 0.86828401
34.267970 0.86409085
35.470355 0.86312576
36.672740 0.86695285
37.875125 0.86592120
39.077510 0.86592120
40.279895 0.86292608
41.482280 0.86668662
42.684665 0.86685301
43.887050 0.86455676
45.089435 0.86365822
46.291820 0.86395774
47.494205 0.86538873
48.696590 0.86548857
49.898974 0.86545529
51.101359 0.86449020
52.303744 0.86542201
53.506129 0.86755187
54.708514 0.86222722
55.910899 0.86482299
57.113284 0.86502267
58.315669 0.86758515
59.518054 0.86405757
60.720439 0.86402429
61.922824 0.86731892
63.125209 0.86478971
64.327594 0.86462332
65.529979 0.86625399
66.732363 0.86482299
67.934748 0.86562169
69.137133 0.86402429
70.339518 0.86372478
71.541903 0.86695285
