# Density profile (accumulated) at T = 0.300000
# columns : x rho
0.599133 0.87030814
1.797400 0.87161496
2.995667 0.87117936
4.193934 0.87164847
5.392201 0.87161496
6.590468 0.87084428
7.788735 0.87171549
8.987002 0.86923588
10.185269 0.86947044
11.383536 0.87275424
12.581803 0.87262021
13.780070 0.86947044
14.978337 0.87288827
16.176604 0.87107883
17.374871 0.87298880
18.573138 0.87030814
19.771405 0.87044218
20.969672 0.87111234
22.167939 0.87375949
23.366206 0.87044218
24.564473 0.87258670
25.762740 0.86990605
26.961007 0.87047569
28.159274 0.87101182
29.357541 0.87168198
30.555808 0.87047569
31.754075 0.87127988
32.952342 0.87044218
34.150609 0.87171549
35.348876 0.87201706
36.547143 0.87047569
37.745410 0.86916887
38.943677 0.87456368
40.141944 0.87064323
41.340211 0.87151444
42.538478 0.87054270
43.736745 0.87469772
44.935012 0.86699083
46.133279 0.87375949
47.331546 0.87134690
48.529813 0.87205057
49.728080 0.87107883
50.926347 0.87067673
52.124614 0.86916887
53.322881 0.87278775
54.521148 0.87097831
55.719415 0.87134690
56.917682 0.87027464
58.115949 0.87131339
59.314216 0.87325686
60.512483 0.87020762
61.710750 0.87188303
62.909017 0.87074375
64.107284 0.87014060
65.305551 0.87077726
66.503818 0.87241916
67.702085 0.87047569
68.900352 0.87027464
70.098619 0.87195005
71.296886 0.87017411
