# Density profile (accumulated) at T = 0.340000
# columns : x rho
0.603945 0.85609973
1.811836 0.85784747
3.019726 0.85913355
4.227617 0.85494555
5.435508 0.85652842
6.643398 0.85824319
7.851289 0.85877081
9.059179 0.85827617
10.267070 0.85603377
11.474960 0.85834212
12.682851 0.85811129
13.890742 0.85817724
15.098632 0.85702306
16.306523 0.85821021
17.514413 0.85580294
18.722304 0.85774855
19.930194 0.85755069
21.138085 0.85847403
22.345976 0.85883677
23.553866 0.85491258
24.761757 0.86008987
25.969647 0.85900165
27.177538 0.85811129
28.385429 0.85494555
29.593319 0.85926546
30.801210 0.85636354
32.009100 0.85837510
33.216991 0.85903462
34.424881 0.85649544
35.632772 0.85567103
36.840663 0.85903462
38.048553 0.85689116
39.256444 0.85669330
40.464334 0.86088130
41.672225 0.85567103
42.880115 0.85919951
44.088006 0.85656140
45.295897 0.85755069
46.503787 0.85619866
47.711678 0.85735283
48.919568 0.85738581
50.127459 0.85553913
51.335349 0.85778152
52.543240 0.85715497
53.751131 0.85507746
54.959021 0.85784747
56.166912 0.85853998
57.374802 0.85550615
58.582693 0.85906760
59.790583 0.85675925
60.998474 0.85827617
62.206365 0.85487960
63.414255 0.85778152
64.622146 0.85656140
65.830036 0.85682521
67.037927 0.85652842
68.245818 0.85847403
69.453708 0.85781450
70.661599 0.85609973
71.869489 0.85679223
