# Density profile (accumulated) at T = 0.300000
# columns : x rho
0.599976 0.84858684
1.799927 0.83769382
2.999878 0.83926428
4.199829 0.85797623
5.399780 0.85777575
6.599731 0.85530310
7.799683 0.84106865
8.999634 0.84594712
10.199585 0.85276362
11.399536 0.85436750
12.599487 0.85450116
13.799439 0.86492638
14.999390 0.86522711
16.199341 0.87174288
17.399292 0.86666392
18.599243 0.87150898
19.799194 0.86906974
20.999146 0.86699806
22.199097 0.87080728
23.399048 0.86823439
24.598999 0.87110801
25.798950 0.86816756
26.998901 0.86980486
28.198853 0.87030607
29.398804 0.86937047
30.598755 0.87117484
31.798706 0.86856853
32.998657 0.86693124
34.198608 0.86181887
35.398560 0.84701638
36.598511 0.82322547
37.798462 0.80661862
38.998413 0.83341680
40.198364 0.84527884
41.398316 0.86252056
42.598267 0.86479273
43.798218 0.87047314
44.998169 0.86759952
46.198120 0.87134191
47.398071 0.87157581
48.598023 0.86626295
49.797974 0.87284555
50.997925 0.87027266
52.197876 0.86830122
53.397827 0.86873560
54.597778 0.87221068
55.797730 0.86810073
56.997681 0.86993851
58.197632 0.87194337
59.397583 0.86673075
60.597534 0.86957096
61.797485 0.86940389
62.997437 0.86803390
64.197388 0.87261165
65.397339 0.86856853
66.597290 0.86906974
67.797241 0.87164264
68.997193 0.86876902
70.197144 0.86836805
71.397095 0.86225325
