# Density profile (accumulated) at T = 0.420000
# columns : x rho
0.666094 0.69398571
1.998281 0.70862504
3.330468 0.70705267
4.662656 0.71198667
5.994843 0.71054984
7.327030 0.70355550
8.659218 0.70135960
9.991405 0.70076318
11.323592 0.70534475
12.655780 0.70130538
13.987967 0.70192890
15.320154 0.70122405
16.652342 0.70255243
17.984529 0.70049208
19.316716 0.70385371
20.648904 0.70732377
21.981091 0.70168492
23.313278 0.70575140
24.645466 0.70458567
25.977653 0.70073607
27.309840 0.70488388
28.642028 0.69862150
29.974215 0.70046497
31.306402 0.70558874
32.638590 0.70496521
33.970777 0.70466700
35.302964 0.70263376
36.635152 0.70865215
37.967339 0.70832683
39.299526 0.70903169
40.631714 0.71212222
41.963901 0.71410124
43.296088 0.71111915
44.628276 0.70707978
45.960463 0.71244754
47.292650 0.71073961
48.624838 0.70965522
49.957025 0.71263731
51.289212 0.71955032
52.621400 0.71128181
53.953587 0.70759487
55.285774 0.70857082
56.617962 0.71176979
57.950149 0.72063472
59.282336 0.71027875
60.614524 0.70705267
61.946711 0.70922146
63.278898 0.71027875
64.611086 0.70965522
65.943273 0.70848949
67.275460 0.70238977
68.607648 0.70819129
69.939835 0.70076318
71.272022 0.69355195
72.604210 0.68810287
73.936397 0.68072898
75.268584 0.67945482
76.600772 0.69005478
77.932959 0.69829618
79.265146 0.70309463
