# Density profile (accumulated) at T = 0.340000
# columns : x rho
0.605083 0.84125385
1.815249 0.84470336
3.025415 0.84940127
4.235580 0.85436200
5.445746 0.85626744
6.655912 0.85659597
7.866078 0.85810718
9.076244 0.85534757
10.286409 0.85653026
11.496575 0.85708876
12.706741 0.85771295
13.916907 0.85544613
15.127073 0.85731872
16.337239 0.85722017
17.547404 0.85551184
18.757570 0.85534757
19.967736 0.85590607
21.177902 0.85567610
22.388068 0.85459197
23.598233 0.85607033
24.808399 0.84700304
26.018565 0.85176665
27.228731 0.84756153
28.438897 0.84414487
29.649062 0.84444054
30.859228 0.83547181
32.069394 0.83737726
33.279560 0.83139810
34.489726 0.82811285
35.699892 0.81832281
36.910057 0.81773147
38.120223 0.82647023
39.330389 0.84319215
40.540555 0.85022258
41.750721 0.85630030
42.960886 0.85462482
44.171052 0.85524902
45.381218 0.85810718
46.591384 0.85610318
47.801550 0.85735158
49.011716 0.85705590
50.221881 0.85919132
51.432047 0.85715446
52.642213 0.85643171
53.852379 0.85597177
55.062545 0.86053827
56.272710 0.85692449
57.482876 0.85538043
58.693042 0.85741728
59.903208 0.85607033
61.113374 0.85393492
62.323540 0.85081393
63.533705 0.84424343
64.743871 0.83668736
65.954037 0.82696302
67.164203 0.81845422
68.374369 0.82591174
69.584534 0.82288931
70.794700 0.82446623
72.004866 0.82775148
