# Density profile (accumulated) at T = 0.400000
# columns : x rho
0.643917 0.75267818
1.931750 0.75940836
3.219583 0.75891520
4.507416 0.76106190
5.795249 0.75885718
7.083082 0.75798690
8.370916 0.75984350
9.658749 0.75363549
10.946582 0.75943737
12.234415 0.75932134
13.522248 0.75810294
14.810081 0.75613030
16.097915 0.75966945
17.385748 0.75659445
18.673581 0.75459280
19.961414 0.75714563
21.249247 0.75380955
22.537080 0.75438974
23.824914 0.75383856
25.112747 0.75209799
26.400580 0.75056049
27.688413 0.75024139
28.976246 0.75372252
30.264080 0.75285224
31.551913 0.74847182
32.839746 0.75058950
34.127579 0.75090861
35.415412 0.74890696
36.703245 0.74899398
37.991079 0.74707936
39.278912 0.74852983
40.566745 0.74905200
41.854578 0.75090861
43.142411 0.75137276
44.430244 0.75270719
45.718078 0.75096662
47.005911 0.75262016
48.293744 0.75288125
49.581577 0.75584021
50.869410 0.75079257
52.157243 0.75592723
53.445077 0.75276521
54.732910 0.75520200
56.020743 0.75230106
57.308576 0.75523101
58.596409 0.75494091
59.884242 0.75502794
61.172076 0.75470884
62.459909 0.75241710
63.747742 0.75409964
65.035575 0.75575318
66.323408 0.75308431
67.611241 0.75438974
68.899075 0.75630436
70.186908 0.75932134
71.474741 0.75322936
72.762574 0.75407063
74.050407 0.75537606
75.338240 0.75708761
76.626074 0.75792888
