# Density profile (accumulated) at T = 0.380000
# columns : x rho
0.609387 0.82134814
1.828160 0.82860353
3.046933 0.82824724
4.265706 0.83125952
5.484480 0.83372116
6.703253 0.83100039
7.922026 0.83679822
9.140800 0.83608564
10.359573 0.83932465
11.578346 0.84029635
12.797119 0.83968094
14.015893 0.83841773
15.234666 0.83880641
16.453439 0.83453092
17.672212 0.83245795
18.890986 0.83236078
20.109759 0.82594754
21.328532 0.83138908
22.547306 0.82737270
23.766079 0.82734031
24.984852 0.82601232
26.203625 0.83125952
27.422399 0.82520257
28.641172 0.82863592
29.859945 0.82805290
31.078718 0.82458715
32.297492 0.82523496
33.516265 0.82277331
34.735038 0.82445759
35.953812 0.82921894
37.172585 0.83466048
38.391358 0.83313814
39.610131 0.84253127
40.828905 0.84113850
42.047678 0.84589984
43.266451 0.84340580
44.485224 0.84392404
45.703998 0.84819954
46.922771 0.84771369
48.141544 0.84706588
49.360318 0.84849105
50.579091 0.84272561
51.797864 0.84544638
53.016637 0.84790803
54.235411 0.84787564
55.454184 0.84732500
56.672957 0.84764891
57.891730 0.84839388
59.110504 0.84784325
60.329277 0.84732500
61.548050 0.84716305
62.766824 0.84259605
63.985597 0.84010201
65.204370 0.83563218
66.423143 0.83498438
67.641917 0.83077366
68.860690 0.82708119
70.079463 0.82180161
71.298236 0.81927518
72.517010 0.82138053
