# Layer profile at T = 0.380000
# input   = perfect_Sigma91_theta10.4174deg.dat
# seed    = 5000020
# n_samples = 1000
# Lx = 111.597478  Ly = 38.658500
# columns : x rho coord psi6 psi4
0.929979 0.84267476 5.988266 0.855311 0.096125
2.789937 0.84266085 5.987688 0.855562 0.095935
4.649895 0.84303636 5.988700 0.854360 0.096314
6.509853 0.84254959 5.987884 0.854499 0.096368
8.369811 0.84236879 5.987733 0.853792 0.096734
10.229769 0.84254959 5.987158 0.854776 0.096194
12.089727 0.84248005 5.987173 0.855419 0.096610
13.949685 0.84225753 5.987368 0.853174 0.096858
15.809643 0.84298073 5.987692 0.853901 0.096182
17.669601 0.84348140 5.988359 0.855846 0.096088
19.529559 0.84293900 5.988352 0.856200 0.096124
21.389517 0.84243833 5.988411 0.855494 0.095611
23.249475 0.84313371 5.989196 0.856631 0.095700
25.109433 0.84324497 5.989230 0.856210 0.095707
26.969391 0.84565098 5.988389 0.856605 0.095969
28.829349 0.84296682 5.988946 0.855340 0.095923
30.689306 0.84437149 5.989063 0.856322 0.095580
32.549264 0.84366220 5.988823 0.856816 0.095340
34.409222 0.84510859 5.988513 0.855430 0.095888
36.269180 0.84190984 5.989312 0.855212 0.095966
38.129138 0.84431586 5.989705 0.855747 0.095388
39.989096 0.84392644 5.990359 0.857411 0.095240
41.849054 0.84427413 5.990380 0.856752 0.095399
43.709012 0.84317543 5.988421 0.857539 0.095490
45.568970 0.84644372 5.989862 0.857055 0.094994
47.428928 0.84284165 5.989885 0.858356 0.094981
49.288886 0.84459401 5.989560 0.856285 0.095454
51.148844 0.84469136 5.990121 0.858668 0.095162
53.008802 0.84438539 5.989854 0.856374 0.095684
54.868760 0.84426023 5.989062 0.857839 0.094948
56.728718 0.84435758 5.989113 0.857355 0.094939
58.588676 0.84474699 5.989085 0.858745 0.094771
60.448634 0.84515031 5.989978 0.858911 0.095090
62.308592 0.84410724 5.989604 0.858208 0.095273
64.168550 0.84339796 5.989315 0.857795 0.095077
66.028508 0.84481653 5.989530 0.858542 0.095077
67.888466 0.84428804 5.988700 0.856407 0.095251
69.748424 0.84544237 5.989620 0.855842 0.095634
71.608382 0.84412115 5.989142 0.857963 0.095234
73.468340 0.84509468 5.988678 0.856926 0.095601
75.328298 0.84384300 5.989436 0.857944 0.095086
77.188256 0.84334232 5.989231 0.855268 0.095629
79.048214 0.84375955 5.988808 0.855981 0.095809
80.908172 0.84414896 5.988912 0.856895 0.095540
82.768130 0.84456619 5.988391 0.858139 0.095492
84.628088 0.84352312 5.988195 0.856894 0.095421
86.488046 0.84488607 5.988016 0.857656 0.095264
88.348004 0.84496951 5.989532 0.857631 0.094922
90.207962 0.84366220 5.990043 0.857728 0.094957
92.067919 0.84435758 5.989623 0.858153 0.095041
93.927877 0.84342577 5.988507 0.857405 0.095472
95.787835 0.84345359 5.988573 0.855120 0.095895
97.647793 0.84385691 5.988628 0.855034 0.096282
99.507751 0.84149262 5.988034 0.855159 0.096342
101.367709 0.84387081 5.988678 0.855272 0.096002
103.227667 0.84363438 5.988872 0.855233 0.095879
105.087625 0.84362048 5.988823 0.856131 0.095738
106.947583 0.84348140 5.989002 0.857807 0.095750
108.807541 0.84334232 5.988456 0.854840 0.096089
110.667499 0.84149262 5.987571 0.854042 0.096700
