# Layer profile at T = 0.340000
# input   = perfect_Sigma91_theta10.4174deg.dat
# seed    = 3000014
# n_samples = 1000
# Lx = 110.630549  Ly = 38.323546
# columns : x rho coord psi6 psi4
0.921921 0.85853075 5.997000 0.887994 0.084281
2.765764 0.85802128 5.996883 0.888056 0.083932
4.609606 0.85909682 5.996870 0.887976 0.084080
6.453449 0.85762503 5.996304 0.887082 0.084221
8.297291 0.85946476 5.995916 0.887288 0.084326
10.141134 0.85823356 5.996735 0.888712 0.083922
11.984976 0.85888454 5.996902 0.888252 0.084390
13.828819 0.85826186 5.996306 0.887750 0.084345
15.672661 0.85901191 5.996623 0.888026 0.084192
17.516504 0.85926664 5.997068 0.887631 0.084129
19.360346 0.85830432 5.996653 0.888428 0.084156
21.204189 0.85837508 5.996670 0.888828 0.083640
23.048031 0.85932325 5.996229 0.888327 0.083976
24.891874 0.85782316 5.996717 0.888577 0.083870
26.735716 0.85872887 5.996556 0.888947 0.083791
28.579558 0.85787977 5.997295 0.888505 0.084197
30.423401 0.85974780 5.996527 0.887616 0.084351
32.267243 0.85854490 5.996341 0.887763 0.084364
34.111086 0.85834677 5.996999 0.886974 0.084375
35.954928 0.85921003 5.997365 0.888196 0.083990
37.798771 0.85845999 5.997099 0.888223 0.084026
39.642613 0.85727124 5.996731 0.887794 0.083973
41.486456 0.85977610 5.997218 0.888195 0.084088
43.330298 0.85877133 5.996737 0.887164 0.084356
45.174141 0.85793637 5.996734 0.886935 0.084452
47.017983 0.85950722 5.996197 0.887181 0.084258
48.861826 0.85731369 5.996401 0.887662 0.084227
50.705668 0.85762503 5.996914 0.886962 0.084405
52.549511 0.85895530 5.996968 0.887501 0.084248
54.393353 0.85857320 5.996670 0.887187 0.084626
56.237196 0.85667687 5.996580 0.888096 0.084107
58.081038 0.86037048 5.996743 0.887370 0.084287
59.924881 0.85742691 5.996963 0.888015 0.084109
61.768723 0.85786561 5.996486 0.888231 0.084102
63.612566 0.85824771 5.996620 0.887652 0.084059
65.456408 0.85912512 5.997249 0.887883 0.084049
67.300251 0.85956383 5.997185 0.888362 0.083870
69.144093 0.85734200 5.996699 0.887855 0.083952
70.987936 0.85949307 5.996147 0.886412 0.084595
72.831778 0.85804959 5.996916 0.888091 0.083885
74.675621 0.85882793 5.996985 0.888679 0.083778
76.519463 0.85838923 5.997214 0.886670 0.084396
78.363306 0.85836093 5.997593 0.887282 0.084469
80.207148 0.85998838 5.997071 0.887324 0.084233
82.050990 0.85744106 5.996666 0.886623 0.084453
83.894833 0.85878548 5.997297 0.888609 0.084073
85.738675 0.85746936 5.997029 0.888166 0.083923
87.582518 0.85853075 5.996753 0.887708 0.084302
89.426360 0.85942231 5.996410 0.888191 0.083898
91.270203 0.85816280 5.997230 0.888432 0.083775
93.114045 0.85895530 5.996968 0.888176 0.084065
94.957888 0.85898360 5.996573 0.888524 0.083873
96.801730 0.85838923 5.997461 0.887965 0.083990
98.645573 0.85765334 5.996650 0.887476 0.084148
100.489415 0.85997423 5.996396 0.887804 0.084081
102.333258 0.85810619 5.996669 0.888102 0.084291
104.177100 0.85823356 5.996735 0.888439 0.083986
106.020943 0.85796468 5.996767 0.888871 0.083858
107.864785 0.85933740 5.996706 0.889350 0.083863
109.708628 0.85840338 5.997412 0.889002 0.083703
