# Layer profile at T = 0.440000
# input   = bicrystal_Sigma91_theta10.4174deg.dat
# seed    = 8000806
# n_samples = 1000
# Lx = 149.237970  Ly = 51.697549
# columns : x rho coord psi6 psi4
1.243650 0.47217731 6.143751 0.471307 0.182061
3.730949 0.47832878 6.161868 0.468123 0.184417
6.218249 0.48521126 6.170166 0.463820 0.184288
8.705548 0.47534248 6.141338 0.466169 0.184722
11.192848 0.46695129 6.056042 0.471607 0.188561
13.680147 0.46718460 6.087659 0.473651 0.184781
16.167447 0.47162516 6.160343 0.472215 0.181353
18.654746 0.49295697 6.237442 0.466055 0.178154
21.142046 0.52339544 6.339039 0.459814 0.172898
23.629345 0.53790698 6.428898 0.455526 0.169191
26.116645 0.53743260 6.445121 0.451638 0.169853
28.603944 0.53351308 6.429529 0.453489 0.170068
31.091244 0.53527064 6.448721 0.453021 0.168425
33.578543 0.53860690 6.458128 0.454277 0.166822
36.065843 0.53212103 6.403396 0.457561 0.170030
38.553142 0.52176231 6.341457 0.462251 0.171758
41.040442 0.51310671 6.288683 0.468685 0.174117
43.527741 0.49954394 6.250362 0.471066 0.174531
46.015041 0.47974416 6.142667 0.475821 0.181098
48.502340 0.44500511 6.026249 0.481526 0.188363
50.989640 0.40776970 5.997120 0.484275 0.190709
53.476939 0.38372378 5.935755 0.486658 0.195356
55.964239 0.37449270 5.885225 0.490226 0.198207
58.451538 0.35227433 5.854409 0.491119 0.200025
60.938838 0.33914706 5.808759 0.488317 0.201725
63.426137 0.34366539 5.824715 0.483617 0.202814
65.913437 0.37326396 5.922578 0.480329 0.197835
68.400736 0.40958948 6.009474 0.476648 0.193511
70.888036 0.44865244 6.106481 0.471722 0.186800
73.375335 0.47900536 6.209501 0.466849 0.180095
75.862635 0.49984723 6.286866 0.465570 0.175224
78.349934 0.51136470 6.335762 0.463257 0.171631
80.837233 0.51540865 6.335511 0.462708 0.172096
83.324533 0.51662183 6.330794 0.464568 0.171756
85.811832 0.52474083 6.368685 0.460181 0.171486
88.299132 0.53270429 6.394196 0.456506 0.170522
90.786431 0.53933792 6.430125 0.452444 0.170098
93.273731 0.54337409 6.471812 0.451037 0.168666
95.761030 0.54507721 6.485062 0.450640 0.169211
98.248330 0.54394957 6.470741 0.450850 0.169149
100.735629 0.53616498 6.403733 0.453845 0.170866
103.222929 0.51731397 6.328969 0.462108 0.173213
105.710228 0.49808190 6.255016 0.464576 0.176999
108.197528 0.47924644 6.185947 0.468345 0.180008
110.684827 0.46083093 6.094014 0.473693 0.183527
113.172127 0.44346530 5.995353 0.480876 0.188524
115.659426 0.41675970 5.821870 0.489502 0.197836
118.146726 0.38224618 5.716777 0.493812 0.205560
120.634025 0.37403386 5.651676 0.498003 0.209590
123.121325 0.37871551 5.675675 0.494330 0.207944
125.608624 0.40224816 5.765563 0.485532 0.206137
128.095924 0.42484760 5.903899 0.477813 0.199004
130.583223 0.43711164 5.954828 0.479162 0.192631
133.070523 0.43592956 5.957649 0.481626 0.190925
135.557822 0.44234544 6.001406 0.477759 0.189255
138.045122 0.46307844 6.058039 0.476118 0.186219
140.532421 0.48475243 6.171659 0.468497 0.181178
143.019721 0.49326804 6.202355 0.465488 0.180690
145.507020 0.48012522 6.160922 0.468823 0.183393
147.994320 0.47253505 6.135759 0.471589 0.182836
