# Layer profile at T = 0.400000
# input   = perfect_Sigma91_theta10.4174deg.dat
# seed    = 6000023
# n_samples = 1000
# Lx = 118.878046  Ly = 41.180563
# columns : x rho coord psi6 psi4
0.990650 0.74316946 5.941223 0.811500 0.112909
2.971951 0.74339007 5.938322 0.811936 0.113362
4.953252 0.74222573 5.938556 0.813086 0.112988
6.934553 0.74445636 5.942000 0.810319 0.112660
8.915853 0.74258116 5.941705 0.811437 0.112524
10.897154 0.74191932 5.940298 0.810964 0.112614
12.878455 0.74229927 5.941881 0.812516 0.112634
14.859756 0.74391709 5.937740 0.811711 0.113489
16.841057 0.74272823 5.940033 0.811580 0.113138
18.822357 0.74369648 5.940029 0.812018 0.112338
20.803658 0.74275275 5.942543 0.810698 0.112340
22.784959 0.74164968 5.939367 0.811545 0.112803
24.766260 0.74092657 5.938481 0.809816 0.113527
26.747560 0.74103687 5.937018 0.810556 0.113150
28.728861 0.74175999 5.933279 0.809352 0.113934
30.710162 0.74222573 5.934213 0.809359 0.114010
32.691463 0.74131877 5.936794 0.809080 0.113770
34.672763 0.74093882 5.932147 0.809495 0.114386
36.654064 0.74030150 5.930416 0.807711 0.114497
38.635365 0.74057114 5.932858 0.809955 0.113683
40.616666 0.74180902 5.938720 0.810895 0.113324
42.597967 0.74248311 5.943315 0.811669 0.112593
44.579267 0.74445636 5.946988 0.815556 0.111207
46.560568 0.74478728 5.949118 0.815360 0.110953
48.541869 0.74441960 5.950048 0.814648 0.110895
50.523170 0.74334105 5.949068 0.815376 0.111318
52.504470 0.74419898 5.952586 0.817998 0.110615
54.485771 0.74592711 5.956655 0.818986 0.109342
56.467072 0.74549814 5.954214 0.818395 0.109593
58.448373 0.74434606 5.955180 0.816560 0.109836
60.429674 0.74602516 5.952866 0.814635 0.110828
62.410974 0.74505692 5.953923 0.816371 0.110810
64.392275 0.74411319 5.949945 0.815295 0.111227
66.373576 0.74524076 5.956435 0.816750 0.109691
68.354877 0.74737335 5.959806 0.817005 0.109556
70.336177 0.74468923 5.958756 0.816966 0.110149
72.317478 0.74720176 5.957713 0.817997 0.109918
74.298779 0.74646639 5.959347 0.817494 0.109320
76.280080 0.74608644 5.956599 0.820337 0.109225
78.261380 0.74593937 5.955818 0.820743 0.109151
80.242681 0.74700566 5.960656 0.821913 0.108576
82.223982 0.74701792 5.964200 0.822650 0.107931
84.205283 0.74685859 5.962190 0.820736 0.108441
86.186584 0.74627029 5.961931 0.821454 0.108265
88.167884 0.74609870 5.958341 0.819748 0.109223
90.149185 0.74495887 5.955447 0.817353 0.110308
92.130486 0.74450539 5.951552 0.816531 0.110541
94.111787 0.74582906 5.951900 0.816782 0.110710
96.093087 0.74222573 5.943774 0.812521 0.111974
98.074388 0.74253213 5.938928 0.809921 0.113339
100.055689 0.74188255 5.934645 0.809359 0.114120
102.036990 0.74086529 5.931412 0.807932 0.114834
104.018290 0.74085303 5.931692 0.809551 0.114491
105.999591 0.74168645 5.934975 0.810881 0.113547
107.980892 0.74249537 5.940410 0.811783 0.113014
109.962193 0.74319397 5.937399 0.811423 0.113248
111.943494 0.74043632 5.932862 0.812695 0.113352
113.924794 0.74050985 5.932323 0.811941 0.113888
115.906095 0.74269147 5.932785 0.808579 0.114699
117.887396 0.74147810 5.939981 0.809831 0.112893
