# Layer profile at T = 0.420000
# input   = bicrystal_Sigma91_theta10.4174deg.dat
# seed    = 7000803
# n_samples = 1000
# Lx = 122.787625  Ly = 42.534881
# columns : x rho coord psi6 psi4
1.023230 0.69186447 5.651800 0.587133 0.189650
3.069691 0.69896417 5.657441 0.590988 0.189376
5.116151 0.70284718 5.677967 0.592637 0.187729
7.162611 0.70462785 5.693862 0.594429 0.185108
9.209072 0.70718971 5.700770 0.594898 0.184131
11.255532 0.70838448 5.701258 0.596463 0.183991
13.301993 0.70490356 5.698871 0.600278 0.182777
15.348453 0.70196259 5.688722 0.598516 0.184489
17.394913 0.70307694 5.691748 0.597499 0.184544
19.441374 0.70671869 5.693743 0.595899 0.184368
21.487834 0.70329522 5.694049 0.598459 0.184735
23.534295 0.70200854 5.695239 0.596895 0.184634
25.580755 0.70099758 5.695964 0.597390 0.183547
27.627216 0.69963048 5.687652 0.597868 0.184887
29.673676 0.69804511 5.684573 0.595803 0.184928
31.720136 0.70529416 5.693173 0.595522 0.185024
33.766597 0.70743096 5.695903 0.596662 0.184442
35.813057 0.70513333 5.690741 0.599617 0.184265
37.859518 0.70235318 5.679000 0.598435 0.184976
39.905978 0.70069889 5.684423 0.598344 0.184483
41.952438 0.70424873 5.694512 0.597689 0.183631
43.998899 0.70223830 5.680076 0.593959 0.186219
46.045359 0.69691927 5.659023 0.593251 0.188884
48.091820 0.69896417 5.670294 0.594411 0.187038
50.138280 0.70265188 5.673741 0.591518 0.187321
52.184740 0.69891822 5.659670 0.593247 0.187993
54.231201 0.69449527 5.649496 0.593933 0.189296
56.277661 0.69057779 5.642584 0.594353 0.189588
58.324122 0.68755640 5.648733 0.595225 0.189217
60.370582 0.68728069 5.625140 0.596153 0.191546
62.417043 0.68693604 5.617058 0.590761 0.192333
64.463503 0.68622377 5.611136 0.591288 0.192606
66.509963 0.68217993 5.630892 0.592202 0.190725
68.556424 0.67850371 5.634513 0.595110 0.190118
70.602884 0.67424159 5.639922 0.595381 0.190110
72.649345 0.66842857 5.609188 0.595927 0.191785
74.695805 0.66335080 5.579041 0.591635 0.195851
76.742265 0.66338526 5.590302 0.595735 0.194588
78.788726 0.67823948 5.600359 0.592143 0.193612
80.835186 0.68667181 5.613782 0.592571 0.191846
82.881647 0.69038250 5.633081 0.592807 0.189868
84.928107 0.68746450 5.614813 0.596520 0.191060
86.974567 0.67887133 5.609209 0.598247 0.190651
89.021028 0.67403481 5.604428 0.596127 0.191455
91.067488 0.67945723 5.609732 0.596682 0.191266
93.113949 0.68846397 5.635646 0.595837 0.190211
95.160409 0.69487438 5.643686 0.592064 0.190043
97.206869 0.69953858 5.671977 0.591191 0.187310
99.253330 0.70224979 5.683222 0.592056 0.186445
101.299790 0.70519077 5.686775 0.593329 0.185930
103.346251 0.70314587 5.690668 0.594115 0.185519
105.392711 0.70208896 5.683100 0.594934 0.186041
107.439172 0.70257146 5.669893 0.592718 0.187227
109.485632 0.69451824 5.676586 0.594232 0.186410
111.532092 0.68921070 5.680646 0.595246 0.185542
113.578553 0.68950939 5.684183 0.596798 0.185282
115.625013 0.69457568 5.682765 0.595236 0.185468
117.671474 0.70612131 5.696282 0.595015 0.185248
119.717934 0.70790198 5.693963 0.594315 0.184982
121.764394 0.70152604 5.681487 0.591398 0.187529
