# Layer profile at T = 0.420000
# input   = perfect_Sigma91_theta10.4174deg.dat
# seed    = 7000026
# n_samples = 1000
# Lx = 123.796168  Ly = 42.884251
# columns : x rho coord psi6 psi4
1.031635 0.68585883 5.654072 0.598234 0.187832
3.094904 0.68919285 5.668175 0.595974 0.186591
5.158174 0.69155492 5.671139 0.594218 0.187296
7.221443 0.69186007 5.669912 0.597046 0.187312
9.284713 0.69010829 5.680505 0.593812 0.186315
11.347982 0.69008569 5.676646 0.598373 0.186084
13.411252 0.68788185 5.682428 0.599488 0.184331
15.474521 0.69162273 5.682283 0.600760 0.183600
17.537791 0.68078434 5.650796 0.598584 0.187619
19.601060 0.66548175 5.626225 0.600391 0.188850
21.664329 0.65545709 5.612387 0.599337 0.191421
23.727599 0.64691295 5.570947 0.598392 0.194806
25.790868 0.65284638 5.565723 0.599119 0.195321
27.854138 0.66924524 5.595599 0.596130 0.193559
29.917407 0.68066002 5.628765 0.597998 0.189971
31.980677 0.68502250 5.651802 0.599260 0.187629
34.043946 0.68970143 5.654934 0.599945 0.187992
36.107216 0.69527320 5.690405 0.596976 0.184853
38.170485 0.69408651 5.698033 0.596123 0.184106
40.233755 0.69619994 5.684924 0.597388 0.186152
42.297024 0.69494545 5.699707 0.600986 0.183007
44.360294 0.69634687 5.707842 0.598598 0.182784
46.423563 0.69416563 5.689113 0.600067 0.184591
48.486833 0.69166794 5.668497 0.596415 0.186384
50.550102 0.69202959 5.683319 0.596632 0.186140
52.613372 0.69237995 5.685683 0.597852 0.185046
54.676641 0.68995007 5.674846 0.597992 0.185912
56.739910 0.68605096 5.669374 0.600079 0.185793
58.803180 0.68540676 5.663045 0.598485 0.187128
60.866449 0.67920209 5.636937 0.602058 0.187972
62.929719 0.67756334 5.637110 0.600907 0.188584
64.992988 0.67907777 5.647256 0.599084 0.187605
67.056258 0.68334984 5.656969 0.601995 0.187319
69.119527 0.68458173 5.663381 0.600028 0.186534
71.182797 0.68888770 5.668717 0.599847 0.186766
73.246066 0.69063948 5.679278 0.597818 0.186118
75.309336 0.69378137 5.680209 0.599324 0.185927
77.372605 0.69217652 5.691959 0.598227 0.185373
79.435875 0.68947540 5.674573 0.593287 0.187512
81.499144 0.68732806 5.670268 0.594847 0.187700
83.562414 0.68919285 5.673784 0.595408 0.187349
85.625683 0.68086345 5.637408 0.596649 0.189736
87.688953 0.67295222 5.597743 0.594530 0.193753
89.752222 0.67009287 5.615034 0.597071 0.190824
91.815491 0.67550642 5.611477 0.597074 0.192021
93.878761 0.67851268 5.621344 0.597331 0.191597
95.942030 0.68077304 5.635517 0.595257 0.190246
98.005300 0.68321422 5.640078 0.596163 0.189353
100.068569 0.68945279 5.658776 0.596967 0.188918
102.131839 0.69568006 5.692616 0.594264 0.185666
104.195108 0.69969219 5.703860 0.597577 0.184037
106.258378 0.69619994 5.690362 0.598438 0.184712
108.321647 0.69094462 5.685177 0.597029 0.185435
110.384917 0.69046995 5.681491 0.598679 0.186188
112.448186 0.69086551 5.680005 0.597960 0.185136
114.511456 0.69079770 5.685241 0.596883 0.186061
116.574725 0.69338581 5.699896 0.596716 0.184062
118.637995 0.69617734 5.697528 0.598194 0.183871
120.701264 0.68759930 5.675148 0.596244 0.186264
122.764534 0.68720374 5.659732 0.597928 0.187028
