# Layer profile at T = 0.320000
# input   = bicrystal_Sigma91_theta10.4174deg.dat
# seed    = 2000788
# n_samples = 1000
# Lx = 110.370506  Ly = 38.233465
# columns : x rho coord psi6 psi4
0.919754 0.84402589 5.906807 0.850985 0.108336
2.759263 0.84510650 5.919696 0.859384 0.103485
4.598771 0.85426323 5.948053 0.873410 0.095241
6.438280 0.85966627 5.979888 0.888272 0.086418
8.277788 0.86142937 5.993002 0.896116 0.081814
10.117296 0.86196967 5.996256 0.898004 0.080847
11.956805 0.86442948 5.998964 0.899787 0.079997
13.796313 0.86344840 5.998600 0.900471 0.079469
15.635822 0.86359059 5.998370 0.899874 0.079564
17.475330 0.86448635 5.998586 0.899233 0.079641
19.314839 0.86241045 5.998731 0.899485 0.079696
21.154347 0.86376121 5.998502 0.899096 0.079620
22.993855 0.86437260 5.998618 0.900433 0.079306
24.833364 0.86474229 5.998471 0.900524 0.079168
26.672872 0.86353371 5.998732 0.900210 0.079286
28.512381 0.86405980 5.998716 0.900003 0.079424
30.351889 0.86414511 5.998766 0.899872 0.079292
32.191398 0.86255263 5.998335 0.899736 0.079412
34.030906 0.86386074 5.998058 0.899823 0.079587
35.870414 0.86273747 5.998352 0.899862 0.079634
37.709923 0.86431573 5.998783 0.900213 0.079552
39.549431 0.86339153 5.998814 0.899636 0.079373
41.388940 0.86383230 5.998650 0.900237 0.079507
43.228448 0.86452901 5.998618 0.899714 0.079224
45.067957 0.86427307 5.998454 0.899796 0.080001
46.907465 0.86414511 5.997943 0.899371 0.079996
48.746973 0.86167108 5.996782 0.897882 0.081041
50.586482 0.85941034 5.985904 0.892830 0.084258
52.425990 0.85525853 5.958139 0.877550 0.092895
54.265499 0.84965643 5.921800 0.861177 0.102651
56.105007 0.84635773 5.926081 0.863315 0.101710
57.944516 0.85221576 5.944725 0.872387 0.096413
59.784024 0.85282716 5.944965 0.871220 0.096790
61.623532 0.85140531 5.934419 0.865069 0.100488
63.463041 0.84665632 5.938636 0.866916 0.099292
65.302549 0.85656663 5.951679 0.873910 0.094578
67.142058 0.85665194 5.976000 0.886578 0.087314
68.981566 0.86238201 5.991443 0.894601 0.082503
70.821075 0.86253841 5.997082 0.897899 0.080412
72.660583 0.86273747 5.998517 0.898175 0.080222
74.500091 0.86398870 5.998519 0.899987 0.079574
76.339600 0.86300763 5.998649 0.899960 0.079476
78.179108 0.86278013 5.998813 0.899799 0.079468
80.018617 0.86434417 5.998865 0.899288 0.079730
81.858125 0.86388917 5.998469 0.899427 0.079628
83.697634 0.86324934 5.998880 0.900224 0.079466
85.537142 0.86499822 5.998784 0.899698 0.079684
87.376650 0.86377543 5.998551 0.899667 0.079454
89.216159 0.86340574 5.998271 0.899887 0.079891
91.055667 0.86320669 5.998402 0.899177 0.079848
92.895176 0.86282279 5.994216 0.898002 0.080614
94.734684 0.86003595 5.978888 0.897943 0.082399
96.574193 0.86111656 5.978584 0.897855 0.082576
98.413701 0.86239623 5.988162 0.898143 0.081363
100.253209 0.86155734 5.991732 0.897448 0.081198
102.092718 0.86084641 5.979536 0.891431 0.085319
103.932226 0.85535806 5.953905 0.878423 0.092668
105.771735 0.84836254 5.936798 0.867534 0.098867
107.611243 0.84823458 5.928340 0.860624 0.102726
109.450752 0.84802130 5.916317 0.853373 0.106102
