# Layer profile at T = 0.360000
# input   = bicrystal_Sigma91_theta10.4174deg.dat
# seed    = 4000794
# n_samples = 1000
# Lx = 111.415373  Ly = 38.595417
# columns : x rho coord psi6 psi4
0.928461 0.84259920 5.949874 0.856286 0.100197
2.785384 0.84118993 5.943255 0.853307 0.101755
4.642307 0.84058995 5.937288 0.849321 0.103077
6.499230 0.83680866 5.931286 0.844801 0.105623
8.356153 0.83669704 5.925823 0.841726 0.106345
10.213076 0.83772957 5.931445 0.841687 0.105798
12.069999 0.83814816 5.936506 0.843140 0.105615
13.926922 0.83643193 5.934558 0.840711 0.106511
15.783844 0.83722726 5.919204 0.835460 0.110120
17.640767 0.83170183 5.899945 0.827712 0.114233
19.497690 0.83139486 5.900646 0.831645 0.112987
21.354613 0.83546917 5.925263 0.840910 0.106870
23.211536 0.84338057 5.953180 0.853465 0.100238
25.068459 0.84603166 5.971946 0.861619 0.095768
26.925382 0.84724557 5.985689 0.866521 0.092987
28.782305 0.84850135 5.990972 0.869096 0.091646
30.639227 0.85044083 5.989631 0.869910 0.091282
32.496150 0.84852926 5.986697 0.870343 0.091413
34.353073 0.84840368 5.982041 0.870639 0.091591
36.209996 0.84811067 5.983318 0.869639 0.091642
38.066919 0.84945016 5.987910 0.869912 0.091275
39.923842 0.84795718 5.984318 0.868474 0.092459
41.780765 0.84677117 5.975777 0.864360 0.094390
43.637688 0.84538981 5.966479 0.859051 0.096888
45.494610 0.84646420 5.963933 0.859614 0.097188
47.351533 0.84357591 5.963975 0.861037 0.096459
49.208456 0.84592003 5.959374 0.859049 0.097742
51.065379 0.84142714 5.949605 0.853656 0.100449
52.922302 0.83888767 5.936895 0.847906 0.103987
54.779225 0.83788305 5.925379 0.842443 0.106759
56.636148 0.83498081 5.914558 0.839173 0.109080
58.493071 0.83320877 5.900511 0.830685 0.113609
60.349993 0.82977631 5.888463 0.823624 0.116370
62.206916 0.83154835 5.889221 0.819473 0.118034
64.063839 0.83193903 5.904736 0.827744 0.113258
65.920762 0.83973881 5.932140 0.842614 0.105650
67.777685 0.84185968 5.951918 0.853717 0.100674
69.634608 0.84384102 5.965524 0.861872 0.096643
71.491531 0.84692465 5.978467 0.866990 0.093550
73.348454 0.85056641 5.988386 0.869888 0.091435
75.205376 0.85037107 5.991550 0.871802 0.090562
77.062299 0.85000829 5.991760 0.871414 0.090593
78.919222 0.85044083 5.992486 0.871844 0.090001
80.776145 0.85006410 5.992991 0.873498 0.089843
82.633068 0.85049664 5.993667 0.873560 0.089325
84.489991 0.84932458 5.993971 0.871911 0.089927
86.346914 0.85116639 5.994869 0.871808 0.089779
88.203837 0.85172452 5.990089 0.871392 0.090729
90.060759 0.84649211 5.982313 0.870466 0.091720
91.917682 0.84943621 5.985890 0.870801 0.091326
93.774605 0.84878041 5.984268 0.870599 0.091584
95.631528 0.84872460 5.983642 0.870479 0.091566
97.488451 0.85053850 5.989025 0.872082 0.090521
99.345374 0.84798509 5.987544 0.870155 0.091437
101.202297 0.84801299 5.980272 0.869186 0.092066
103.059220 0.84696651 5.972323 0.868813 0.093082
104.916142 0.84499913 5.966909 0.867348 0.094633
106.773065 0.84508285 5.970462 0.863844 0.095065
108.629988 0.84558516 5.963813 0.861144 0.096647
110.486911 0.84086901 5.953239 0.857057 0.099294
