# Layer profile at T = 0.440000
# input   = perfect_Sigma91_theta10.4174deg.dat
# seed    = 8000029
# n_samples = 1000
# Lx = 150.618745  Ly = 52.175864
# columns : x rho coord psi6 psi4
1.255156 0.44486192 6.053049 0.481311 0.186885
3.765469 0.43537176 5.993880 0.483413 0.188497
6.275781 0.42356822 5.907693 0.488907 0.194162
8.786093 0.41019190 5.883557 0.488133 0.197246
11.296406 0.41221515 5.867941 0.488000 0.198323
13.806718 0.42934020 5.919462 0.483847 0.195374
16.317031 0.44816783 6.022300 0.475705 0.190097
18.827343 0.47752397 6.178432 0.467166 0.183291
21.337656 0.49613782 6.252728 0.465329 0.178594
23.847968 0.49545831 6.226061 0.465516 0.180075
26.358280 0.47562288 6.163815 0.467747 0.184890
28.868593 0.45101564 6.097591 0.469663 0.189741
31.378905 0.41830015 6.063499 0.469713 0.191720
33.889218 0.40261046 5.997724 0.473889 0.195935
36.399530 0.39124975 5.864045 0.484067 0.202899
38.909843 0.39331117 5.855848 0.487988 0.201559
41.420155 0.41173415 5.934895 0.485124 0.195107
43.930467 0.43068394 5.964155 0.482265 0.192434
46.440780 0.44964136 5.989795 0.483075 0.189856
48.951092 0.47950904 6.124512 0.474925 0.182467
51.461405 0.50536076 6.248840 0.467211 0.177363
53.971717 0.51651533 6.347721 0.460231 0.173122
56.482030 0.52069925 6.385029 0.457528 0.172052
58.992342 0.51869891 6.390812 0.457589 0.172511
61.502654 0.51788197 6.366440 0.459266 0.172736
64.012967 0.50628458 6.261265 0.462814 0.177760
66.523279 0.47406536 6.099304 0.473810 0.185590
69.033592 0.42620226 5.965176 0.483883 0.193963
71.543904 0.39985427 5.854082 0.489341 0.199565
74.054216 0.37994248 5.769191 0.493263 0.204691
76.564529 0.37582728 5.787263 0.494288 0.201095
79.074841 0.38866152 5.877755 0.490191 0.195844
81.585154 0.40981016 5.947127 0.488705 0.191845
84.095466 0.44851903 5.980152 0.486634 0.189217
86.605779 0.47624130 6.040432 0.481845 0.184232
89.116091 0.48464731 6.186521 0.472049 0.179202
91.626403 0.49036584 6.216280 0.470433 0.178791
94.136716 0.49968041 6.240194 0.463443 0.178760
96.647028 0.49209133 6.234853 0.465826 0.181027
99.157341 0.47736363 6.226697 0.468479 0.180579
101.667653 0.48123452 6.243388 0.469864 0.177406
104.177966 0.49205315 6.260908 0.470461 0.176111
106.688278 0.49222112 6.249620 0.472567 0.175482
109.198590 0.49132784 6.255621 0.473038 0.175264
111.708903 0.49898563 6.283539 0.470888 0.173326
114.219215 0.50044389 6.283384 0.468780 0.175103
116.729528 0.49676388 6.260309 0.468730 0.176207
119.239840 0.50020721 6.297103 0.468660 0.174252
121.750153 0.49431308 6.275408 0.468788 0.175955
124.260465 0.48917480 6.207551 0.470907 0.177976
126.770777 0.49590877 6.194494 0.473948 0.177587
129.281090 0.48756384 6.225681 0.475038 0.175862
131.791402 0.47581375 6.210635 0.474037 0.177594
134.301715 0.46508674 6.180166 0.473648 0.181488
136.812027 0.45822297 6.200193 0.471452 0.181944
139.322339 0.46325436 6.275875 0.466855 0.179294
141.832652 0.47851650 6.285297 0.464328 0.177568
144.342964 0.49056435 6.264501 0.463630 0.179761
146.853277 0.48826625 6.215865 0.465860 0.182037
149.363589 0.46583495 6.160340 0.470839 0.182730
