# Layer profile at T = 0.360000
# input   = perfect_Sigma91_theta10.4174deg.dat
# seed    = 4000017
# n_samples = 1000
# Lx = 111.087297  Ly = 38.481769
# columns : x rho coord psi6 psi4
0.925727 0.85079762 5.993698 0.872431 0.089771
2.777182 0.85130290 5.993603 0.873481 0.090002
4.628637 0.85258014 5.993431 0.873266 0.089848
6.480092 0.85002566 5.993081 0.873392 0.089457
8.331547 0.85186432 5.993162 0.872916 0.089382
10.183002 0.85165379 5.993309 0.873094 0.089831
12.034457 0.85088183 5.993616 0.873582 0.089739
13.885912 0.85232750 5.993841 0.873495 0.089607
15.737367 0.85158361 5.993737 0.873867 0.089246
17.588822 0.85189240 5.993920 0.873060 0.089471
19.440277 0.85144326 5.993571 0.872803 0.089639
21.291732 0.84964670 5.993392 0.872463 0.089880
23.143187 0.85124676 5.994130 0.873752 0.089190
24.994642 0.85137308 5.993983 0.873489 0.089543
26.846097 0.85169590 5.994397 0.873105 0.089597
28.697552 0.85190643 5.993789 0.873160 0.089750
30.549007 0.85253803 5.993283 0.872293 0.090028
32.400462 0.85096604 5.993435 0.872643 0.089848
34.251917 0.85065726 5.993301 0.872398 0.090080
36.103372 0.85102219 5.993452 0.871031 0.090355
37.954827 0.85099412 5.993040 0.871997 0.089750
39.806282 0.85213100 5.993230 0.873009 0.090148
41.657736 0.85013794 5.993033 0.872544 0.089665
43.509191 0.85121869 5.993569 0.873085 0.089680
45.360646 0.85074147 5.993995 0.872524 0.089852
47.212101 0.85339421 5.993717 0.873273 0.089496
49.063556 0.85081165 5.994342 0.873319 0.089491
50.915011 0.85182222 5.994612 0.874211 0.089189
52.766466 0.85162572 5.993375 0.873867 0.089593
54.617921 0.85200468 5.993822 0.873372 0.089596
56.469376 0.85162572 5.994298 0.873853 0.089486
58.320831 0.85207486 5.993905 0.873428 0.089612
60.172286 0.85003969 5.994353 0.874155 0.089017
62.023741 0.85234154 5.993841 0.873284 0.089528
63.875196 0.85127483 5.994279 0.873929 0.089203
65.726651 0.85224329 5.994368 0.874668 0.089322
67.578106 0.85186432 5.993706 0.873709 0.089194
69.429561 0.85124676 5.993652 0.872386 0.089974
71.281016 0.85128886 5.993553 0.872756 0.089689
73.132471 0.85168186 5.994693 0.873762 0.089548
74.983926 0.85092394 5.994210 0.873986 0.089393
76.835381 0.85180818 5.993986 0.874035 0.089395
78.686836 0.85106429 5.994261 0.872947 0.089625
80.538291 0.85194854 5.994201 0.874238 0.089318
82.389745 0.85295910 5.994241 0.874321 0.089072
84.241200 0.85095201 5.993914 0.874402 0.089283
86.092655 0.85370299 5.994229 0.874651 0.089479
87.944110 0.85001162 5.994799 0.874618 0.089198
89.795565 0.85373106 5.993868 0.873868 0.089155
91.647020 0.85134501 5.994015 0.872560 0.089488
93.498475 0.85163975 5.994660 0.874469 0.088971
95.349930 0.85098008 5.993683 0.872172 0.089936
97.201385 0.85076955 5.993978 0.873540 0.089505
99.052840 0.85284682 5.994898 0.873972 0.089367
100.904295 0.84988530 5.994203 0.873261 0.089598
102.755750 0.85082569 5.994144 0.873665 0.089599
104.607205 0.85236961 5.993660 0.872299 0.089921
106.458660 0.85043269 5.993283 0.872005 0.090107
108.310115 0.85192047 5.994003 0.872722 0.089591
110.161570 0.85159765 5.993671 0.872991 0.089572
