# Layer profile at T = 0.300000
# input   = bicrystal_Sigma91_theta10.4174deg.dat
# seed    = 1000785
# n_samples = 1000
# Lx = 109.931335  Ly = 38.081332
# columns : x rho coord psi6 psi4
0.916094 0.86729393 5.988911 0.903256 0.079626
2.748283 0.86887049 5.997163 0.908667 0.076357
4.580472 0.87031805 5.998930 0.910107 0.075562
6.412661 0.86899948 5.999340 0.911206 0.075163
8.244850 0.87007440 5.999209 0.911830 0.074732
10.077039 0.86993108 5.999259 0.911440 0.075032
11.909228 0.87061903 5.999012 0.910568 0.075179
13.741417 0.87007440 5.999259 0.911516 0.074660
15.573606 0.86960144 5.999341 0.910617 0.075182
17.405795 0.86973043 5.999225 0.910241 0.075288
19.237984 0.87053304 5.999309 0.911295 0.075063
21.070173 0.86960144 5.999374 0.911477 0.074613
22.902362 0.86922880 5.999307 0.910840 0.074809
24.734550 0.87021773 5.999308 0.910138 0.075286
26.566739 0.87030372 5.999144 0.911065 0.075008
28.398928 0.87073369 5.999407 0.911461 0.074917
30.231117 0.86937212 5.999192 0.910995 0.074851
32.063306 0.87000274 5.999127 0.910172 0.075280
33.895495 0.86967310 5.999291 0.910063 0.075578
35.727684 0.87007440 5.999193 0.910581 0.075465
37.559873 0.86942945 5.999027 0.910799 0.075215
39.392062 0.86829719 5.996105 0.907669 0.076939
41.224251 0.86570304 5.980448 0.898809 0.082047
43.056440 0.86318054 5.960731 0.887781 0.088960
44.888629 0.85776291 5.945245 0.879030 0.094776
46.720817 0.84876219 5.913357 0.863025 0.104140
48.553006 0.85028142 5.898325 0.856089 0.108744
50.385195 0.85589970 5.932081 0.871377 0.099052
52.217384 0.85998443 5.965552 0.890371 0.087832
54.049573 0.86406915 5.983347 0.901938 0.080906
55.881762 0.86997408 5.994366 0.907233 0.077349
57.713951 0.86945811 5.998137 0.909563 0.075702
59.546140 0.86967310 5.999127 0.910648 0.075098
61.378329 0.86892782 5.999126 0.910379 0.075435
63.210518 0.87104901 5.999260 0.910964 0.074787
65.042707 0.87000274 5.999259 0.911605 0.074863
66.874896 0.86866983 5.999505 0.911190 0.075012
68.707085 0.87114933 5.999293 0.910662 0.074848
70.539273 0.86932912 5.999242 0.910715 0.075066
72.371462 0.87079102 5.999358 0.911205 0.074751
74.203651 0.86981642 5.999390 0.910898 0.075064
76.035840 0.86983075 5.999440 0.910784 0.074949
77.868029 0.87008874 5.999176 0.911383 0.074717
79.700218 0.86967310 5.999506 0.911599 0.074752
81.532407 0.87117800 5.999506 0.910708 0.074986
83.364596 0.86915713 5.999324 0.910335 0.075334
85.196785 0.86920013 5.999274 0.910161 0.075267
87.028974 0.86965877 5.999456 0.910717 0.075301
88.861163 0.86980209 5.999077 0.910201 0.075304
90.693352 0.86954411 5.999242 0.910307 0.075513
92.525540 0.86968743 5.999357 0.910645 0.075322
94.357729 0.86844052 5.999439 0.911090 0.075263
96.189918 0.87140731 5.998339 0.909898 0.075862
98.022107 0.86766657 5.993938 0.905621 0.078103
99.854296 0.85883784 5.967024 0.890701 0.087640
101.686485 0.84770160 5.901650 0.856615 0.107983
103.518674 0.84725729 5.868764 0.840553 0.118156
105.350863 0.85234528 5.914461 0.860519 0.105185
107.183052 0.85694597 5.959308 0.886094 0.090266
109.015241 0.86190496 5.975772 0.896606 0.083828
