# Layer profile at T = 0.300000
# input   = perfect_Sigma91_theta10.4174deg.dat
# seed    = 1000008
# n_samples = 1000
# Lx = 109.884961  Ly = 38.065267
# columns : x rho coord psi6 psi4
0.915708 0.86881507 5.999257 0.911933 0.074818
2.747124 0.87141142 5.999490 0.911697 0.074781
4.578540 0.87004870 5.999555 0.911452 0.074744
6.409956 0.87047903 5.999390 0.911407 0.074625
8.241372 0.87073723 5.999259 0.911244 0.074684
10.072788 0.86940320 5.999274 0.911005 0.075257
11.904204 0.86970443 5.999109 0.911406 0.074723
13.735620 0.86973312 5.999159 0.912033 0.074634
15.567036 0.87072289 5.999440 0.910922 0.075065
17.398452 0.86977615 5.999340 0.911286 0.075097
19.229868 0.87023518 5.999341 0.911017 0.075178
21.061284 0.87057944 5.999357 0.910983 0.074851
22.892700 0.86977615 5.999456 0.912136 0.074436
24.724116 0.87039296 5.999407 0.911293 0.074684
26.555532 0.87007739 5.999192 0.911473 0.074970
28.386948 0.87103846 5.999374 0.912300 0.074550
30.218364 0.87066551 5.999506 0.911682 0.074472
32.049780 0.87046469 5.999291 0.911876 0.074838
33.881196 0.87065116 5.999440 0.912167 0.074578
35.712612 0.87102412 5.999341 0.911693 0.074774
37.544028 0.86964705 5.999225 0.911192 0.074723
39.375444 0.86944623 5.999142 0.912115 0.074870
41.206860 0.87045034 5.999225 0.911190 0.074891
43.038276 0.87062248 5.999292 0.910434 0.075192
44.869692 0.87133970 5.999391 0.911129 0.074786
46.701108 0.86908762 5.999373 0.912009 0.074696
48.532524 0.87085199 5.999423 0.911733 0.074631
50.363940 0.86930279 5.999439 0.911830 0.074888
52.195356 0.86930279 5.999241 0.911434 0.074824
54.026772 0.86958967 5.999439 0.911359 0.074615
55.858188 0.86969009 5.999390 0.910763 0.074780
57.689604 0.86923106 5.999224 0.911436 0.074666
59.521020 0.87067985 5.999259 0.910970 0.074934
61.352436 0.87095240 5.999407 0.911550 0.074789
63.183852 0.87066551 5.999292 0.911178 0.075014
65.015268 0.86904459 5.999125 0.910934 0.074967
66.846684 0.87029255 5.999077 0.911138 0.075180
68.678100 0.86984787 5.999225 0.910820 0.075067
70.509516 0.86897286 5.999026 0.910958 0.074968
72.340932 0.87133970 5.999226 0.911447 0.075042
74.172348 0.86993394 5.999258 0.911132 0.075128
76.003764 0.86981919 5.999258 0.910973 0.075131
77.835180 0.86930279 5.999241 0.911087 0.074931
79.666596 0.87092371 5.999292 0.911627 0.074420
81.498012 0.87194217 5.999309 0.911690 0.074640
83.329428 0.86976181 5.999390 0.910607 0.075239
85.160844 0.87042165 5.999324 0.911746 0.074748
86.992260 0.86880073 5.999224 0.911440 0.075009
88.823676 0.87123929 5.999012 0.911021 0.074849
90.655092 0.87108150 5.999490 0.911480 0.074655
92.486508 0.87019214 5.999291 0.911801 0.074725
94.317924 0.87000566 5.999340 0.911956 0.074494
96.149340 0.87095240 5.999489 0.911201 0.075058
97.980756 0.87006304 5.999505 0.911903 0.074747
99.812172 0.87033559 5.999374 0.911559 0.074766
101.643589 0.87083764 5.999572 0.912039 0.074392
103.475005 0.87066551 5.999489 0.911956 0.074623
105.306421 0.86969009 5.999538 0.911584 0.074803
107.137837 0.87075158 5.999374 0.911539 0.075030
108.969253 0.87100978 5.999358 0.912197 0.074491
