# Layer profile at T = 0.280000
# input   = bicrystal_Sigma91_theta10.4174deg.dat
# seed    = 782
# n_samples = 1000
# Lx = 109.580342  Ly = 37.959744
# columns : x rho coord psi6 psi4
0.913170 0.85354466 5.931541 0.880262 0.096977
2.739509 0.84370727 5.890874 0.862400 0.108666
4.565848 0.85779983 5.897762 0.865161 0.106195
6.392187 0.86909407 5.958159 0.896223 0.086997
8.218526 0.87314731 5.991492 0.913121 0.075934
10.044865 0.87420028 5.999142 0.919103 0.072150
11.871204 0.87626296 5.999687 0.920458 0.071208
13.697543 0.87557059 5.999572 0.920446 0.070988
15.523882 0.87551290 5.999720 0.920767 0.070937
17.350221 0.87529653 5.999670 0.920501 0.070654
19.176560 0.87574368 5.999654 0.920399 0.070909
21.002899 0.87593120 5.999704 0.920734 0.070980
22.829238 0.87639278 5.999819 0.920664 0.071021
24.655577 0.87496477 5.999736 0.920350 0.070882
26.481916 0.87643605 5.999687 0.921052 0.070627
28.308255 0.87555617 5.999736 0.920721 0.070754
30.134594 0.87467628 5.999885 0.919910 0.071123
31.960933 0.87450319 5.999786 0.921217 0.070664
33.787272 0.87676781 5.999737 0.921423 0.070954
35.613611 0.87551290 5.999703 0.921708 0.070426
37.439950 0.87659472 5.999819 0.921634 0.070750
39.266289 0.87492150 5.999753 0.921330 0.070498
41.092628 0.87702745 5.999836 0.921089 0.070835
42.918967 0.87525326 5.999720 0.920871 0.070915
44.745306 0.87486380 5.999703 0.920874 0.070995
46.571646 0.87565714 5.999769 0.921132 0.070812
48.397985 0.87520998 5.999473 0.919989 0.071291
50.224324 0.87506574 5.996835 0.918263 0.072380
52.050663 0.87522441 5.984277 0.910787 0.077435
53.877002 0.86623806 5.960269 0.898968 0.085475
55.703341 0.85953075 5.948665 0.892273 0.089286
57.529680 0.86186749 5.949641 0.891749 0.089877
59.356019 0.86646885 5.946462 0.890327 0.090358
61.182358 0.86408883 5.947918 0.889302 0.090305
63.008697 0.85146756 5.934864 0.885862 0.093367
64.835036 0.86405999 5.936047 0.888003 0.092031
66.661375 0.87506574 5.979692 0.907795 0.079326
68.487714 0.87358004 5.995492 0.917081 0.073450
70.314053 0.87277227 5.986068 0.919032 0.073548
72.140392 0.87203663 5.984534 0.918901 0.073381
73.966731 0.87408489 5.997706 0.920325 0.071011
75.793070 0.87663799 5.999556 0.920417 0.070942
77.619409 0.87486380 5.999769 0.921034 0.070827
79.445748 0.87509459 5.999670 0.920689 0.071025
81.272087 0.87445992 5.999654 0.921283 0.070666
83.098426 0.87688321 5.999671 0.920710 0.070895
84.924765 0.87562829 5.999753 0.920633 0.071087
86.751104 0.87528211 5.999868 0.921176 0.070680
88.577443 0.87533980 5.999769 0.920818 0.070892
90.403783 0.87565714 5.999703 0.920424 0.070759
92.230122 0.87555617 5.999736 0.920840 0.070848
94.056461 0.87525326 5.999703 0.920989 0.070514
95.882800 0.87469071 5.999769 0.920735 0.070735
97.709139 0.87539750 5.999769 0.921097 0.070736
99.535478 0.87590235 5.999539 0.920942 0.070910
101.361817 0.87510901 5.999720 0.920859 0.070993
103.188156 0.87516671 5.999539 0.919684 0.071648
105.014495 0.87445992 5.996932 0.918405 0.072577
106.840834 0.87298864 5.977991 0.906616 0.079749
108.667173 0.86535817 5.950828 0.891547 0.089439
