# Layer profile at T = 0.340000
# input   = bicrystal_Sigma91_theta10.4174deg.dat
# seed    = 3000791
# n_samples = 1000
# Lx = 110.806242  Ly = 38.384408
# columns : x rho coord psi6 psi4
0.923385 0.84084291 5.931952 0.857976 0.101590
2.770156 0.85155006 5.966056 0.872631 0.092996
4.616927 0.85630410 5.988633 0.881589 0.087675
6.463697 0.85765836 5.996464 0.884593 0.085419
8.310468 0.85599374 5.996753 0.885772 0.084875
10.157239 0.85733390 5.996907 0.886572 0.084753
12.004010 0.85770068 5.997319 0.886414 0.084635
13.850780 0.85679784 5.997135 0.886931 0.084615
15.697551 0.85796871 5.997106 0.886993 0.084331
17.544322 0.85744676 5.996874 0.887558 0.084653
19.391092 0.85781354 5.996563 0.886478 0.084545
21.237863 0.85736212 5.996232 0.886320 0.084909
23.084634 0.85781354 5.997007 0.886849 0.084419
24.931404 0.85737622 5.997104 0.886921 0.084239
26.778175 0.85699534 5.996658 0.887262 0.084250
28.624946 0.85739033 5.996742 0.886840 0.084592
30.471717 0.85765836 5.997237 0.887194 0.084433
32.318487 0.85746086 5.997121 0.887360 0.084448
34.165258 0.85709408 5.997317 0.886874 0.084372
36.012029 0.85799693 5.996745 0.886611 0.084978
37.858799 0.85753140 5.996759 0.887741 0.084589
39.705570 0.85750318 5.996743 0.887660 0.084506
41.552341 0.85671320 5.996048 0.886626 0.084810
43.399111 0.85628999 5.989967 0.884420 0.086266
45.245882 0.85521786 5.979348 0.879224 0.089172
47.092653 0.84902493 5.961718 0.866296 0.095956
48.939424 0.84170344 5.914759 0.842763 0.109089
50.786194 0.82734259 5.858699 0.819570 0.123195
52.632965 0.83222359 5.855460 0.816746 0.124624
54.479736 0.83575032 5.893812 0.834847 0.114694
56.326506 0.84475053 5.930280 0.854378 0.104025
58.173277 0.85009705 5.961451 0.871275 0.093981
60.020048 0.85229773 5.975322 0.880226 0.089712
61.866818 0.85390592 5.977499 0.882969 0.087706
63.713589 0.85463948 5.982124 0.884522 0.086728
65.560360 0.85699534 5.987210 0.885647 0.086072
67.407131 0.85734801 5.992332 0.886878 0.085184
69.253901 0.85698123 5.993432 0.886616 0.085109
71.100672 0.85741854 5.992037 0.886963 0.084960
72.947443 0.85710819 5.994964 0.886505 0.084908
74.794213 0.85779943 5.996497 0.886089 0.084991
76.640984 0.85861763 5.996270 0.885669 0.084944
78.487755 0.85703766 5.996181 0.886521 0.085207
80.334525 0.85699534 5.996082 0.885862 0.084887
82.181296 0.85743265 5.996775 0.886766 0.084693
84.028067 0.85772890 5.996908 0.887358 0.084530
85.874838 0.85782764 5.996300 0.886435 0.084540
87.721608 0.85753140 5.995081 0.885307 0.085471
89.568379 0.85585267 5.992138 0.883725 0.085938
91.415150 0.85531661 5.986723 0.881664 0.087783
93.261920 0.85181810 5.970886 0.873372 0.092459
95.108691 0.84806566 5.944675 0.860908 0.099575
96.955462 0.84363608 5.928866 0.853066 0.104012
98.802232 0.84451071 5.936340 0.855564 0.102035
100.649003 0.84829137 5.953719 0.864302 0.097528
102.495774 0.85121150 5.966672 0.869907 0.094033
104.342544 0.85229773 5.967956 0.870697 0.094090
106.189315 0.84836190 5.950614 0.863837 0.098023
108.036086 0.84319877 5.930235 0.853319 0.103423
109.882857 0.84096988 5.907119 0.848037 0.107469
