# Layer profile at T = 0.380000
# input   = bicrystal_Sigma91_theta10.4174deg.dat
# seed    = 5000797
# n_samples = 1000
# Lx = 112.162137  Ly = 38.854104
# columns : x rho coord psi6 psi4
0.934684 0.82860800 5.911870 0.819551 0.114744
2.804053 0.82454647 5.891883 0.811202 0.119210
4.673422 0.81960379 5.872871 0.799404 0.125124
6.542791 0.81585892 5.837895 0.787267 0.131810
8.412160 0.80974596 5.823664 0.781109 0.134551
10.281529 0.81354591 5.833170 0.784629 0.132427
12.150898 0.82056754 5.862752 0.796650 0.126456
14.020267 0.82398199 5.884173 0.803540 0.121854
15.889636 0.82186173 5.891966 0.811407 0.118393
17.759005 0.82687325 5.909204 0.822298 0.113510
19.628374 0.82848409 5.923806 0.829611 0.110514
21.497743 0.83317895 5.932762 0.835499 0.107206
23.367112 0.83439053 5.947644 0.841641 0.104140
25.236481 0.83545066 5.956725 0.845068 0.102408
27.105850 0.83853467 5.969707 0.847025 0.100251
28.975219 0.83962233 5.976223 0.849940 0.098963
30.844588 0.83996653 5.979806 0.850990 0.098369
32.713957 0.84130202 5.986302 0.853087 0.096881
34.583326 0.84230708 5.989931 0.853492 0.096473
36.452695 0.84138463 5.990280 0.853224 0.096045
38.322064 0.84093028 5.989915 0.853244 0.096699
40.191433 0.84148100 5.989856 0.853170 0.096623
42.060801 0.84236215 5.987366 0.852965 0.097130
43.930170 0.84110927 5.983124 0.850307 0.097925
45.799539 0.83865858 5.975983 0.848141 0.099873
47.668908 0.83454197 5.955556 0.840918 0.103868
49.538277 0.82920002 5.917861 0.827225 0.111995
51.407646 0.82314214 5.878519 0.809981 0.121039
53.277015 0.81614804 5.837885 0.789299 0.131705
55.146384 0.80758440 5.808156 0.773674 0.138322
57.015753 0.80801121 5.800794 0.768925 0.140803
58.885122 0.80864453 5.806824 0.773245 0.139291
60.754491 0.81474372 5.841830 0.787675 0.131214
62.623860 0.82209578 5.877477 0.807719 0.121421
64.493229 0.82725875 5.909979 0.823298 0.113374
66.362598 0.83305504 5.931429 0.831319 0.108927
68.231967 0.83229780 5.942417 0.837995 0.105958
70.101336 0.83675861 5.957878 0.843151 0.102725
71.970705 0.83896147 5.971445 0.847832 0.100451
73.840074 0.84050348 5.975691 0.848944 0.098932
75.709443 0.83886510 5.976169 0.849839 0.098810
77.578812 0.83936074 5.980727 0.849987 0.098197
79.448181 0.84130202 5.985190 0.853570 0.097105
81.317550 0.84210056 5.986087 0.853211 0.097127
83.186918 0.84124695 5.986596 0.852829 0.097063
85.056287 0.84057232 5.988666 0.852625 0.096926
86.925656 0.84186650 5.988945 0.853776 0.096758
88.795025 0.84115057 5.988297 0.853261 0.096691
90.664394 0.84177013 5.986654 0.853928 0.096749
92.533763 0.84069623 5.985703 0.852959 0.096937
94.403132 0.84126071 5.985254 0.852329 0.097387
96.272501 0.84229331 5.983049 0.851278 0.097582
98.141870 0.83976001 5.980916 0.851444 0.098180
100.011239 0.84058609 5.982229 0.850693 0.098274
101.880608 0.84031073 5.984058 0.849816 0.098048
103.749977 0.83909915 5.979277 0.850004 0.098547
105.619346 0.83802526 5.968736 0.846870 0.100317
107.488715 0.83622166 5.960798 0.841562 0.102995
109.358084 0.83609775 5.949776 0.835706 0.106415
111.227453 0.83009494 5.928017 0.825985 0.110857
