# Layer profile at T = 0.400000
# input   = bicrystal_Sigma91_theta10.4174deg.dat
# seed    = 6000800
# n_samples = 1000
# Lx = 118.527903  Ly = 41.059270
# columns : x rho coord psi6 psi4
0.987733 0.74102016 5.675351 0.631915 0.180234
2.963198 0.74252427 5.666146 0.633197 0.180650
4.938663 0.73723523 5.660290 0.636832 0.180391
6.914128 0.74182153 5.669004 0.635729 0.180106
8.889593 0.74148865 5.677352 0.638817 0.179020
10.865058 0.74273386 5.682790 0.639936 0.177983
12.840523 0.74605030 5.689620 0.641777 0.177158
14.815988 0.74635851 5.699693 0.643377 0.175725
16.791453 0.75008180 5.710437 0.646082 0.174499
18.766918 0.75251057 5.726051 0.647498 0.172198
20.742383 0.75027906 5.716840 0.645327 0.173145
22.717848 0.74786262 5.706100 0.644068 0.175193
24.693313 0.74833112 5.707898 0.645645 0.174939
26.668778 0.75142563 5.716583 0.643888 0.174032
28.644243 0.74988454 5.717694 0.645116 0.173255
30.619708 0.74830646 5.706406 0.647719 0.174266
32.595173 0.74757906 5.708181 0.644682 0.174819
34.570638 0.74826947 5.692254 0.646443 0.175074
36.546104 0.74206811 5.676840 0.645272 0.176582
38.521569 0.74077359 5.673696 0.641678 0.178128
40.497034 0.74405304 5.689168 0.643424 0.176727
42.472499 0.75182016 5.709500 0.643451 0.175127
44.447964 0.75169687 5.715078 0.643251 0.173695
46.423429 0.74495304 5.708857 0.640643 0.175480
48.398894 0.74625988 5.689625 0.637910 0.178242
50.374359 0.74333797 5.670343 0.635945 0.180487
52.349824 0.74229002 5.675442 0.633205 0.181241
54.325289 0.74558180 5.682298 0.634000 0.179792
56.300754 0.74077359 5.667172 0.630854 0.181514
58.276219 0.74183386 5.664423 0.634204 0.181093
60.251684 0.73975030 5.666011 0.631900 0.181879
62.227149 0.73779003 5.667781 0.632998 0.181607
64.202614 0.73634756 5.678264 0.633614 0.179492
66.178079 0.73942975 5.674937 0.638214 0.178909
68.153544 0.74810920 5.693161 0.640609 0.176716
70.129010 0.74915714 5.707940 0.640850 0.175246
72.104475 0.74935440 5.714862 0.641943 0.173928
74.079940 0.74698728 5.698147 0.644408 0.175623
76.055405 0.74434893 5.693615 0.646562 0.175494
78.030870 0.74561879 5.695790 0.646813 0.175103
80.006335 0.74607495 5.699529 0.648758 0.174204
81.981800 0.74172290 5.693843 0.647418 0.175839
83.957265 0.74258591 5.698084 0.646297 0.174538
85.932730 0.74846673 5.709417 0.645339 0.174048
87.908195 0.75164755 5.717601 0.648008 0.173597
89.883660 0.75311467 5.732377 0.642594 0.172538
91.859125 0.75126536 5.716686 0.643829 0.173559
93.834590 0.74617358 5.706773 0.644607 0.174701
95.810055 0.74813386 5.704509 0.642084 0.175443
97.785520 0.74862701 5.706861 0.644670 0.175008
99.760985 0.74956399 5.704036 0.643714 0.175652
101.736450 0.74984755 5.704822 0.642268 0.175490
103.711915 0.74840509 5.705143 0.642385 0.175725
105.687381 0.75058728 5.706969 0.640627 0.175621
107.662846 0.74369550 5.688406 0.637545 0.178320
109.638311 0.74311605 5.674923 0.635022 0.179202
111.613776 0.73708729 5.661476 0.634727 0.181070
113.589241 0.74134071 5.663169 0.636441 0.180673
115.564706 0.73950372 5.670051 0.636548 0.179750
117.540171 0.74168591 5.668395 0.631587 0.181066
