# Layer profile at T = 0.280000
# input   = perfect_Sigma91_theta10.4174deg.dat
# seed    = 5
# n_samples = 1000
# Lx = 109.543687  Ly = 37.947046
# columns : x rho coord psi6 psi4
0.912864 0.87539166 5.999769 0.920973 0.070858
2.738592 0.87562260 5.999786 0.920993 0.070578
4.564320 0.87622883 5.999720 0.920831 0.070644
6.390048 0.87533392 5.999637 0.921020 0.070639
8.215777 0.87443902 5.999719 0.921184 0.070698
10.041505 0.87562260 5.999786 0.920506 0.070837
11.867233 0.87663298 5.999704 0.921527 0.070794
13.692961 0.87624326 5.999736 0.921328 0.070878
15.518689 0.87656081 5.999769 0.921633 0.070472
17.344417 0.87508855 5.999819 0.921260 0.070687
19.170145 0.87625770 5.999671 0.921430 0.070382
20.995873 0.87536279 5.999753 0.921309 0.070323
22.821601 0.87589685 5.999753 0.921582 0.070246
24.647330 0.87589685 5.999720 0.921514 0.070569
26.473058 0.87557930 5.999736 0.921252 0.070692
28.298786 0.87498751 5.999703 0.921447 0.070549
30.124514 0.87693609 5.999523 0.921122 0.070641
31.950242 0.87464109 5.999505 0.921574 0.070555
33.775970 0.87696496 5.999737 0.921041 0.070785
35.601698 0.87524732 5.999604 0.921490 0.070787
37.427426 0.87660411 5.999802 0.921780 0.070213
39.253154 0.87615666 5.999753 0.920949 0.070498
41.078883 0.87531949 5.999687 0.921371 0.070602
42.904611 0.87575251 5.999852 0.921343 0.070486
44.730339 0.87605562 5.999753 0.921447 0.070326
46.556067 0.87477100 5.999752 0.921269 0.070655
48.381795 0.87644534 5.999654 0.921329 0.070583
50.207523 0.87508855 5.999670 0.921502 0.070657
52.033251 0.87468439 5.999587 0.920841 0.070521
53.858979 0.87583911 5.999786 0.921405 0.070467
55.684707 0.87680619 5.999753 0.920669 0.070824
57.510436 0.87539166 5.999769 0.921082 0.070990
59.336164 0.87549270 5.999687 0.921202 0.070670
61.161892 0.87582468 5.999769 0.920866 0.070768
62.987620 0.87466996 5.999703 0.921160 0.070789
64.813348 0.87619996 5.999703 0.921435 0.070705
66.639076 0.87521845 5.999687 0.920923 0.070599
68.464804 0.87475656 5.999802 0.920712 0.071003
70.290532 0.87581024 5.999670 0.920961 0.070638
72.116260 0.87449675 5.999719 0.920982 0.070680
73.941989 0.87630100 5.999588 0.921089 0.070711
75.767717 0.87569477 5.999670 0.920828 0.070646
77.593445 0.87544939 5.999687 0.921378 0.070796
79.419173 0.87490090 5.999753 0.921064 0.070617
81.244901 0.87643090 5.999769 0.921516 0.070441
83.070629 0.87492977 5.999819 0.921743 0.070517
84.896357 0.87589685 5.999753 0.921841 0.070385
86.722085 0.87605562 5.999802 0.921202 0.070565
88.547814 0.87557930 5.999703 0.921086 0.070842
90.373542 0.87568034 5.999637 0.921315 0.070675
92.199270 0.87478543 5.999818 0.920821 0.070586
94.024998 0.87491534 5.999720 0.921326 0.070593
95.850726 0.87543496 5.999819 0.921029 0.070411
97.676454 0.87669072 5.999621 0.921563 0.070619
99.502182 0.87557930 5.999769 0.921143 0.070564
101.327910 0.87596902 5.999654 0.920564 0.071155
103.153638 0.87575251 5.999753 0.921304 0.070792
104.979367 0.87617109 5.999786 0.921289 0.070843
106.805095 0.87517515 5.999687 0.920963 0.070776
108.630823 0.87595458 5.999703 0.921482 0.070521
