# Layer profile at T = 0.320000
# input   = perfect_Sigma91_theta10.4174deg.dat
# seed    = 2000011
# n_samples = 1000
# Lx = 110.271505  Ly = 38.199170
# columns : x rho coord psi6 psi4
0.918929 0.86508495 5.998683 0.900886 0.078810
2.756788 0.86442972 5.998336 0.900349 0.078980
4.594646 0.86455792 5.998600 0.901147 0.078905
6.432504 0.86358932 5.998664 0.900570 0.079237
8.270363 0.86421606 5.998517 0.900174 0.079353
10.108221 0.86508495 5.999078 0.901272 0.079010
11.946080 0.86403089 5.998335 0.899958 0.079160
13.783938 0.86468611 5.998040 0.900360 0.079673
15.621797 0.86400240 5.998434 0.900647 0.079386
17.459655 0.86280590 5.998531 0.901681 0.078921
19.297513 0.86462914 5.998369 0.901072 0.079474
21.135372 0.86277741 5.998580 0.900427 0.079108
22.973230 0.86474309 5.998633 0.901145 0.079028
24.811089 0.86358932 5.998499 0.899954 0.079228
26.648947 0.86410211 5.998582 0.900861 0.079134
28.486806 0.86313351 5.998251 0.899711 0.079508
30.324664 0.86398815 5.998318 0.899200 0.079915
32.162522 0.86421606 5.998599 0.900462 0.079496
34.000381 0.86405937 5.998351 0.900201 0.079148
35.838239 0.86376025 5.998400 0.900291 0.079461
37.676098 0.86405937 5.998714 0.901123 0.078808
39.513956 0.86383147 5.998516 0.900546 0.079159
41.351814 0.86388845 5.998450 0.900166 0.079295
43.189673 0.86395967 5.998582 0.900377 0.079276
45.027531 0.86269194 5.998646 0.900181 0.079422
46.865390 0.86455792 5.998369 0.901081 0.079221
48.703248 0.86317624 5.998614 0.900735 0.078942
50.541107 0.86498524 5.998073 0.900091 0.079259
52.378965 0.86428728 5.998368 0.900216 0.079089
54.216823 0.86415908 5.998484 0.900489 0.079049
56.054682 0.86388845 5.998450 0.901238 0.079148
57.892540 0.86378874 5.998714 0.900820 0.079133
59.730399 0.86313351 5.998564 0.900409 0.079148
61.568257 0.86378874 5.998334 0.900266 0.079624
63.406116 0.86455792 5.998600 0.900097 0.079080
65.243974 0.86410211 5.998863 0.901043 0.079430
67.081832 0.86400240 5.998384 0.900544 0.079282
68.919691 0.86471460 5.998682 0.900342 0.079545
70.757549 0.86499948 5.998386 0.900725 0.079186
72.595408 0.86371752 5.998433 0.900656 0.078992
74.433266 0.86408786 5.998582 0.899642 0.079662
76.271125 0.86279165 5.998778 0.900208 0.079302
78.108983 0.86390269 5.998483 0.899963 0.079360
79.946841 0.86384571 5.998648 0.899989 0.079170
81.784700 0.86472885 5.998369 0.900921 0.079119
83.622558 0.86435850 5.998517 0.900952 0.079419
85.460417 0.86447245 5.998517 0.900118 0.079440
87.298275 0.86380298 5.998252 0.900197 0.079549
89.136133 0.86391693 5.998351 0.900657 0.079297
90.973992 0.86588262 5.998503 0.899707 0.079422
92.811850 0.86273468 5.998299 0.900229 0.079333
94.649709 0.86639540 5.998586 0.901303 0.078905
96.487567 0.86357508 5.998647 0.901147 0.078939
98.325426 0.86538407 5.998568 0.900697 0.078871
100.163284 0.86404513 5.998599 0.901076 0.079125
102.001142 0.86482855 5.998699 0.900268 0.079022
103.839001 0.86552651 5.998832 0.900526 0.079042
105.676859 0.86361781 5.998681 0.901497 0.079249
107.514718 0.86464338 5.998699 0.901012 0.079231
109.352576 0.86408786 5.998516 0.900146 0.079296
