# Density profile (accumulated) at T = 0.400000
# columns : x rho
0.987733 0.74102016
2.963198 0.74252427
4.938663 0.73723523
6.914128 0.74182153
8.889593 0.74148865
10.865058 0.74273386
12.840523 0.74605030
14.815988 0.74635851
16.791453 0.75008180
18.766918 0.75251057
20.742383 0.75027906
22.717848 0.74786262
24.693313 0.74833112
26.668778 0.75142563
28.644243 0.74988454
30.619708 0.74830646
32.595173 0.74757906
34.570638 0.74826947
36.546104 0.74206811
38.521569 0.74077359
40.497034 0.74405304
42.472499 0.75182016
44.447964 0.75169687
46.423429 0.74495304
48.398894 0.74625988
50.374359 0.74333797
52.349824 0.74229002
54.325289 0.74558180
56.300754 0.74077359
58.276219 0.74183386
60.251684 0.73975030
62.227149 0.73779003
64.202614 0.73634756
66.178079 0.73942975
68.153544 0.74810920
70.129010 0.74915714
72.104475 0.74935440
74.079940 0.74698728
76.055405 0.74434893
78.030870 0.74561879
80.006335 0.74607495
81.981800 0.74172290
83.957265 0.74258591
85.932730 0.74846673
87.908195 0.75164755
89.883660 0.75311467
91.859125 0.75126536
93.834590 0.74617358
95.810055 0.74813386
97.785520 0.74862701
99.760985 0.74956399
101.736450 0.74984755
103.711915 0.74840509
105.687381 0.75058728
107.662846 0.74369550
109.638311 0.74311605
111.613776 0.73708729
113.589241 0.74134071
115.564706 0.73950372
117.540171 0.74168591
