# Density profile (accumulated) at T = 0.300000
# columns : x rho
0.916094 0.86729393
2.748283 0.86887049
4.580472 0.87031805
6.412661 0.86899948
8.244850 0.87007440
10.077039 0.86993108
11.909228 0.87061903
13.741417 0.87007440
15.573606 0.86960144
17.405795 0.86973043
19.237984 0.87053304
21.070173 0.86960144
22.902362 0.86922880
24.734550 0.87021773
26.566739 0.87030372
28.398928 0.87073369
30.231117 0.86937212
32.063306 0.87000274
33.895495 0.86967310
35.727684 0.87007440
37.559873 0.86942945
39.392062 0.86829719
41.224251 0.86570304
43.056440 0.86318054
44.888629 0.85776291
46.720817 0.84876219
48.553006 0.85028142
50.385195 0.85589970
52.217384 0.85998443
54.049573 0.86406915
55.881762 0.86997408
57.713951 0.86945811
59.546140 0.86967310
61.378329 0.86892782
63.210518 0.87104901
65.042707 0.87000274
66.874896 0.86866983
68.707085 0.87114933
70.539273 0.86932912
72.371462 0.87079102
74.203651 0.86981642
76.035840 0.86983075
77.868029 0.87008874
79.700218 0.86967310
81.532407 0.87117800
83.364596 0.86915713
85.196785 0.86920013
87.028974 0.86965877
88.861163 0.86980209
90.693352 0.86954411
92.525540 0.86968743
94.357729 0.86844052
96.189918 0.87140731
98.022107 0.86766657
99.854296 0.85883784
101.686485 0.84770160
103.518674 0.84725729
105.350863 0.85234528
107.183052 0.85694597
109.015241 0.86190496
