# Density profile (accumulated) at T = 0.420000
# columns : x rho
1.023230 0.69186447
3.069691 0.69896417
5.116151 0.70284718
7.162611 0.70462785
9.209072 0.70718971
11.255532 0.70838448
13.301993 0.70490356
15.348453 0.70196259
17.394913 0.70307694
19.441374 0.70671869
21.487834 0.70329522
23.534295 0.70200854
25.580755 0.70099758
27.627216 0.69963048
29.673676 0.69804511
31.720136 0.70529416
33.766597 0.70743096
35.813057 0.70513333
37.859518 0.70235318
39.905978 0.70069889
41.952438 0.70424873
43.998899 0.70223830
46.045359 0.69691927
48.091820 0.69896417
50.138280 0.70265188
52.184740 0.69891822
54.231201 0.69449527
56.277661 0.69057779
58.324122 0.68755640
60.370582 0.68728069
62.417043 0.68693604
64.463503 0.68622377
66.509963 0.68217993
68.556424 0.67850371
70.602884 0.67424159
72.649345 0.66842857
74.695805 0.66335080
76.742265 0.66338526
78.788726 0.67823948
80.835186 0.68667181
82.881647 0.69038250
84.928107 0.68746450
86.974567 0.67887133
89.021028 0.67403481
91.067488 0.67945723
93.113949 0.68846397
95.160409 0.69487438
97.206869 0.69953858
99.253330 0.70224979
101.299790 0.70519077
103.346251 0.70314587
105.392711 0.70208896
107.439172 0.70257146
109.485632 0.69451824
111.532092 0.68921070
113.578553 0.68950939
115.625013 0.69457568
117.671474 0.70612131
119.717934 0.70790198
121.764394 0.70152604
