# Density profile (accumulated) at T = 0.360000
# columns : x rho
0.925727 0.85079762
2.777182 0.85130290
4.628637 0.85258014
6.480092 0.85002566
8.331547 0.85186432
10.183002 0.85165379
12.034457 0.85088183
13.885912 0.85232750
15.737367 0.85158361
17.588822 0.85189240
19.440277 0.85144326
21.291732 0.84964670
23.143187 0.85124676
24.994642 0.85137308
26.846097 0.85169590
28.697552 0.85190643
30.549007 0.85253803
32.400462 0.85096604
34.251917 0.85065726
36.103372 0.85102219
37.954827 0.85099412
39.806282 0.85213100
41.657736 0.85013794
43.509191 0.85121869
45.360646 0.85074147
47.212101 0.85339421
49.063556 0.85081165
50.915011 0.85182222
52.766466 0.85162572
54.617921 0.85200468
56.469376 0.85162572
58.320831 0.85207486
60.172286 0.85003969
62.023741 0.85234154
63.875196 0.85127483
65.726651 0.85224329
67.578106 0.85186432
69.429561 0.85124676
71.281016 0.85128886
73.132471 0.85168186
74.983926 0.85092394
76.835381 0.85180818
78.686836 0.85106429
80.538291 0.85194854
82.389745 0.85295910
84.241200 0.85095201
86.092655 0.85370299
87.944110 0.85001162
89.795565 0.85373106
91.647020 0.85134501
93.498475 0.85163975
95.349930 0.85098008
97.201385 0.85076955
99.052840 0.85284682
100.904295 0.84988530
102.755750 0.85082569
104.607205 0.85236961
106.458660 0.85043269
108.310115 0.85192047
110.161570 0.85159765
