# Density profile (accumulated) at T = 0.400000
# columns : x rho
0.990650 0.74316946
2.971951 0.74339007
4.953252 0.74222573
6.934553 0.74445636
8.915853 0.74258116
10.897154 0.74191932
12.878455 0.74229927
14.859756 0.74391709
16.841057 0.74272823
18.822357 0.74369648
20.803658 0.74275275
22.784959 0.74164968
24.766260 0.74092657
26.747560 0.74103687
28.728861 0.74175999
30.710162 0.74222573
32.691463 0.74131877
34.672763 0.74093882
36.654064 0.74030150
38.635365 0.74057114
40.616666 0.74180902
42.597967 0.74248311
44.579267 0.74445636
46.560568 0.74478728
48.541869 0.74441960
50.523170 0.74334105
52.504470 0.74419898
54.485771 0.74592711
56.467072 0.74549814
58.448373 0.74434606
60.429674 0.74602516
62.410974 0.74505692
64.392275 0.74411319
66.373576 0.74524076
68.354877 0.74737335
70.336177 0.74468923
72.317478 0.74720176
74.298779 0.74646639
76.280080 0.74608644
78.261380 0.74593937
80.242681 0.74700566
82.223982 0.74701792
84.205283 0.74685859
86.186584 0.74627029
88.167884 0.74609870
90.149185 0.74495887
92.130486 0.74450539
94.111787 0.74582906
96.093087 0.74222573
98.074388 0.74253213
100.055689 0.74188255
102.036990 0.74086529
104.018290 0.74085303
105.999591 0.74168645
107.980892 0.74249537
109.962193 0.74319397
111.943494 0.74043632
113.924794 0.74050985
115.906095 0.74269147
117.887396 0.74147810
