# Density profile (accumulated) at T = 0.320000
# columns : x rho
0.919754 0.84402589
2.759263 0.84510650
4.598771 0.85426323
6.438280 0.85966627
8.277788 0.86142937
10.117296 0.86196967
11.956805 0.86442948
13.796313 0.86344840
15.635822 0.86359059
17.475330 0.86448635
19.314839 0.86241045
21.154347 0.86376121
22.993855 0.86437260
24.833364 0.86474229
26.672872 0.86353371
28.512381 0.86405980
30.351889 0.86414511
32.191398 0.86255263
34.030906 0.86386074
35.870414 0.86273747
37.709923 0.86431573
39.549431 0.86339153
41.388940 0.86383230
43.228448 0.86452901
45.067957 0.86427307
46.907465 0.86414511
48.746973 0.86167108
50.586482 0.85941034
52.425990 0.85525853
54.265499 0.84965643
56.105007 0.84635773
57.944516 0.85221576
59.784024 0.85282716
61.623532 0.85140531
63.463041 0.84665632
65.302549 0.85656663
67.142058 0.85665194
68.981566 0.86238201
70.821075 0.86253841
72.660583 0.86273747
74.500091 0.86398870
76.339600 0.86300763
78.179108 0.86278013
80.018617 0.86434417
81.858125 0.86388917
83.697634 0.86324934
85.537142 0.86499822
87.376650 0.86377543
89.216159 0.86340574
91.055667 0.86320669
92.895176 0.86282279
94.734684 0.86003595
96.574193 0.86111656
98.413701 0.86239623
100.253209 0.86155734
102.092718 0.86084641
103.932226 0.85535806
105.771735 0.84836254
107.611243 0.84823458
109.450752 0.84802130
