# Density profile (accumulated) at T = 0.340000
# columns : x rho
0.921921 0.85853075
2.765764 0.85802128
4.609606 0.85909682
6.453449 0.85762503
8.297291 0.85946476
10.141134 0.85823356
11.984976 0.85888454
13.828819 0.85826186
15.672661 0.85901191
17.516504 0.85926664
19.360346 0.85830432
21.204189 0.85837508
23.048031 0.85932325
24.891874 0.85782316
26.735716 0.85872887
28.579558 0.85787977
30.423401 0.85974780
32.267243 0.85854490
34.111086 0.85834677
35.954928 0.85921003
37.798771 0.85845999
39.642613 0.85727124
41.486456 0.85977610
43.330298 0.85877133
45.174141 0.85793637
47.017983 0.85950722
48.861826 0.85731369
50.705668 0.85762503
52.549511 0.85895530
54.393353 0.85857320
56.237196 0.85667687
58.081038 0.86037048
59.924881 0.85742691
61.768723 0.85786561
63.612566 0.85824771
65.456408 0.85912512
67.300251 0.85956383
69.144093 0.85734200
70.987936 0.85949307
72.831778 0.85804959
74.675621 0.85882793
76.519463 0.85838923
78.363306 0.85836093
80.207148 0.85998838
82.050990 0.85744106
83.894833 0.85878548
85.738675 0.85746936
87.582518 0.85853075
89.426360 0.85942231
91.270203 0.85816280
93.114045 0.85895530
94.957888 0.85898360
96.801730 0.85838923
98.645573 0.85765334
100.489415 0.85997423
102.333258 0.85810619
104.177100 0.85823356
106.020943 0.85796468
107.864785 0.85933740
109.708628 0.85840338
