# Density profile (accumulated) at T = 0.440000
# columns : x rho
1.255156 0.44486192
3.765469 0.43537176
6.275781 0.42356822
8.786093 0.41019190
11.296406 0.41221515
13.806718 0.42934020
16.317031 0.44816783
18.827343 0.47752397
21.337656 0.49613782
23.847968 0.49545831
26.358280 0.47562288
28.868593 0.45101564
31.378905 0.41830015
33.889218 0.40261046
36.399530 0.39124975
38.909843 0.39331117
41.420155 0.41173415
43.930467 0.43068394
46.440780 0.44964136
48.951092 0.47950904
51.461405 0.50536076
53.971717 0.51651533
56.482030 0.52069925
58.992342 0.51869891
61.502654 0.51788197
64.012967 0.50628458
66.523279 0.47406536
69.033592 0.42620226
71.543904 0.39985427
74.054216 0.37994248
76.564529 0.37582728
79.074841 0.38866152
81.585154 0.40981016
84.095466 0.44851903
86.605779 0.47624130
89.116091 0.48464731
91.626403 0.49036584
94.136716 0.49968041
96.647028 0.49209133
99.157341 0.47736363
101.667653 0.48123452
104.177966 0.49205315
106.688278 0.49222112
109.198590 0.49132784
111.708903 0.49898563
114.219215 0.50044389
116.729528 0.49676388
119.239840 0.50020721
121.750153 0.49431308
124.260465 0.48917480
126.770777 0.49590877
129.281090 0.48756384
131.791402 0.47581375
134.301715 0.46508674
136.812027 0.45822297
139.322339 0.46325436
141.832652 0.47851650
144.342964 0.49056435
146.853277 0.48826625
149.363589 0.46583495
