# Density profile (accumulated) at T = 0.420000
# columns : x rho
1.031635 0.68585883
3.094904 0.68919285
5.158174 0.69155492
7.221443 0.69186007
9.284713 0.69010829
11.347982 0.69008569
13.411252 0.68788185
15.474521 0.69162273
17.537791 0.68078434
19.601060 0.66548175
21.664329 0.65545709
23.727599 0.64691295
25.790868 0.65284638
27.854138 0.66924524
29.917407 0.68066002
31.980677 0.68502250
34.043946 0.68970143
36.107216 0.69527320
38.170485 0.69408651
40.233755 0.69619994
42.297024 0.69494545
44.360294 0.69634687
46.423563 0.69416563
48.486833 0.69166794
50.550102 0.69202959
52.613372 0.69237995
54.676641 0.68995007
56.739910 0.68605096
58.803180 0.68540676
60.866449 0.67920209
62.929719 0.67756334
64.992988 0.67907777
67.056258 0.68334984
69.119527 0.68458173
71.182797 0.68888770
73.246066 0.69063948
75.309336 0.69378137
77.372605 0.69217652
79.435875 0.68947540
81.499144 0.68732806
83.562414 0.68919285
85.625683 0.68086345
87.688953 0.67295222
89.752222 0.67009287
91.815491 0.67550642
93.878761 0.67851268
95.942030 0.68077304
98.005300 0.68321422
100.068569 0.68945279
102.131839 0.69568006
104.195108 0.69969219
106.258378 0.69619994
108.321647 0.69094462
110.384917 0.69046995
112.448186 0.69086551
114.511456 0.69079770
116.574725 0.69338581
118.637995 0.69617734
120.701264 0.68759930
122.764534 0.68720374
