# Density profile (accumulated) at T = 0.340000
# columns : x rho
0.923385 0.84084291
2.770156 0.85155006
4.616927 0.85630410
6.463697 0.85765836
8.310468 0.85599374
10.157239 0.85733390
12.004010 0.85770068
13.850780 0.85679784
15.697551 0.85796871
17.544322 0.85744676
19.391092 0.85781354
21.237863 0.85736212
23.084634 0.85781354
24.931404 0.85737622
26.778175 0.85699534
28.624946 0.85739033
30.471717 0.85765836
32.318487 0.85746086
34.165258 0.85709408
36.012029 0.85799693
37.858799 0.85753140
39.705570 0.85750318
41.552341 0.85671320
43.399111 0.85628999
45.245882 0.85521786
47.092653 0.84902493
48.939424 0.84170344
50.786194 0.82734259
52.632965 0.83222359
54.479736 0.83575032
56.326506 0.84475053
58.173277 0.85009705
60.020048 0.85229773
61.866818 0.85390592
63.713589 0.85463948
65.560360 0.85699534
67.407131 0.85734801
69.253901 0.85698123
71.100672 0.85741854
72.947443 0.85710819
74.794213 0.85779943
76.640984 0.85861763
78.487755 0.85703766
80.334525 0.85699534
82.181296 0.85743265
84.028067 0.85772890
85.874838 0.85782764
87.721608 0.85753140
89.568379 0.85585267
91.415150 0.85531661
93.261920 0.85181810
95.108691 0.84806566
96.955462 0.84363608
98.802232 0.84451071
100.649003 0.84829137
102.495774 0.85121150
104.342544 0.85229773
106.189315 0.84836190
108.036086 0.84319877
109.882857 0.84096988
