# Density profile (accumulated) at T = 0.280000
# columns : x rho
0.913170 0.85354466
2.739509 0.84370727
4.565848 0.85779983
6.392187 0.86909407
8.218526 0.87314731
10.044865 0.87420028
11.871204 0.87626296
13.697543 0.87557059
15.523882 0.87551290
17.350221 0.87529653
19.176560 0.87574368
21.002899 0.87593120
22.829238 0.87639278
24.655577 0.87496477
26.481916 0.87643605
28.308255 0.87555617
30.134594 0.87467628
31.960933 0.87450319
33.787272 0.87676781
35.613611 0.87551290
37.439950 0.87659472
39.266289 0.87492150
41.092628 0.87702745
42.918967 0.87525326
44.745306 0.87486380
46.571646 0.87565714
48.397985 0.87520998
50.224324 0.87506574
52.050663 0.87522441
53.877002 0.86623806
55.703341 0.85953075
57.529680 0.86186749
59.356019 0.86646885
61.182358 0.86408883
63.008697 0.85146756
64.835036 0.86405999
66.661375 0.87506574
68.487714 0.87358004
70.314053 0.87277227
72.140392 0.87203663
73.966731 0.87408489
75.793070 0.87663799
77.619409 0.87486380
79.445748 0.87509459
81.272087 0.87445992
83.098426 0.87688321
84.924765 0.87562829
86.751104 0.87528211
88.577443 0.87533980
90.403783 0.87565714
92.230122 0.87555617
94.056461 0.87525326
95.882800 0.87469071
97.709139 0.87539750
99.535478 0.87590235
101.361817 0.87510901
103.188156 0.87516671
105.014495 0.87445992
106.840834 0.87298864
108.667173 0.86535817
