# Density profile (accumulated) at T = 0.380000
# columns : x rho
0.929979 0.84267476
2.789937 0.84266085
4.649895 0.84303636
6.509853 0.84254959
8.369811 0.84236879
10.229769 0.84254959
12.089727 0.84248005
13.949685 0.84225753
15.809643 0.84298073
17.669601 0.84348140
19.529559 0.84293900
21.389517 0.84243833
23.249475 0.84313371
25.109433 0.84324497
26.969391 0.84565098
28.829349 0.84296682
30.689306 0.84437149
32.549264 0.84366220
34.409222 0.84510859
36.269180 0.84190984
38.129138 0.84431586
39.989096 0.84392644
41.849054 0.84427413
43.709012 0.84317543
45.568970 0.84644372
47.428928 0.84284165
49.288886 0.84459401
51.148844 0.84469136
53.008802 0.84438539
54.868760 0.84426023
56.728718 0.84435758
58.588676 0.84474699
60.448634 0.84515031
62.308592 0.84410724
64.168550 0.84339796
66.028508 0.84481653
67.888466 0.84428804
69.748424 0.84544237
71.608382 0.84412115
73.468340 0.84509468
75.328298 0.84384300
77.188256 0.84334232
79.048214 0.84375955
80.908172 0.84414896
82.768130 0.84456619
84.628088 0.84352312
86.488046 0.84488607
88.348004 0.84496951
90.207962 0.84366220
92.067919 0.84435758
93.927877 0.84342577
95.787835 0.84345359
97.647793 0.84385691
99.507751 0.84149262
101.367709 0.84387081
103.227667 0.84363438
105.087625 0.84362048
106.947583 0.84348140
108.807541 0.84334232
110.667499 0.84149262
