# Density profile (accumulated) at T = 0.360000
# columns : x rho
0.928461 0.84259920
2.785384 0.84118993
4.642307 0.84058995
6.499230 0.83680866
8.356153 0.83669704
10.213076 0.83772957
12.069999 0.83814816
13.926922 0.83643193
15.783844 0.83722726
17.640767 0.83170183
19.497690 0.83139486
21.354613 0.83546917
23.211536 0.84338057
25.068459 0.84603166
26.925382 0.84724557
28.782305 0.84850135
30.639227 0.85044083
32.496150 0.84852926
34.353073 0.84840368
36.209996 0.84811067
38.066919 0.84945016
39.923842 0.84795718
41.780765 0.84677117
43.637688 0.84538981
45.494610 0.84646420
47.351533 0.84357591
49.208456 0.84592003
51.065379 0.84142714
52.922302 0.83888767
54.779225 0.83788305
56.636148 0.83498081
58.493071 0.83320877
60.349993 0.82977631
62.206916 0.83154835
64.063839 0.83193903
65.920762 0.83973881
67.777685 0.84185968
69.634608 0.84384102
71.491531 0.84692465
73.348454 0.85056641
75.205376 0.85037107
77.062299 0.85000829
78.919222 0.85044083
80.776145 0.85006410
82.633068 0.85049664
84.489991 0.84932458
86.346914 0.85116639
88.203837 0.85172452
90.060759 0.84649211
91.917682 0.84943621
93.774605 0.84878041
95.631528 0.84872460
97.488451 0.85053850
99.345374 0.84798509
101.202297 0.84801299
103.059220 0.84696651
104.916142 0.84499913
106.773065 0.84508285
108.629988 0.84558516
110.486911 0.84086901
