# Density profile (accumulated) at T = 0.300000
# columns : x rho
0.915708 0.86881507
2.747124 0.87141142
4.578540 0.87004870
6.409956 0.87047903
8.241372 0.87073723
10.072788 0.86940320
11.904204 0.86970443
13.735620 0.86973312
15.567036 0.87072289
17.398452 0.86977615
19.229868 0.87023518
21.061284 0.87057944
22.892700 0.86977615
24.724116 0.87039296
26.555532 0.87007739
28.386948 0.87103846
30.218364 0.87066551
32.049780 0.87046469
33.881196 0.87065116
35.712612 0.87102412
37.544028 0.86964705
39.375444 0.86944623
41.206860 0.87045034
43.038276 0.87062248
44.869692 0.87133970
46.701108 0.86908762
48.532524 0.87085199
50.363940 0.86930279
52.195356 0.86930279
54.026772 0.86958967
55.858188 0.86969009
57.689604 0.86923106
59.521020 0.87067985
61.352436 0.87095240
63.183852 0.87066551
65.015268 0.86904459
66.846684 0.87029255
68.678100 0.86984787
70.509516 0.86897286
72.340932 0.87133970
74.172348 0.86993394
76.003764 0.86981919
77.835180 0.86930279
79.666596 0.87092371
81.498012 0.87194217
83.329428 0.86976181
85.160844 0.87042165
86.992260 0.86880073
88.823676 0.87123929
90.655092 0.87108150
92.486508 0.87019214
94.317924 0.87000566
96.149340 0.87095240
97.980756 0.87006304
99.812172 0.87033559
101.643589 0.87083764
103.475005 0.87066551
105.306421 0.86969009
107.137837 0.87075158
108.969253 0.87100978
