# Density profile (accumulated) at T = 0.280000
# columns : x rho
0.912864 0.87539166
2.738592 0.87562260
4.564320 0.87622883
6.390048 0.87533392
8.215777 0.87443902
10.041505 0.87562260
11.867233 0.87663298
13.692961 0.87624326
15.518689 0.87656081
17.344417 0.87508855
19.170145 0.87625770
20.995873 0.87536279
22.821601 0.87589685
24.647330 0.87589685
26.473058 0.87557930
28.298786 0.87498751
30.124514 0.87693609
31.950242 0.87464109
33.775970 0.87696496
35.601698 0.87524732
37.427426 0.87660411
39.253154 0.87615666
41.078883 0.87531949
42.904611 0.87575251
44.730339 0.87605562
46.556067 0.87477100
48.381795 0.87644534
50.207523 0.87508855
52.033251 0.87468439
53.858979 0.87583911
55.684707 0.87680619
57.510436 0.87539166
59.336164 0.87549270
61.161892 0.87582468
62.987620 0.87466996
64.813348 0.87619996
66.639076 0.87521845
68.464804 0.87475656
70.290532 0.87581024
72.116260 0.87449675
73.941989 0.87630100
75.767717 0.87569477
77.593445 0.87544939
79.419173 0.87490090
81.244901 0.87643090
83.070629 0.87492977
84.896357 0.87589685
86.722085 0.87605562
88.547814 0.87557930
90.373542 0.87568034
92.199270 0.87478543
94.024998 0.87491534
95.850726 0.87543496
97.676454 0.87669072
99.502182 0.87557930
101.327910 0.87596902
103.153638 0.87575251
104.979367 0.87617109
106.805095 0.87517515
108.630823 0.87595458
