# Density profile (accumulated) at T = 0.320000
# columns : x rho
0.918929 0.86508495
2.756788 0.86442972
4.594646 0.86455792
6.432504 0.86358932
8.270363 0.86421606
10.108221 0.86508495
11.946080 0.86403089
13.783938 0.86468611
15.621797 0.86400240
17.459655 0.86280590
19.297513 0.86462914
21.135372 0.86277741
22.973230 0.86474309
24.811089 0.86358932
26.648947 0.86410211
28.486806 0.86313351
30.324664 0.86398815
32.162522 0.86421606
34.000381 0.86405937
35.838239 0.86376025
37.676098 0.86405937
39.513956 0.86383147
41.351814 0.86388845
43.189673 0.86395967
45.027531 0.86269194
46.865390 0.86455792
48.703248 0.86317624
50.541107 0.86498524
52.378965 0.86428728
54.216823 0.86415908
56.054682 0.86388845
57.892540 0.86378874
59.730399 0.86313351
61.568257 0.86378874
63.406116 0.86455792
65.243974 0.86410211
67.081832 0.86400240
68.919691 0.86471460
70.757549 0.86499948
72.595408 0.86371752
74.433266 0.86408786
76.271125 0.86279165
78.108983 0.86390269
79.946841 0.86384571
81.784700 0.86472885
83.622558 0.86435850
85.460417 0.86447245
87.298275 0.86380298
89.136133 0.86391693
90.973992 0.86588262
92.811850 0.86273468
94.649709 0.86639540
96.487567 0.86357508
98.325426 0.86538407
100.163284 0.86404513
102.001142 0.86482855
103.839001 0.86552651
105.676859 0.86361781
107.514718 0.86464338
109.352576 0.86408786
