# Density profile (accumulated) at T = 0.440000
# columns : x rho
1.243650 0.47217731
3.730949 0.47832878
6.218249 0.48521126
8.705548 0.47534248
11.192848 0.46695129
13.680147 0.46718460
16.167447 0.47162516
18.654746 0.49295697
21.142046 0.52339544
23.629345 0.53790698
26.116645 0.53743260
28.603944 0.53351308
31.091244 0.53527064
33.578543 0.53860690
36.065843 0.53212103
38.553142 0.52176231
41.040442 0.51310671
43.527741 0.49954394
46.015041 0.47974416
48.502340 0.44500511
50.989640 0.40776970
53.476939 0.38372378
55.964239 0.37449270
58.451538 0.35227433
60.938838 0.33914706
63.426137 0.34366539
65.913437 0.37326396
68.400736 0.40958948
70.888036 0.44865244
73.375335 0.47900536
75.862635 0.49984723
78.349934 0.51136470
80.837233 0.51540865
83.324533 0.51662183
85.811832 0.52474083
88.299132 0.53270429
90.786431 0.53933792
93.273731 0.54337409
95.761030 0.54507721
98.248330 0.54394957
100.735629 0.53616498
103.222929 0.51731397
105.710228 0.49808190
108.197528 0.47924644
110.684827 0.46083093
113.172127 0.44346530
115.659426 0.41675970
118.146726 0.38224618
120.634025 0.37403386
123.121325 0.37871551
125.608624 0.40224816
128.095924 0.42484760
130.583223 0.43711164
133.070523 0.43592956
135.557822 0.44234544
138.045122 0.46307844
140.532421 0.48475243
143.019721 0.49326804
145.507020 0.48012522
147.994320 0.47253505
