# Density profile (accumulated) at T = 0.380000
# columns : x rho
0.934684 0.82860800
2.804053 0.82454647
4.673422 0.81960379
6.542791 0.81585892
8.412160 0.80974596
10.281529 0.81354591
12.150898 0.82056754
14.020267 0.82398199
15.889636 0.82186173
17.759005 0.82687325
19.628374 0.82848409
21.497743 0.83317895
23.367112 0.83439053
25.236481 0.83545066
27.105850 0.83853467
28.975219 0.83962233
30.844588 0.83996653
32.713957 0.84130202
34.583326 0.84230708
36.452695 0.84138463
38.322064 0.84093028
40.191433 0.84148100
42.060801 0.84236215
43.930170 0.84110927
45.799539 0.83865858
47.668908 0.83454197
49.538277 0.82920002
51.407646 0.82314214
53.277015 0.81614804
55.146384 0.80758440
57.015753 0.80801121
58.885122 0.80864453
60.754491 0.81474372
62.623860 0.82209578
64.493229 0.82725875
66.362598 0.83305504
68.231967 0.83229780
70.101336 0.83675861
71.970705 0.83896147
73.840074 0.84050348
75.709443 0.83886510
77.578812 0.83936074
79.448181 0.84130202
81.317550 0.84210056
83.186918 0.84124695
85.056287 0.84057232
86.925656 0.84186650
88.795025 0.84115057
90.664394 0.84177013
92.533763 0.84069623
94.403132 0.84126071
96.272501 0.84229331
98.141870 0.83976001
100.011239 0.84058609
101.880608 0.84031073
103.749977 0.83909915
105.619346 0.83802526
107.488715 0.83622166
109.358084 0.83609775
111.227453 0.83009494
