# Layer profile at T = 0.380000
# input   = bicrystal_Sigma421_theta4.8381deg.dat
# seed    = 5000797
# n_samples = 1000
# Lx = 240.701598  Ly = 83.381479
# columns : x rho coord psi6 psi4
2.005847 0.82733105 5.905663 0.823780 0.114538
6.017540 0.82752537 5.905075 0.822877 0.114661
10.029233 0.82792597 5.908089 0.825034 0.113485
14.040927 0.82951341 5.913527 0.827394 0.112448
18.052620 0.83082581 5.915891 0.830508 0.111104
22.064313 0.83463746 5.941903 0.840468 0.105333
26.076006 0.83800367 5.962984 0.847576 0.100938
30.087700 0.83879291 5.968226 0.847970 0.100278
34.099393 0.83920845 5.967704 0.848933 0.100031
38.111086 0.83918752 5.967468 0.850157 0.099550
42.122780 0.84077197 5.978221 0.852840 0.097755
46.134473 0.84177945 5.985549 0.854014 0.096683
50.146166 0.84276300 5.984697 0.854793 0.096438
54.157859 0.84258363 5.987617 0.855379 0.096017
58.169553 0.84238632 5.987625 0.855880 0.095996
62.181246 0.84276599 5.989113 0.856018 0.095812
66.192939 0.84279290 5.989284 0.855631 0.095848
70.204633 0.84282279 5.988994 0.854922 0.095777
74.216326 0.84251487 5.989359 0.855541 0.096100
78.228019 0.84224880 5.989132 0.855236 0.095924
82.239713 0.84197078 5.988407 0.855127 0.096172
86.251406 0.84180934 5.988274 0.853939 0.096423
90.263099 0.84212025 5.988661 0.853800 0.096483
94.274792 0.84186913 5.987983 0.853974 0.096473
98.286486 0.84091248 5.984869 0.852979 0.097220
102.298179 0.84062250 5.981155 0.851589 0.097882
106.309872 0.83849395 5.970518 0.848529 0.100056
110.321566 0.83388709 5.944855 0.840553 0.105031
114.333259 0.82946558 5.919119 0.829923 0.110578
118.344952 0.82490057 5.891842 0.819666 0.116635
122.356645 0.82678995 5.895893 0.818603 0.116825
126.368339 0.82754929 5.907050 0.823489 0.114303
130.380032 0.83167185 5.930229 0.831696 0.109509
134.391725 0.83517259 5.951812 0.840792 0.104663
138.403419 0.83818902 5.968139 0.846950 0.100649
142.415112 0.83885868 5.971468 0.849583 0.099661
146.426805 0.83766286 5.964932 0.849246 0.100120
150.438498 0.83872116 5.967354 0.850375 0.099629
154.450192 0.84028169 5.979283 0.851794 0.097845
158.461885 0.84136988 5.987049 0.853851 0.096568
162.473578 0.84201562 5.988568 0.854646 0.096354
166.485272 0.84249394 5.989692 0.854987 0.096025
170.496965 0.84227571 5.989561 0.855031 0.096048
174.508658 0.84203356 5.989722 0.855166 0.096057
178.520352 0.84261053 5.989062 0.854960 0.096069
182.532045 0.84214417 5.988963 0.854161 0.096261
186.543738 0.84202160 5.988703 0.854780 0.096349
190.555431 0.84256868 5.989693 0.855825 0.095753
194.567125 0.84221891 5.988624 0.854543 0.096127
198.578818 0.84284671 5.989029 0.855384 0.096001
202.590511 0.84240127 5.989662 0.854348 0.096191
206.602205 0.84191397 5.989195 0.854478 0.096124
210.613898 0.84245807 5.989042 0.854380 0.096294
214.625591 0.84226076 5.989355 0.855364 0.095982
218.637284 0.84232653 5.988405 0.855122 0.096084
222.648978 0.84257466 5.987787 0.854557 0.096445
226.660671 0.84068827 5.979880 0.852772 0.097789
230.672364 0.83888259 5.969388 0.848197 0.100025
234.684058 0.83330413 5.937167 0.839064 0.106336
238.695751 0.82904405 5.914747 0.828591 0.111768
