# Layer profile at T = 0.300000
# input   = bicrystal_Sigma421_theta4.8381deg.dat
# seed    = 1000785
# n_samples = 1000
# Lx = 236.348274  Ly = 81.873444
# columns : x rho coord psi6 psi4
1.969569 0.86202078 5.971922 0.895023 0.085688
5.908707 0.86734773 5.992639 0.905892 0.078604
9.847845 0.87058794 5.999035 0.910555 0.075365
13.786983 0.87096002 5.999281 0.911194 0.074983
17.726121 0.87087940 5.999384 0.911103 0.074959
21.665258 0.87098482 5.999391 0.911401 0.074877
25.604396 0.87015694 5.999255 0.911216 0.075051
29.543534 0.87112745 5.999313 0.911565 0.074773
33.482672 0.87054453 5.999259 0.911142 0.075008
37.421810 0.87102823 5.999377 0.911469 0.074836
41.360948 0.87070266 5.999231 0.911034 0.074969
45.300086 0.87104373 5.999306 0.911136 0.074790
49.239224 0.87058794 5.999281 0.910960 0.074885
53.178362 0.87067165 5.999199 0.910784 0.075077
57.117500 0.87063135 5.999430 0.911512 0.074721
61.056638 0.87086700 5.999331 0.911420 0.074837
64.995775 0.87061894 5.999366 0.910961 0.074947
68.934913 0.87077398 5.999391 0.911463 0.074892
72.874051 0.87052902 5.999423 0.911363 0.074854
76.813189 0.87109645 5.999438 0.911593 0.074806
80.752327 0.87069646 5.999274 0.910976 0.074929
84.691465 0.87064995 5.999313 0.911588 0.074835
88.630603 0.87115226 5.999345 0.911673 0.074751
92.569741 0.87028407 5.999337 0.911206 0.074986
96.508879 0.87088250 5.999284 0.910797 0.074983
100.448017 0.87083909 5.999338 0.910874 0.075168
104.387155 0.87011043 5.999063 0.910439 0.075456
108.326292 0.86708418 5.994715 0.906900 0.077681
112.265430 0.86591832 5.978336 0.896513 0.084287
116.204568 0.86536640 5.957985 0.886022 0.091392
120.143706 0.85990922 5.966978 0.890811 0.088023
124.082844 0.86531989 5.985430 0.904562 0.079784
128.021982 0.86895078 5.990926 0.909237 0.076802
131.961120 0.87050422 5.998906 0.910901 0.075067
135.900258 0.87058794 5.999277 0.911022 0.074956
139.839396 0.87056933 5.999327 0.910689 0.075029
143.778534 0.87058484 5.999384 0.911100 0.074857
147.717672 0.86997090 5.999362 0.910679 0.075166
151.656809 0.87119877 5.999342 0.911093 0.074979
155.595947 0.87010113 5.999330 0.910977 0.074871
159.535085 0.87056313 5.999295 0.910857 0.075148
163.474223 0.87048561 5.998999 0.910867 0.075113
167.413361 0.87071196 5.999316 0.910742 0.075115
171.352499 0.87045151 5.999256 0.910602 0.075233
175.291637 0.87044530 5.999298 0.911436 0.074959
179.230775 0.87035228 5.999302 0.911002 0.074913
183.169913 0.87057243 5.999348 0.911248 0.074856
187.109051 0.87038329 5.999305 0.910852 0.075040
191.048189 0.87053833 5.999263 0.911082 0.074880
194.987326 0.87096002 5.999245 0.911143 0.074789
198.926464 0.87014454 5.999327 0.911239 0.074922
202.865602 0.87091351 5.999252 0.911204 0.075025
206.804740 0.87028097 5.999355 0.911085 0.074875
210.743878 0.87073367 5.999352 0.911389 0.074921
214.683016 0.87027787 5.999245 0.910788 0.075082
218.622154 0.87082669 5.999234 0.910711 0.075095
222.561292 0.86957402 5.998681 0.910135 0.075752
226.500430 0.86553694 5.989937 0.904229 0.079486
230.439568 0.86510285 5.971051 0.893473 0.086526
234.378706 0.86540361 5.962691 0.888835 0.089737
