# Layer profile at T = 0.420000
# input   = perfect_Sigma421_theta4.8381deg.dat
# seed    = 7000026
# n_samples = 1000
# Lx = 264.413506  Ly = 91.595525
# columns : x rho coord psi6 psi4
2.203446 0.69142058 5.646168 0.599505 0.188295
6.610338 0.69317457 5.651963 0.598600 0.187704
11.017229 0.69653390 5.670668 0.598787 0.186481
15.424121 0.69193340 5.648779 0.597268 0.188456
19.831013 0.69564948 5.641318 0.597480 0.189091
24.237905 0.68756082 5.633059 0.597209 0.189745
28.644796 0.68608677 5.627804 0.596860 0.190101
33.051688 0.67701955 5.617908 0.599772 0.190320
37.458580 0.67912532 5.614595 0.598653 0.190945
41.865472 0.68920332 5.638815 0.597504 0.189208
46.272363 0.69289710 5.653583 0.596957 0.188131
50.679255 0.69721271 5.663548 0.598430 0.186382
55.086147 0.69909304 5.668426 0.598486 0.186571
59.493039 0.70560361 5.691403 0.599139 0.184228
63.899931 0.70120873 5.683834 0.597860 0.185522
68.306822 0.70213279 5.681670 0.596858 0.185775
72.713714 0.70269516 5.683864 0.598790 0.185281
77.120606 0.70638894 5.695176 0.597230 0.184385
81.527498 0.70070830 5.675812 0.598274 0.186313
85.934389 0.70036394 5.670973 0.598213 0.186670
90.341281 0.69838946 5.671805 0.597205 0.186502
94.748173 0.70022768 5.679934 0.596516 0.186076
99.155065 0.69649426 5.668483 0.597077 0.187150
103.561956 0.70166952 5.680489 0.596798 0.185973
107.968848 0.70522952 5.697566 0.597285 0.184014
112.375740 0.70340369 5.685479 0.598601 0.185103
116.782632 0.68355489 5.631409 0.598899 0.189382
121.189523 0.68025749 5.614982 0.597357 0.191252
125.596415 0.68331954 5.608550 0.596332 0.191951
130.003307 0.68639645 5.636443 0.595056 0.190138
134.410199 0.69609293 5.657665 0.596865 0.188199
138.817090 0.70096099 5.673366 0.597296 0.186637
143.223982 0.70074050 5.681480 0.597404 0.185575
147.630874 0.69684853 5.671218 0.598504 0.186444
152.037766 0.69787417 5.661609 0.595208 0.187974
156.444657 0.69147013 5.635499 0.595570 0.189828
160.851549 0.68554175 5.628925 0.598165 0.190052
165.258441 0.69263450 5.645690 0.597745 0.188194
169.665333 0.69820614 5.663104 0.597549 0.187012
174.072224 0.69455695 5.654154 0.598753 0.187524
178.479116 0.69225546 5.646713 0.601154 0.187708
182.886008 0.69988828 5.672997 0.597268 0.186150
187.292900 0.69753724 5.665370 0.596719 0.187076
191.699792 0.69402927 5.655369 0.598065 0.187664
196.106683 0.69750256 5.664256 0.596103 0.187125
200.513575 0.70412213 5.687812 0.595732 0.185586
204.920467 0.70389173 5.689586 0.594711 0.185882
209.327359 0.70303704 5.687760 0.595884 0.185602
213.734250 0.70480837 5.688879 0.599148 0.184854
218.141142 0.69728455 5.675272 0.599129 0.185849
222.548034 0.68947336 5.655323 0.601058 0.186932
226.954926 0.69491369 5.655715 0.599874 0.187476
231.361817 0.69477248 5.655991 0.596882 0.187357
235.768709 0.69072196 5.648769 0.596960 0.188560
240.175601 0.69615239 5.652324 0.598497 0.187712
244.582493 0.69561975 5.656631 0.596373 0.188376
248.989384 0.69385833 5.642241 0.594957 0.189631
253.396276 0.68873510 5.623893 0.596209 0.191012
257.803168 0.69279553 5.643205 0.596220 0.189298
262.210060 0.69786921 5.662704 0.597649 0.187123
