# Layer profile at T = 0.340000
# input   = perfect_Sigma421_theta4.8381deg.dat
# seed    = 3000014
# n_samples = 1000
# Lx = 237.984895  Ly = 82.440386
# columns : x rho coord psi6 psi4
1.983207 0.85846850 5.997022 0.887482 0.084376
5.949622 0.85752047 5.996947 0.887072 0.084301
9.916037 0.85826972 5.996797 0.887961 0.084112
13.882452 0.85822997 5.996690 0.887400 0.084402
17.848867 0.85786604 5.996842 0.887943 0.084042
21.815282 0.85810764 5.996778 0.887938 0.084122
25.781697 0.85802813 5.996700 0.887484 0.084330
29.748112 0.85804953 5.997252 0.887479 0.084337
33.714527 0.85816880 5.996746 0.887544 0.084441
37.680942 0.85761833 5.996680 0.887584 0.084272
41.647357 0.85821162 5.996782 0.887194 0.084248
45.613772 0.85805565 5.996625 0.887476 0.084232
49.580187 0.85844098 5.996705 0.887915 0.084006
53.546601 0.85839511 5.996776 0.887318 0.084189
57.513016 0.85814434 5.996657 0.887151 0.084408
61.479431 0.85786910 5.996467 0.887227 0.084480
65.445846 0.85798837 5.996664 0.887257 0.084378
69.412261 0.85757857 5.996559 0.886963 0.084353
73.378676 0.85827278 5.996597 0.887468 0.084266
77.345091 0.85821773 5.996772 0.887722 0.084241
81.311506 0.85801895 5.996863 0.887541 0.084242
85.277921 0.85799754 5.996521 0.887639 0.084318
89.244336 0.85783852 5.996838 0.887588 0.084329
93.210751 0.85787828 5.996631 0.886715 0.084485
97.177166 0.85840122 5.996754 0.887111 0.084337
101.143581 0.85766726 5.996687 0.887577 0.084276
105.109995 0.85840734 5.996815 0.887632 0.084233
109.076410 0.85810764 5.996871 0.887359 0.084377
113.042825 0.85838287 5.996897 0.887915 0.084226
117.009240 0.85854496 5.996684 0.887768 0.084167
120.975655 0.85821467 5.996957 0.887584 0.084219
124.942070 0.85897004 5.997073 0.887807 0.084069
128.908485 0.85823608 5.997164 0.888274 0.083918
132.874900 0.85877126 5.996909 0.888133 0.084065
136.841315 0.85900980 5.996906 0.888081 0.083876
140.807730 0.85845933 5.997075 0.888141 0.084093
144.774145 0.85889971 5.997102 0.888304 0.083886
148.740560 0.85835841 5.996861 0.887736 0.084037
152.706975 0.85921470 5.996882 0.888776 0.083962
156.673389 0.85901286 5.997084 0.888364 0.083846
160.639804 0.85876515 5.996848 0.888408 0.083952
164.606219 0.85896698 5.997141 0.888422 0.083850
168.572634 0.85852049 5.996890 0.888260 0.084049
172.539049 0.85845627 5.996911 0.888100 0.084106
176.505464 0.85890276 5.997169 0.888495 0.083937
180.471879 0.85863059 5.997044 0.887851 0.084127
184.438294 0.85852355 5.996823 0.887639 0.084212
188.404709 0.85827890 5.996936 0.887931 0.084133
192.371124 0.85869481 5.996934 0.888229 0.084049
196.337539 0.85835229 5.996868 0.887620 0.084360
200.303954 0.85836147 5.996701 0.887114 0.084501
204.270368 0.85847462 5.996901 0.887739 0.084131
208.236783 0.85887830 5.996756 0.887985 0.084286
212.203198 0.85823302 5.996554 0.887967 0.084105
216.169613 0.85849297 5.997132 0.888258 0.084011
220.136028 0.85880796 5.996923 0.887921 0.083961
224.102443 0.85820856 5.996519 0.887461 0.084328
228.068858 0.85808012 5.996931 0.887874 0.084080
232.035273 0.85814739 5.996750 0.887370 0.084352
236.001688 0.85793944 5.996564 0.887325 0.084401
