# Layer profile at T = 0.280000
# input   = perfect_Sigma421_theta4.8381deg.dat
# seed    = 5
# n_samples = 1000
# Lx = 235.534682  Ly = 81.591607
# columns : x rho coord psi6 psi4
1.962789 0.87652846 5.999665 0.921089 0.070658
5.888367 0.87629742 5.999715 0.920821 0.070824
9.813945 0.87617566 5.999669 0.921011 0.070723
13.739523 0.87626620 5.999758 0.921329 0.070718
17.665101 0.87643167 5.999744 0.921305 0.070635
21.590679 0.87617566 5.999672 0.921283 0.070546
25.516257 0.87667832 5.999726 0.921217 0.070746
29.441835 0.87677823 5.999772 0.921300 0.070637
33.367413 0.87665334 5.999726 0.921319 0.070561
37.292991 0.87680633 5.999690 0.921301 0.070684
41.218569 0.87611322 5.999718 0.921641 0.070488
45.144147 0.87624122 5.999719 0.921193 0.070559
49.069725 0.87646914 5.999729 0.921302 0.070569
52.995303 0.87655344 5.999761 0.921734 0.070575
56.920881 0.87610697 5.999694 0.920803 0.070771
60.846459 0.87630679 5.999719 0.920745 0.070719
64.772038 0.87607575 5.999747 0.921246 0.070693
68.697616 0.87621937 5.999690 0.921166 0.070661
72.623194 0.87618190 5.999701 0.921118 0.070695
76.548772 0.87655031 5.999630 0.921158 0.070774
80.474350 0.87597272 5.999669 0.921184 0.070667
84.399928 0.87651909 5.999726 0.921274 0.070725
88.325506 0.87630367 5.999690 0.920953 0.070734
92.251084 0.87621625 5.999804 0.921404 0.070635
96.176662 0.87614132 5.999722 0.921315 0.070759
100.102240 0.87656593 5.999768 0.921450 0.070539
104.027818 0.87619127 5.999751 0.921145 0.070674
107.953396 0.87650036 5.999704 0.921008 0.070615
111.878974 0.87610385 5.999690 0.921210 0.070576
115.804552 0.87636611 5.999800 0.921292 0.070686
119.730130 0.87618815 5.999701 0.920884 0.070842
123.655708 0.87611322 5.999718 0.920646 0.070855
127.581286 0.87597896 5.999708 0.921086 0.070765
131.506864 0.87612570 5.999743 0.921479 0.070566
135.432442 0.87642543 5.999754 0.921060 0.070817
139.358020 0.87609761 5.999743 0.921052 0.070619
143.283598 0.87652534 5.999765 0.921295 0.070627
147.209176 0.87607887 5.999740 0.920953 0.070727
151.134754 0.87618503 5.999718 0.921322 0.070579
155.060332 0.87630367 5.999672 0.921123 0.070538
158.985910 0.87635362 5.999768 0.920988 0.070713
162.911488 0.87578539 5.999725 0.920995 0.070799
166.837066 0.87628181 5.999715 0.921366 0.070562
170.762644 0.87614444 5.999708 0.921000 0.070592
174.688222 0.87641606 5.999765 0.920999 0.070595
178.613800 0.87603516 5.999733 0.921133 0.070550
182.539378 0.87635674 5.999665 0.921067 0.070730
186.464957 0.87572607 5.999693 0.920973 0.070818
190.390535 0.87632240 5.999683 0.920895 0.070835
194.316113 0.87651597 5.999587 0.920613 0.070915
198.241691 0.87581037 5.999704 0.921160 0.070560
202.167269 0.87596023 5.999772 0.920958 0.070746
206.092847 0.87659090 5.999754 0.921107 0.070608
210.018425 0.87623186 5.999690 0.921349 0.070533
213.944003 0.87660339 5.999662 0.921087 0.070622
217.869581 0.87624747 5.999701 0.921297 0.070734
221.795159 0.87599770 5.999754 0.921329 0.070762
225.720737 0.87640982 5.999726 0.921342 0.070599
229.646315 0.87671267 5.999751 0.920774 0.070705
233.571893 0.87564490 5.999697 0.921297 0.070659
