# Layer profile at T = 0.420000
# input   = bicrystal_Sigma421_theta4.8381deg.dat
# seed    = 7000803
# n_samples = 1000
# Lx = 263.434801  Ly = 91.256492
# columns : x rho coord psi6 psi4
2.195290 0.69502270 5.638846 0.591861 0.190444
6.585870 0.69718159 5.641071 0.594251 0.189988
10.976450 0.70352598 5.661400 0.594283 0.188207
15.367030 0.70239287 5.665220 0.596769 0.187147
19.757610 0.70723228 5.680791 0.599633 0.185527
24.148190 0.70787371 5.684112 0.598751 0.185493
28.538770 0.70210336 5.666028 0.597400 0.187235
32.929350 0.70289952 5.657164 0.597415 0.187715
37.319930 0.69785047 5.652394 0.596946 0.188119
41.710510 0.70030886 5.656843 0.595560 0.187996
46.101090 0.70226808 5.660377 0.594830 0.188211
50.491670 0.70247274 5.655271 0.597020 0.188092
54.882250 0.70188372 5.665660 0.595972 0.187212
59.272830 0.70143947 5.654137 0.596156 0.188226
63.663410 0.69180308 5.637126 0.592369 0.190827
68.053990 0.69066998 5.645600 0.594448 0.189140
72.444570 0.70467905 5.673107 0.597219 0.186532
76.835150 0.70376058 5.670024 0.597026 0.186397
81.225730 0.70596440 5.673119 0.596368 0.186652
85.616310 0.70643361 5.679292 0.595601 0.186315
90.006890 0.70493612 5.671597 0.596313 0.186433
94.397470 0.69845446 5.653888 0.596890 0.187927
98.788050 0.69478060 5.653183 0.596315 0.188037
103.178630 0.69822484 5.654089 0.597065 0.187922
107.569210 0.70414245 5.672046 0.596334 0.186569
111.959790 0.71018484 5.695416 0.597989 0.184198
116.350370 0.71105089 5.696570 0.598137 0.184377
120.740950 0.70942361 5.692131 0.597847 0.184776
125.131530 0.70752679 5.682151 0.598149 0.185749
129.522110 0.70512081 5.673506 0.593746 0.187354
133.912690 0.70589701 5.672055 0.595244 0.187272
138.303270 0.70537289 5.673025 0.595104 0.187072
142.693850 0.70700516 5.679234 0.595886 0.186099
147.084430 0.70150436 5.662032 0.596786 0.187312
151.475010 0.70405260 5.667846 0.598289 0.186740
155.865590 0.69908590 5.652187 0.597348 0.187789
160.256170 0.69295366 5.633946 0.597605 0.189710
164.646750 0.69811253 5.641034 0.596268 0.189019
169.037330 0.70297190 5.657447 0.597962 0.187666
173.427911 0.69157596 5.631896 0.596724 0.189902
177.818491 0.68861342 5.629631 0.598566 0.189325
182.209071 0.69014086 5.668145 0.598882 0.186225
186.599651 0.69248444 5.660949 0.598717 0.186968
190.990231 0.70766406 5.679949 0.596552 0.185681
195.380811 0.70596690 5.679052 0.596625 0.185592
199.771391 0.70515326 5.676250 0.596691 0.185981
204.161971 0.70311666 5.663499 0.594887 0.187923
208.552551 0.70057591 5.660943 0.595430 0.187827
212.943131 0.70194612 5.655102 0.597269 0.188208
217.333711 0.69694948 5.641717 0.596258 0.189109
221.724291 0.67940631 5.612048 0.597392 0.191737
226.114871 0.68045206 5.616679 0.596536 0.191245
230.505451 0.69063753 5.630258 0.597350 0.189949
234.896031 0.70283713 5.662055 0.594032 0.187711
239.286611 0.69549690 5.641751 0.595527 0.189392
243.677191 0.68554105 5.618811 0.596197 0.191132
248.067771 0.69435881 5.629439 0.595293 0.190718
252.458351 0.69909589 5.644774 0.594738 0.189658
256.848931 0.69980470 5.651343 0.593586 0.189096
261.239511 0.69937791 5.640752 0.592403 0.190435
