# Layer profile at T = 0.320000
# input   = perfect_Sigma421_theta4.8381deg.dat
# seed    = 2000011
# n_samples = 1000
# Lx = 237.105444  Ly = 82.135735
# columns : x rho coord psi6 psi4
1.975879 0.86430023 5.998307 0.899872 0.079447
5.927636 0.86421704 5.998275 0.900011 0.079395
9.879394 0.86471923 5.998461 0.899922 0.079458
13.831151 0.86405684 5.998499 0.899854 0.079533
17.782908 0.86456519 5.998379 0.900028 0.079470
21.734666 0.86510126 5.998572 0.900322 0.079426
25.686423 0.86423245 5.998481 0.900022 0.079437
29.638181 0.86466685 5.998521 0.900482 0.079404
33.589938 0.86426018 5.998342 0.900245 0.079306
37.541695 0.86525223 5.998572 0.900424 0.079387
41.493453 0.86465761 5.998518 0.900248 0.079304
45.445210 0.86468534 5.998493 0.900226 0.079394
49.396968 0.86456210 5.998354 0.900195 0.079271
53.348725 0.86431871 5.998417 0.899932 0.079344
57.300482 0.86466069 5.998521 0.900336 0.079306
61.252240 0.86425401 5.998610 0.900590 0.079073
65.203997 0.86481782 5.998361 0.900306 0.079254
69.155755 0.86450665 5.998375 0.900066 0.079563
73.107512 0.86457751 5.998236 0.900052 0.079575
77.059269 0.86479625 5.998507 0.900265 0.079470
81.011027 0.86513207 5.998451 0.900429 0.079402
84.962784 0.86425401 5.998407 0.900326 0.079388
88.914542 0.86527687 5.998586 0.900499 0.079269
92.866299 0.86472231 5.998386 0.900680 0.079160
96.818056 0.86471615 5.998472 0.900130 0.079362
100.769814 0.86428482 5.998367 0.899734 0.079643
104.721571 0.86442346 5.998279 0.899938 0.079530
108.673329 0.86528612 5.998483 0.900672 0.079402
112.625086 0.86487944 5.998493 0.900249 0.079272
116.576843 0.86490716 5.998329 0.900003 0.079523
120.528601 0.86465145 5.998514 0.900545 0.079242
124.480358 0.86468534 5.998233 0.900621 0.079113
128.432116 0.86485787 5.998358 0.900619 0.079167
132.383873 0.86496262 5.998472 0.900767 0.079138
136.335630 0.86453438 5.998521 0.899833 0.079425
140.287388 0.86460524 5.998564 0.900292 0.079408
144.239145 0.86431871 5.998282 0.899685 0.079483
148.190903 0.86492873 5.998547 0.900436 0.079284
152.142660 0.86443271 5.998496 0.899934 0.079417
156.094417 0.86466069 5.998471 0.900716 0.079232
160.046175 0.86460524 5.998568 0.899891 0.079434
163.997932 0.86534773 5.998483 0.900408 0.079200
167.949690 0.86436493 5.998303 0.900075 0.079376
171.901447 0.86491025 5.998290 0.900933 0.079219
175.853205 0.86501192 5.998401 0.901051 0.079130
179.804962 0.86531692 5.998729 0.900605 0.079333
183.756719 0.86474696 5.998689 0.900594 0.079154
187.708477 0.86468842 5.998350 0.900487 0.079188
191.660234 0.86472231 5.998632 0.900282 0.079406
195.611992 0.86514439 5.998654 0.900782 0.079181
199.563749 0.86505505 5.998529 0.900442 0.079241
203.515506 0.86476852 5.998593 0.900878 0.079139
207.467264 0.86504889 5.998444 0.900559 0.079270
211.419021 0.86458059 5.998411 0.900658 0.079231
215.370779 0.86489484 5.998426 0.900100 0.079417
219.322536 0.86491333 5.998507 0.900906 0.079121
223.274293 0.86467918 5.998493 0.900628 0.079173
227.226051 0.86450049 5.998578 0.900322 0.079320
231.177808 0.86454670 5.998350 0.900417 0.079255
235.129566 0.86477777 5.998258 0.900038 0.079467
