# Layer profile at T = 0.440000
# input   = bicrystal_Sigma421_theta4.8381deg.dat
# seed    = 8000806
# n_samples = 1000
# Lx = 318.768134  Ly = 110.424521
# columns : x rho coord psi6 psi4
2.656401 0.47324733 6.071331 0.479885 0.185224
7.969203 0.46532285 5.988183 0.487894 0.189182
13.282006 0.45415973 5.929748 0.490483 0.192109
18.594808 0.41516805 5.811282 0.502669 0.196432
23.907610 0.39700262 5.767358 0.505809 0.198853
29.220412 0.43775510 5.844102 0.498132 0.194018
34.533215 0.49929462 6.080459 0.481052 0.182912
39.846017 0.50035485 6.119445 0.480094 0.181241
45.158819 0.48985139 6.090682 0.483270 0.181931
50.471621 0.49197867 6.075877 0.486810 0.181631
55.784423 0.48131498 6.050753 0.489878 0.182007
61.097226 0.48024282 6.048853 0.487281 0.184605
66.410028 0.49599120 6.110114 0.480944 0.182064
71.722830 0.50310260 6.171939 0.474613 0.179538
77.035632 0.49393721 6.116673 0.478842 0.182167
82.348435 0.48951048 6.110719 0.480289 0.182473
87.661237 0.48446329 6.043748 0.482808 0.185995
92.974039 0.47465018 6.005868 0.488059 0.186605
98.286841 0.48495591 5.978232 0.492273 0.185821
103.599644 0.46821889 5.961549 0.491801 0.187922
108.912446 0.47548029 6.032404 0.486167 0.184767
114.225248 0.47733655 6.088546 0.484226 0.182881
119.538050 0.47341608 6.052010 0.485139 0.184914
124.850852 0.45162847 5.910815 0.493806 0.191747
130.163655 0.43103916 5.842808 0.499064 0.194496
135.476457 0.44729208 5.924507 0.492497 0.191227
140.789259 0.49327754 6.102668 0.480035 0.183157
146.102061 0.52766522 6.256546 0.471402 0.175075
151.414864 0.52837432 6.264232 0.472032 0.173738
156.727666 0.52632544 6.227178 0.473940 0.175375
162.040468 0.50439806 6.164880 0.478402 0.178218
167.353270 0.48115305 6.032816 0.485819 0.185123
172.666073 0.43178064 5.839600 0.496010 0.196617
177.978875 0.42582151 5.848856 0.494937 0.196874
183.291677 0.45338757 5.905826 0.494843 0.192157
188.604479 0.48144623 5.996994 0.490646 0.185583
193.917281 0.50721568 6.140783 0.481806 0.178906
199.230084 0.49996792 6.098356 0.483162 0.181303
204.542886 0.47120186 6.026520 0.485911 0.186367
209.855688 0.48560705 6.045509 0.486815 0.184036
215.168490 0.50346907 6.163045 0.476740 0.179834
220.481293 0.49366277 6.129742 0.480324 0.181095
225.794095 0.46726434 6.046329 0.486181 0.185761
231.106897 0.48129964 6.083542 0.485340 0.183327
236.419699 0.48854570 6.086497 0.484550 0.182100
241.732502 0.47186834 5.997414 0.489011 0.187050
247.045304 0.45641145 5.975937 0.490160 0.188053
252.358106 0.46189329 6.026530 0.485143 0.186979
257.670908 0.47715758 6.065255 0.482061 0.184354
262.983710 0.48645933 6.050268 0.482863 0.184762
268.296513 0.47797576 6.015149 0.486493 0.186186
273.609315 0.44770799 5.949085 0.491248 0.189941
278.922117 0.46448933 6.019108 0.488988 0.185484
284.234919 0.50368555 6.159837 0.480063 0.178421
289.547722 0.51975950 6.204546 0.474870 0.177388
294.860524 0.49568949 6.178124 0.476106 0.179983
300.173326 0.47121379 6.116805 0.479733 0.183185
305.486128 0.49148094 6.107750 0.479762 0.182987
310.798931 0.49063208 6.085670 0.483244 0.182323
316.111733 0.47923543 6.071343 0.482015 0.184848
