# Layer profile at T = 0.380000
# input   = perfect_Sigma421_theta4.8381deg.dat
# seed    = 5000020
# n_samples = 1000
# Lx = 239.992274  Ly = 83.135762
# columns : x rho coord psi6 psi4
1.999936 0.84437801 5.988778 0.856919 0.095389
5.999807 0.84438403 5.988863 0.856295 0.095707
9.999678 0.84388483 5.989224 0.856506 0.095611
13.999549 0.84469076 5.988768 0.856285 0.095682
17.999421 0.84360816 5.988386 0.855934 0.095792
21.999292 0.84419758 5.988587 0.855431 0.095790
25.999163 0.84399609 5.988687 0.856093 0.095630
29.999034 0.84396602 5.988380 0.855044 0.095981
33.998906 0.84371943 5.988434 0.855623 0.095843
37.998777 0.84433290 5.988898 0.856470 0.095695
41.998648 0.84374349 5.988399 0.855568 0.095919
45.998519 0.84369236 5.988284 0.855393 0.096023
49.998390 0.84430283 5.989030 0.856096 0.095656
53.998262 0.84408631 5.988642 0.855482 0.095873
57.998133 0.84352396 5.988670 0.855091 0.096023
61.998004 0.84425471 5.988463 0.855265 0.095842
65.997875 0.84362019 5.988707 0.855691 0.095823
69.997747 0.84415848 5.988540 0.855464 0.095800
73.997618 0.84411939 5.988343 0.855616 0.095826
77.997489 0.84351494 5.988121 0.854988 0.096083
81.997360 0.84353298 5.988114 0.855397 0.096067
85.997232 0.84378258 5.988716 0.855365 0.096150
89.997103 0.84347885 5.988506 0.855339 0.096085
93.996974 0.84388783 5.988657 0.855787 0.095785
97.996845 0.84391189 5.988586 0.855995 0.095885
101.996717 0.84407127 5.988806 0.855695 0.095833
105.996588 0.84391189 5.989246 0.856202 0.095581
109.996459 0.84428779 5.989215 0.856586 0.095530
113.996330 0.84472685 5.988871 0.856423 0.095823
117.996201 0.84382167 5.988542 0.856159 0.095729
121.996073 0.84470279 5.989366 0.856509 0.095476
125.995944 0.84418254 5.988864 0.856154 0.095876
129.995815 0.84463663 5.988728 0.856534 0.095651
133.995686 0.84439605 5.989237 0.856005 0.095650
137.995558 0.84430283 5.988674 0.856543 0.095410
141.995429 0.84445018 5.989598 0.856475 0.095669
145.995300 0.84421863 5.989107 0.856515 0.095440
149.995171 0.84397504 5.988776 0.855191 0.095940
153.995043 0.84448326 5.988480 0.856434 0.095737
157.994914 0.84453138 5.988933 0.856566 0.095652
161.994785 0.84423366 5.989107 0.856746 0.095418
165.994656 0.84455243 5.989361 0.856650 0.095443
169.994528 0.84450131 5.989335 0.856647 0.095544
173.994399 0.84374649 5.988659 0.855930 0.095744
177.994270 0.84466069 5.988664 0.855866 0.095771
181.994141 0.84388182 5.988664 0.856420 0.095590
185.994012 0.84360515 5.988261 0.856058 0.095891
189.993884 0.84435997 5.988005 0.855328 0.096055
193.993755 0.84292853 5.987000 0.854256 0.096704
197.993626 0.84343675 5.987107 0.853737 0.096628
201.993497 0.84387280 5.987570 0.854891 0.096232
205.993369 0.84364726 5.987766 0.854939 0.096288
209.993240 0.84320519 5.985545 0.854544 0.096544
213.993111 0.84395099 5.985932 0.853983 0.096692
217.992982 0.84348787 5.985358 0.854242 0.096827
221.992854 0.84422765 5.987223 0.855031 0.096301
225.992725 0.84390588 5.987777 0.855960 0.095921
229.992596 0.84383972 5.984601 0.855515 0.096174
233.992467 0.84404421 5.988417 0.856185 0.095854
237.992339 0.84413443 5.989508 0.856823 0.095357
