# Layer profile at T = 0.300000
# input   = perfect_Sigma421_theta4.8381deg.dat
# seed    = 1000008
# n_samples = 1000
# Lx = 236.325205  Ly = 81.865453
# columns : x rho coord psi6 psi4
1.969377 0.87020278 5.999316 0.911172 0.075003
5.908130 0.87023380 5.999170 0.910775 0.074979
9.846884 0.86990506 5.999187 0.911261 0.074918
13.785637 0.87052221 5.999181 0.910998 0.074928
17.724390 0.87000430 5.999276 0.911569 0.074968
21.663144 0.87086025 5.999345 0.911247 0.074828
25.601897 0.87022449 5.999266 0.911171 0.074939
29.540651 0.86996398 5.999341 0.911129 0.074980
33.479404 0.87057184 5.999277 0.910773 0.074922
37.418157 0.87031133 5.999212 0.910697 0.075046
41.356911 0.87040747 5.999230 0.911390 0.074898
45.295664 0.87039816 5.999213 0.911087 0.074930
49.234418 0.87006012 5.999227 0.911134 0.074929
53.173171 0.87041367 5.999334 0.911442 0.074912
57.111925 0.87046019 5.999369 0.910991 0.074906
61.050678 0.87015626 5.999351 0.911353 0.074932
64.989431 0.86992367 5.999308 0.910700 0.075098
68.928185 0.87068658 5.999295 0.910994 0.074963
72.866938 0.87028652 5.999287 0.911636 0.074756
76.805692 0.87086646 5.999384 0.911589 0.074797
80.744445 0.87082614 5.999330 0.911647 0.074772
84.683199 0.87031443 5.999302 0.911577 0.074763
88.621952 0.87053772 5.999373 0.911446 0.074769
92.560705 0.87048190 5.999384 0.911640 0.074916
96.499459 0.87086025 5.999477 0.911575 0.074678
100.438212 0.87062146 5.999345 0.911695 0.074769
104.376966 0.87059044 5.999409 0.911563 0.074645
108.315719 0.87076101 5.999338 0.911440 0.074789
112.254472 0.87124481 5.999295 0.912100 0.074677
116.193226 0.87059665 5.999448 0.911564 0.074795
120.131979 0.87056873 5.999177 0.911230 0.074908
124.070733 0.87053152 5.999305 0.912144 0.074571
128.009486 0.87107114 5.999338 0.911576 0.074808
131.948240 0.87035785 5.999273 0.911488 0.074867
135.886993 0.87049430 5.999401 0.911545 0.074844
139.825746 0.87106494 5.999470 0.911876 0.074688
143.764500 0.87021519 5.999305 0.911519 0.074959
147.703253 0.87069589 5.999209 0.911493 0.074817
151.642007 0.87060905 5.999309 0.911362 0.074924
155.580760 0.87058424 5.999181 0.911091 0.074833
159.519514 0.87070829 5.999451 0.911504 0.074832
163.458267 0.87049430 5.999344 0.911589 0.074657
167.397020 0.87111456 5.999356 0.911490 0.074788
171.335774 0.87041677 5.999198 0.911257 0.074934
175.274527 0.87050361 5.999220 0.911209 0.074882
179.213281 0.87065557 5.999252 0.911570 0.074890
183.152034 0.87028032 5.999266 0.911326 0.074751
187.090787 0.87023690 5.999287 0.911155 0.074991
191.029541 0.87028342 5.999309 0.911410 0.074921
194.968294 0.87019968 5.999301 0.910976 0.075073
198.907048 0.87049430 5.999270 0.911441 0.074941
202.845801 0.87022139 5.999280 0.910898 0.075060
206.784555 0.86988335 5.999344 0.911027 0.075013
210.723308 0.87032994 5.999237 0.910871 0.075042
214.662061 0.86978721 5.999208 0.910835 0.074931
218.600815 0.86998259 5.999358 0.911331 0.074938
222.539568 0.87043848 5.999327 0.911036 0.075029
226.478322 0.86962284 5.999369 0.911043 0.075005
230.417075 0.87004772 5.999415 0.911205 0.074947
234.355829 0.87031443 5.999291 0.910945 0.075101
