# Layer profile at T = 0.400000
# input   = perfect_Sigma421_theta4.8381deg.dat
# seed    = 6000023
# n_samples = 1000
# Lx = 255.966013  Ly = 88.669228
# columns : x rho coord psi6 psi4
2.133050 0.73984630 5.812458 0.731334 0.143855
6.399150 0.74080064 5.815598 0.729014 0.144226
10.665251 0.73943654 5.811897 0.729327 0.144769
14.931351 0.74114430 5.811913 0.728749 0.144759
19.197451 0.73961630 5.809869 0.725900 0.145796
23.463551 0.73989917 5.804225 0.724100 0.146916
27.729651 0.73733487 5.793021 0.721238 0.148553
31.995752 0.73820462 5.796560 0.722710 0.148109
36.261852 0.73972469 5.802196 0.723578 0.147184
40.527952 0.74213301 5.814863 0.728571 0.144586
44.794052 0.74204048 5.816497 0.729200 0.144438
49.060153 0.74064202 5.812770 0.730010 0.144083
53.326253 0.74029042 5.811142 0.729797 0.144462
57.592353 0.74467351 5.823731 0.730583 0.143233
61.858453 0.74380641 5.824773 0.728866 0.143972
66.124553 0.74409456 5.829097 0.729626 0.142744
70.390654 0.74187394 5.821794 0.728008 0.143892
74.656754 0.74170210 5.819300 0.730106 0.143802
78.922854 0.74248461 5.822706 0.729826 0.143475
83.188954 0.74301597 5.826515 0.732255 0.142540
87.455055 0.74541372 5.837837 0.734936 0.140747
91.721155 0.74277012 5.834088 0.736036 0.140978
95.987255 0.74307413 5.831310 0.735161 0.141306
100.253355 0.74563843 5.836716 0.734409 0.140929
104.519455 0.74693644 5.842110 0.736407 0.140332
108.785556 0.74343102 5.836786 0.734479 0.141058
113.051656 0.74362400 5.833426 0.733435 0.141639
117.317756 0.74403112 5.825686 0.731558 0.142754
121.583856 0.74314287 5.822649 0.732069 0.143130
125.849957 0.74232071 5.824576 0.731113 0.143147
130.116057 0.74305298 5.825773 0.731163 0.142932
134.382157 0.74514936 5.836552 0.733144 0.141494
138.648257 0.74517844 5.834689 0.731645 0.141935
142.914358 0.74602968 5.839590 0.732790 0.141469
147.180458 0.74823973 5.847526 0.735070 0.139935
151.446558 0.74753389 5.844390 0.736044 0.140074
155.712658 0.74643679 5.837776 0.734387 0.140830
159.978758 0.74352619 5.829127 0.731073 0.142593
164.244859 0.74517315 5.834325 0.732054 0.141790
168.510959 0.74371388 5.829202 0.732182 0.142593
172.777059 0.74327505 5.825558 0.731793 0.142958
177.043159 0.74496960 5.828972 0.731102 0.142827
181.309260 0.74177084 5.813487 0.726855 0.145457
185.575360 0.73872541 5.791951 0.719582 0.149597
189.841460 0.73573549 5.778594 0.714231 0.152001
194.107560 0.73704143 5.785428 0.713655 0.151357
198.373660 0.73866461 5.794185 0.716643 0.150104
202.639761 0.73984630 5.802375 0.718996 0.148678
206.905861 0.74043317 5.806394 0.720904 0.147485
211.171961 0.74066052 5.806586 0.723080 0.146811
215.438061 0.74053628 5.809231 0.723452 0.146361
219.704162 0.73954492 5.811753 0.726568 0.145541
223.970262 0.74093546 5.817283 0.728330 0.144295
228.236362 0.74069225 5.816681 0.729335 0.144148
232.502462 0.74006307 5.819011 0.732242 0.143140
236.768562 0.74313229 5.827638 0.734946 0.141704
241.034663 0.73914310 5.821207 0.734644 0.142226
245.300763 0.73915632 5.817505 0.735780 0.142487
249.566863 0.73915896 5.811687 0.733783 0.143396
253.832963 0.73758602 5.818446 0.735788 0.142374
