# Layer profile at T = 0.440000
# input   = perfect_Sigma421_theta4.8381deg.dat
# seed    = 8000029
# n_samples = 1000
# Lx = 309.557227  Ly = 107.233769
# columns : x rho coord psi6 psi4
2.579644 0.50173899 5.954014 0.498116 0.185235
7.738931 0.51014569 6.006406 0.495402 0.181586
12.898218 0.50203181 5.942513 0.497748 0.185844
18.057505 0.51492834 6.007786 0.493705 0.182705
23.216792 0.52526905 6.017271 0.495115 0.180957
28.376079 0.52288496 6.012258 0.494065 0.182245
33.535366 0.50268251 5.946410 0.495449 0.187012
38.694653 0.49660750 5.932585 0.493950 0.188346
43.853940 0.50590167 5.938612 0.494853 0.187099
49.013228 0.51549047 5.990189 0.493361 0.183731
54.172515 0.52455147 5.994597 0.494288 0.183207
59.331802 0.52132689 5.999886 0.491855 0.183452
64.491089 0.50379593 5.941408 0.496059 0.186711
69.650376 0.50084970 5.931348 0.497470 0.187037
74.809663 0.52114253 5.990844 0.492969 0.183860
79.968950 0.50726995 5.947001 0.496050 0.186532
85.128237 0.48974622 5.880477 0.498969 0.190708
90.287525 0.50644211 5.981138 0.494314 0.184239
95.446812 0.52989626 6.077230 0.489236 0.178996
100.606099 0.48802729 5.906348 0.498189 0.189542
105.765386 0.42416102 5.813365 0.506050 0.194686
110.924673 0.45676293 5.816794 0.504129 0.193961
116.083960 0.51636349 5.979228 0.495054 0.184034
121.243247 0.54830386 6.094881 0.489558 0.176782
126.402534 0.52233186 6.018268 0.493108 0.181951
131.561821 0.48730971 5.934226 0.500143 0.186034
136.721109 0.49218454 5.929905 0.498257 0.186550
141.880396 0.52805261 6.016957 0.493276 0.181555
147.039683 0.53043489 6.043791 0.491898 0.180248
152.198970 0.47460116 5.887045 0.499583 0.189682
157.358257 0.46673853 5.885645 0.499362 0.190327
162.517544 0.48905033 5.891690 0.499215 0.189332
167.676831 0.50722476 5.958043 0.494978 0.185979
172.836118 0.53442224 6.056739 0.489365 0.180314
177.995405 0.55057950 6.129422 0.485611 0.176104
183.154693 0.55559713 6.158509 0.483642 0.175397
188.313980 0.54285424 6.102080 0.486960 0.178125
193.473267 0.48895092 5.870608 0.500259 0.190379
198.632554 0.44623242 5.755539 0.508850 0.197558
203.791841 0.45495362 5.753436 0.508405 0.197442
208.951128 0.50357903 5.908458 0.498901 0.188375
214.110415 0.53043851 6.044107 0.490627 0.181151
219.269702 0.53959170 6.089378 0.485964 0.179663
224.428990 0.54561791 6.095348 0.486607 0.178283
229.588277 0.51573810 5.993993 0.492500 0.184099
234.747564 0.48633185 5.870525 0.499873 0.189918
239.906851 0.48416104 5.877246 0.500592 0.190079
245.066138 0.49371007 5.909125 0.498853 0.188520
250.225425 0.49348956 5.912769 0.497406 0.189119
255.384712 0.51057226 5.970511 0.494186 0.185543
260.543999 0.52452436 6.021441 0.493054 0.182265
265.703286 0.53596946 6.066011 0.490671 0.178890
270.862574 0.54410864 6.080285 0.489277 0.177849
276.021861 0.54536305 6.100493 0.488990 0.177412
281.181148 0.52670240 6.049355 0.489743 0.180916
286.340435 0.51133864 6.008558 0.490813 0.183837
291.499722 0.48243307 5.869246 0.498254 0.191550
296.659009 0.47488133 5.880028 0.499612 0.191000
301.818296 0.48867799 5.958241 0.494935 0.187303
306.977583 0.49326181 5.955251 0.496231 0.186465
