# Layer profile at T = 0.340000
# input   = bicrystal_Sigma421_theta4.8381deg.dat
# seed    = 3000791
# n_samples = 1000
# Lx = 238.108712  Ly = 82.483277
# columns : x rho coord psi6 psi4
1.984239 0.84917470 5.949554 0.863211 0.099246
5.952718 0.85472256 5.972024 0.874927 0.091989
9.921196 0.85624089 5.990470 0.884080 0.086518
13.889675 0.85761869 5.995569 0.887101 0.084563
17.858153 0.85768896 5.996602 0.887162 0.084308
21.826632 0.85817165 5.996963 0.887598 0.084366
25.795111 0.85796696 5.996842 0.887360 0.084375
29.763589 0.85793947 5.996453 0.887043 0.084389
33.732068 0.85812888 5.997170 0.887804 0.084250
37.700546 0.85854741 5.997086 0.887203 0.084447
41.669025 0.85822358 5.997070 0.887730 0.084158
45.637503 0.85829690 5.997167 0.888127 0.084202
49.605982 0.85821442 5.996899 0.887856 0.084235
53.574460 0.85831218 5.996768 0.887508 0.084315
57.542939 0.85803723 5.996931 0.888107 0.084113
61.511417 0.85850770 5.996662 0.887171 0.084334
65.479896 0.85797918 5.996938 0.887776 0.084241
69.448374 0.85761869 5.997104 0.888305 0.084180
73.416853 0.85803417 5.996931 0.887176 0.084349
77.385332 0.85790281 5.996742 0.887425 0.084292
81.353810 0.85840688 5.996672 0.887497 0.084320
85.322289 0.85747816 5.996929 0.887266 0.084244
89.290767 0.85797002 5.996760 0.887703 0.084193
93.259246 0.85807694 5.997081 0.887504 0.084189
97.227724 0.85766452 5.996919 0.887548 0.084293
101.196203 0.85808305 5.993186 0.886930 0.084894
105.164681 0.85690688 5.990649 0.886685 0.085399
109.133160 0.85650973 5.989649 0.884573 0.086261
113.101638 0.85168285 5.972003 0.876423 0.091484
117.070117 0.84217877 5.936203 0.858718 0.101953
121.038595 0.84670015 5.934570 0.857508 0.102758
125.007074 0.85477450 5.973406 0.874493 0.092208
128.975553 0.85700464 5.991520 0.883729 0.086470
132.944031 0.85800057 5.996514 0.887008 0.084583
136.912510 0.85798835 5.996881 0.887301 0.084263
140.880988 0.85848020 5.996954 0.887417 0.084340
144.849467 0.85889263 5.996881 0.888064 0.084098
148.817945 0.85782032 5.996845 0.887451 0.084315
152.786424 0.85823580 5.996981 0.887810 0.084296
156.754902 0.85829690 5.996957 0.887406 0.084188
160.723381 0.85871849 5.996962 0.887897 0.084096
164.691859 0.85833356 5.996839 0.887400 0.084218
168.660338 0.85801584 5.996909 0.887641 0.084254
172.628816 0.85814415 5.997006 0.887881 0.084158
176.597295 0.85836717 5.997078 0.887864 0.084236
180.565774 0.85842216 5.996996 0.887614 0.084218
184.534252 0.85865739 5.997236 0.887742 0.084189
188.502731 0.85844049 5.996879 0.887396 0.084274
192.471209 0.85811666 5.996821 0.888072 0.084088
196.439688 0.85811666 5.997287 0.887808 0.084138
200.408166 0.85870322 5.997225 0.888030 0.084094
204.376645 0.85802501 5.997155 0.887501 0.084274
208.345123 0.85785393 5.997048 0.887404 0.084311
212.313602 0.85829690 5.996629 0.888022 0.084075
216.282080 0.85804945 5.996618 0.887807 0.084461
220.250559 0.85725210 5.992791 0.886880 0.084950
224.219037 0.85808000 5.995454 0.887235 0.084765
228.187516 0.85784476 5.992739 0.884863 0.086063
232.155995 0.85036309 5.968137 0.872741 0.093416
236.124473 0.84312276 5.934612 0.858218 0.102499
