# Layer profile at T = 0.360000
# input   = perfect_Sigma421_theta4.8381deg.dat
# seed    = 4000017
# n_samples = 1000
# Lx = 238.942439  Ly = 82.772089
# columns : x rho coord psi6 psi4
1.991187 0.85144404 5.993861 0.873126 0.089518
5.973561 0.85131056 5.993953 0.872907 0.089782
9.955935 0.85152899 5.993947 0.873232 0.089619
13.938309 0.85093741 5.993201 0.872993 0.089611
17.920683 0.85149865 5.993722 0.873076 0.089592
21.903057 0.85157449 5.993769 0.873148 0.089509
25.885431 0.85092528 5.993711 0.873212 0.089551
29.867805 0.85180202 5.994099 0.873799 0.089421
33.850179 0.85162910 5.993898 0.873753 0.089364
37.832553 0.85155326 5.994346 0.873041 0.089483
41.814927 0.85216303 5.993987 0.873625 0.089498
45.797301 0.85155933 5.994054 0.873312 0.089507
49.779675 0.85131663 5.993896 0.873597 0.089517
53.762049 0.85143798 5.994374 0.873868 0.089379
57.744423 0.85192944 5.993729 0.873402 0.089663
61.726797 0.85109517 5.993809 0.873023 0.089644
65.709171 0.85139854 5.993935 0.874257 0.089440
69.691545 0.85153506 5.993363 0.872675 0.089761
73.673919 0.85159573 5.993513 0.873422 0.089668
77.656293 0.85116191 5.993542 0.873685 0.089699
81.638667 0.85148045 5.993922 0.873942 0.089316
85.621041 0.85210843 5.993738 0.872981 0.089539
89.603414 0.85104966 5.993701 0.873100 0.089578
93.585788 0.85141067 5.993711 0.873551 0.089540
97.568162 0.85148955 5.993861 0.872727 0.089629
101.550536 0.85150775 5.994022 0.873162 0.089530
105.532910 0.85157449 5.993851 0.873704 0.089375
109.515284 0.85163517 5.994226 0.873864 0.089338
113.497658 0.85140461 5.994171 0.873662 0.089385
117.480032 0.85112247 5.993769 0.873702 0.089374
121.462406 0.85195674 5.993647 0.873722 0.089339
125.444780 0.85124382 5.993614 0.872631 0.089868
129.427154 0.85139854 5.994042 0.873462 0.089523
133.409528 0.85200831 5.993958 0.873987 0.089309
137.391902 0.85151685 5.994392 0.873902 0.089287
141.374276 0.85147135 5.993925 0.873456 0.089514
145.356650 0.85140157 5.994078 0.873488 0.089701
149.339024 0.85183539 5.993533 0.873277 0.089658
153.321398 0.85118011 5.994005 0.874136 0.089359
157.303772 0.85149258 5.993305 0.872463 0.089885
161.286146 0.85151079 5.993512 0.872572 0.089815
165.268520 0.85117404 5.993609 0.873752 0.089582
169.250894 0.85101326 5.993662 0.872564 0.089855
173.233268 0.85115281 5.992925 0.872639 0.090019
177.215642 0.85132270 5.993358 0.872515 0.090011
181.198016 0.85173831 5.994080 0.873833 0.089588
185.180390 0.85123775 5.994227 0.872649 0.089615
189.162764 0.85177168 5.994013 0.873317 0.089624
193.145138 0.85086157 5.993800 0.872717 0.089959
197.127512 0.85146225 5.993622 0.872714 0.089729
201.109886 0.85129539 5.993995 0.873188 0.089602
205.092260 0.85153809 5.993723 0.873603 0.089421
209.074634 0.85147438 5.993947 0.873269 0.089619
213.057008 0.85123168 5.993770 0.873096 0.089602
217.039382 0.85195067 5.993882 0.872885 0.089664
221.021756 0.85111034 5.993595 0.873074 0.089488
225.004130 0.85169584 5.994269 0.873514 0.089386
228.986504 0.85157753 5.994371 0.873826 0.089336
232.968878 0.85150168 5.994061 0.873527 0.089647
236.951252 0.85136820 5.993992 0.873509 0.089432
