# Layer profile at T = 0.320000
# input   = bicrystal_Sigma421_theta4.8381deg.dat
# seed    = 2000788
# n_samples = 1000
# Lx = 237.215977  Ly = 82.174025
# columns : x rho coord psi6 psi4
1.976800 0.85171226 5.938751 0.869617 0.098896
5.930399 0.85426395 5.961255 0.882054 0.091489
9.883999 0.86208522 5.988874 0.895253 0.082840
13.837599 0.86404592 5.997973 0.899019 0.079948
17.791198 0.86437220 5.998479 0.900133 0.079596
21.744798 0.86386740 5.998521 0.900119 0.079436
25.698398 0.86455072 5.998487 0.900187 0.079398
29.651997 0.86433834 5.998401 0.900075 0.079562
33.605597 0.86421522 5.998604 0.900171 0.079489
37.559196 0.86422137 5.998322 0.900226 0.079482
41.512796 0.86444607 5.998544 0.899875 0.079469
45.466396 0.86445838 5.998576 0.900198 0.079481
49.419995 0.86445838 5.998476 0.900042 0.079450
53.373595 0.86478465 5.998427 0.900305 0.079253
57.327195 0.86410749 5.998401 0.899693 0.079517
61.280794 0.86449224 5.998355 0.900232 0.079412
65.234394 0.86429524 5.998476 0.900123 0.079511
69.187993 0.86458458 5.998633 0.900591 0.079280
73.141593 0.86423061 5.998622 0.900307 0.079385
77.095193 0.86436604 5.998533 0.900023 0.079528
81.048792 0.86442144 5.998469 0.900236 0.079422
85.002392 0.86443683 5.998444 0.899963 0.079419
88.955992 0.86477542 5.998541 0.900076 0.079457
92.909591 0.86419675 5.998476 0.899948 0.079431
96.863191 0.86413211 5.998547 0.900299 0.079351
100.816790 0.86496933 5.998573 0.900846 0.079312
104.770390 0.86470462 5.998323 0.900429 0.079343
108.723990 0.86342416 5.996841 0.898716 0.080360
112.677589 0.86182359 5.984410 0.890700 0.085441
116.631189 0.85435937 5.951795 0.872961 0.096284
120.584788 0.85344211 5.950730 0.873130 0.096241
124.538388 0.85976131 5.986199 0.890950 0.085004
128.491988 0.86385201 5.997777 0.898640 0.080275
132.445587 0.86420906 5.998554 0.900083 0.079556
136.399187 0.86455996 5.998633 0.899935 0.079412
140.352787 0.86416597 5.998433 0.899717 0.079576
144.306386 0.86388895 5.998343 0.900179 0.079479
148.259986 0.86418136 5.998362 0.899970 0.079525
152.213585 0.86467692 5.998416 0.900153 0.079408
156.167185 0.86405824 5.998572 0.900243 0.079474
160.120785 0.86457535 5.998654 0.900142 0.079466
164.074384 0.86407670 5.998518 0.900155 0.079321
168.027984 0.86430756 5.998483 0.900082 0.079469
171.981584 0.86438759 5.998380 0.900021 0.079550
175.935183 0.86412595 5.998554 0.900121 0.079400
179.888783 0.86425215 5.998383 0.899846 0.079447
183.842382 0.86439682 5.998622 0.900041 0.079498
187.795982 0.86441221 5.998579 0.900384 0.079346
191.749582 0.86432295 5.998561 0.900818 0.079048
195.703181 0.86372581 5.998400 0.899782 0.079578
199.656781 0.86451379 5.998672 0.900306 0.079335
203.610381 0.86455380 5.998387 0.899985 0.079537
207.563980 0.86422137 5.998294 0.900118 0.079407
211.517580 0.86385201 5.998386 0.899815 0.079495
215.471179 0.86480928 5.998345 0.899908 0.079524
219.424779 0.86469231 5.998249 0.900145 0.079447
223.378379 0.86417828 5.998312 0.900033 0.079479
227.331978 0.86371965 5.997591 0.899377 0.079832
231.285578 0.86163583 5.987611 0.894906 0.083159
235.239178 0.85838235 5.966049 0.881357 0.091360
