# Layer profile at T = 0.280000
# input   = bicrystal_Sigma421_theta4.8381deg.dat
# seed    = 782
# n_samples = 1000
# Lx = 235.571921  Ly = 81.604507
# columns : x rho coord psi6 psi4
1.963099 0.86509327 5.964527 0.899416 0.085875
5.889298 0.86933178 5.965544 0.898675 0.085892
9.815497 0.87143855 5.987332 0.911246 0.077484
13.741695 0.87570516 5.997979 0.918926 0.072223
17.667894 0.87655099 5.999690 0.920684 0.070921
21.594093 0.87635747 5.999736 0.920866 0.070707
25.520291 0.87653850 5.999701 0.921450 0.070603
29.446490 0.87643238 5.999715 0.921221 0.070633
33.372689 0.87650105 5.999708 0.921287 0.070652
37.298888 0.87646984 5.999708 0.921375 0.070495
41.225086 0.87661965 5.999701 0.920969 0.070677
45.151285 0.87623575 5.999779 0.921121 0.070690
49.077484 0.87609842 5.999690 0.920922 0.070869
53.003682 0.87652602 5.999697 0.921213 0.070502
56.929881 0.87627320 5.999776 0.920964 0.070833
60.856080 0.87635747 5.999769 0.920986 0.070802
64.782278 0.87649793 5.999736 0.921372 0.070664
68.708477 0.87643238 5.999736 0.920860 0.070775
72.634676 0.87567394 5.999783 0.920627 0.070851
76.560874 0.87653538 5.999740 0.920685 0.070745
80.487073 0.87599542 5.999740 0.921206 0.070764
84.413272 0.87652914 5.999687 0.920881 0.070686
88.339471 0.87658532 5.999662 0.921098 0.070720
92.265669 0.87615772 5.999733 0.920529 0.070845
96.191868 0.87607657 5.999761 0.921066 0.070685
100.118067 0.87642926 5.999765 0.921196 0.070692
104.044265 0.87639493 5.999744 0.921566 0.070610
107.970464 0.87624823 5.999722 0.920732 0.070904
111.896663 0.87517768 5.998784 0.919594 0.071795
115.822861 0.87428816 5.989415 0.913641 0.075765
119.749060 0.86754025 5.973597 0.903593 0.082981
123.675259 0.86592350 5.960528 0.896467 0.087355
127.601457 0.87068948 5.979420 0.907205 0.080316
131.527656 0.87500602 5.997457 0.917979 0.072809
135.453855 0.87611715 5.999615 0.920250 0.071184
139.380054 0.87629193 5.999722 0.920865 0.070807
143.306252 0.87609842 5.999654 0.921033 0.070823
147.232451 0.87624199 5.999694 0.921014 0.070818
151.158650 0.87566458 5.999722 0.920553 0.070944
155.084848 0.87608281 5.999715 0.920772 0.070776
159.011047 0.87628881 5.999747 0.921165 0.070553
162.937246 0.87602039 5.999747 0.920849 0.070820
166.863444 0.87657595 5.999669 0.921200 0.070723
170.789643 0.87617957 5.999683 0.921374 0.070788
174.715842 0.87602975 5.999715 0.921063 0.070630
178.642040 0.87642302 5.999726 0.921023 0.070811
182.568239 0.87640429 5.999797 0.921002 0.070588
186.494438 0.87609218 5.999743 0.921131 0.070762
190.420636 0.87628257 5.999676 0.920929 0.070687
194.346835 0.87638557 5.999733 0.921137 0.070658
198.273034 0.87687246 5.999665 0.921138 0.070759
202.199233 0.87599854 5.999740 0.920997 0.070772
206.125431 0.87632314 5.999719 0.921098 0.070680
210.051630 0.87701291 5.999648 0.921130 0.070625
213.977829 0.87615148 5.999697 0.920893 0.070864
217.904027 0.87633875 5.999704 0.920996 0.070980
221.830226 0.87607033 5.999669 0.920961 0.070799
225.756425 0.87568643 5.999686 0.920637 0.070988
229.682623 0.87692552 5.999185 0.919494 0.071775
233.608822 0.87331436 5.987563 0.911995 0.077138
