# Layer profile at T = 0.400000
# input   = bicrystal_Sigma421_theta4.8381deg.dat
# seed    = 6000800
# n_samples = 1000
# Lx = 255.727821  Ly = 88.586716
# columns : x rho coord psi6 psi4
2.131065 0.73131702 5.659821 0.648471 0.178707
6.393196 0.72863671 5.657304 0.648007 0.178765
10.655326 0.72947629 5.662390 0.652670 0.177460
14.917456 0.73490313 5.687299 0.657610 0.173363
19.179587 0.73301473 5.680004 0.660704 0.173333
23.441717 0.73680742 5.701580 0.663835 0.170565
27.703847 0.73766554 5.708203 0.663634 0.169998
31.965978 0.73886533 5.715104 0.665352 0.168745
36.228108 0.74231106 5.729332 0.667717 0.167102
40.490238 0.74631299 5.748829 0.671665 0.164295
44.752369 0.74646131 5.747289 0.673842 0.164049
49.014499 0.74611700 5.750680 0.674001 0.163528
53.276629 0.74736181 5.753228 0.677066 0.162740
57.538760 0.74911513 5.760428 0.676526 0.162596
61.800890 0.74884498 5.759755 0.676954 0.162600
66.063020 0.74944355 5.763215 0.679122 0.161440
70.325151 0.75055593 5.766552 0.679189 0.160914
74.587281 0.75294756 5.777192 0.682308 0.159266
78.849411 0.75382157 5.781613 0.682079 0.158851
83.111542 0.75341105 5.780383 0.682265 0.158932
87.373672 0.75119953 5.770863 0.680483 0.160093
91.635802 0.74963689 5.766481 0.678843 0.161138
95.897933 0.75008185 5.763420 0.678271 0.161328
100.160063 0.74844506 5.759616 0.679414 0.161311
104.422194 0.74844506 5.753883 0.676578 0.162577
108.684324 0.74867548 5.758324 0.676949 0.162460
112.946454 0.74833117 5.756443 0.671746 0.163676
117.208585 0.74646396 5.740982 0.669259 0.165575
121.470715 0.74437956 5.739794 0.668220 0.166403
125.732845 0.74236403 5.724467 0.662055 0.169283
129.994976 0.73923877 5.701060 0.654775 0.173621
134.257106 0.73651608 5.691245 0.650060 0.175673
138.519236 0.73981085 5.705125 0.656478 0.172795
142.781367 0.74241436 5.720123 0.663116 0.169210
147.043497 0.74140262 5.726714 0.667701 0.167605
151.305627 0.74023727 5.720169 0.669615 0.167551
155.567758 0.74284607 5.730386 0.670041 0.166553
159.829888 0.74365387 5.729372 0.669125 0.166920
164.092018 0.74295466 5.730750 0.668943 0.166729
168.354149 0.74490397 5.740098 0.669025 0.165875
172.616279 0.74105301 5.726571 0.672015 0.166349
176.878409 0.73866404 5.719663 0.674414 0.166890
181.140540 0.73976583 5.726804 0.671079 0.166322
185.402670 0.74607727 5.741973 0.671083 0.165244
189.664800 0.74589982 5.748186 0.672769 0.164090
193.926931 0.74457291 5.743810 0.674912 0.164213
198.189061 0.74495430 5.745722 0.677341 0.163109
202.451192 0.74620440 5.747532 0.677548 0.163076
206.713322 0.74848214 5.757034 0.679740 0.162119
210.975452 0.74795243 5.757364 0.678864 0.161835
215.237583 0.74562702 5.744882 0.674711 0.163866
219.499713 0.74141851 5.729956 0.672739 0.165592
223.761843 0.73717292 5.712901 0.670783 0.168051
228.023974 0.74045445 5.721703 0.670615 0.167027
232.286104 0.74104507 5.721775 0.669146 0.167211
236.548234 0.73496669 5.701016 0.668055 0.169822
240.810365 0.73630155 5.701310 0.664907 0.170344
245.072495 0.73483427 5.692078 0.663166 0.171500
249.334625 0.73326899 5.681343 0.657934 0.174396
253.596756 0.73133291 5.671022 0.652111 0.176521
