# Layer profile at T = 0.360000
# input   = bicrystal_Sigma421_theta4.8381deg.dat
# seed    = 4000794
# n_samples = 1000
# Lx = 239.209435  Ly = 82.864579
# columns : x rho coord psi6 psi4
1.993412 0.84110832 5.932048 0.845107 0.106425
5.980236 0.84353895 5.957750 0.856271 0.099552
9.967060 0.84827914 5.981934 0.867321 0.093212
13.953884 0.84999239 5.988013 0.871050 0.090889
17.940708 0.85031325 5.985081 0.871540 0.091145
21.927532 0.84852130 5.980276 0.870718 0.091780
25.914356 0.85074307 5.990055 0.872237 0.090420
29.901179 0.85094285 5.993779 0.872936 0.089876
33.888003 0.85108512 5.993975 0.872785 0.089834
37.874827 0.85125160 5.994197 0.872678 0.089680
41.861651 0.85090653 5.994074 0.873238 0.089504
45.848475 0.85109117 5.993541 0.872845 0.089642
49.835299 0.85055843 5.993715 0.872141 0.090003
53.822123 0.85080361 5.993948 0.872284 0.089922
57.808947 0.85048578 5.993718 0.872782 0.089811
61.795771 0.85081269 5.993635 0.872973 0.089762
65.782595 0.85071886 5.993268 0.871943 0.090116
69.769419 0.85048578 5.993654 0.872004 0.090005
73.756243 0.85017703 5.993481 0.872356 0.089942
77.743067 0.85126068 5.994200 0.872486 0.089927
81.729890 0.85070070 5.994051 0.872560 0.089776
85.716714 0.85067043 5.993940 0.872591 0.089897
89.703538 0.85013768 5.991362 0.871741 0.090422
93.690362 0.84949900 5.983816 0.870962 0.091226
97.677186 0.84801580 5.975317 0.869984 0.092584
101.664010 0.84969272 5.983734 0.870494 0.091416
105.650834 0.84973510 5.985915 0.870818 0.091312
109.637658 0.84860303 5.984423 0.869681 0.091948
113.624482 0.84415342 5.965896 0.861742 0.096679
117.611306 0.83977344 5.936136 0.847571 0.105021
121.598130 0.83563864 5.906903 0.833500 0.112310
125.584954 0.83452472 5.914994 0.841426 0.108608
129.571778 0.84136864 5.945341 0.856246 0.100445
133.558601 0.84655681 5.968767 0.865030 0.095108
137.545425 0.84829730 5.977863 0.869003 0.092590
141.532249 0.84956257 5.983721 0.871375 0.091276
145.519073 0.85051908 5.991394 0.871909 0.090349
149.505897 0.85125160 5.994033 0.872473 0.089867
153.492721 0.85182974 5.994371 0.873054 0.089613
157.479545 0.85110933 5.993730 0.872883 0.089610
161.466369 0.85124252 5.993994 0.873329 0.089599
165.453193 0.85078848 5.994201 0.873062 0.089472
169.440017 0.85174499 5.993941 0.873263 0.089618
173.426841 0.85128187 5.994154 0.873057 0.089692
177.413665 0.85130608 5.993767 0.872550 0.089595
181.400489 0.85130911 5.994130 0.872796 0.089662
185.387312 0.85139084 5.994329 0.873155 0.089530
189.374136 0.85153008 5.993850 0.872984 0.089554
193.360960 0.85083085 5.994105 0.873178 0.089595
197.347784 0.85166326 5.994310 0.873442 0.089489
201.334608 0.85121830 5.994079 0.872761 0.089648
205.321432 0.85097917 5.994462 0.873147 0.089500
209.308256 0.85120014 5.994172 0.873192 0.089818
213.295080 0.85141505 5.994354 0.873443 0.089440
217.281904 0.85100944 5.992335 0.872889 0.089874
221.268728 0.85074610 5.991760 0.872226 0.090188
225.255552 0.85049184 5.989052 0.871530 0.090743
229.242376 0.84935068 5.984451 0.868680 0.092367
233.229200 0.84390521 5.963034 0.857858 0.098306
237.216023 0.83924978 5.931941 0.844390 0.106481
