# Density profile (accumulated) at T = 0.360000
# columns : x rho
1.993412 0.84110832
5.980236 0.84353895
9.967060 0.84827914
13.953884 0.84999239
17.940708 0.85031325
21.927532 0.84852130
25.914356 0.85074307
29.901179 0.85094285
33.888003 0.85108512
37.874827 0.85125160
41.861651 0.85090653
45.848475 0.85109117
49.835299 0.85055843
53.822123 0.85080361
57.808947 0.85048578
61.795771 0.85081269
65.782595 0.85071886
69.769419 0.85048578
73.756243 0.85017703
77.743067 0.85126068
81.729890 0.85070070
85.716714 0.85067043
89.703538 0.85013768
93.690362 0.84949900
97.677186 0.84801580
101.664010 0.84969272
105.650834 0.84973510
109.637658 0.84860303
113.624482 0.84415342
117.611306 0.83977344
121.598130 0.83563864
125.584954 0.83452472
129.571778 0.84136864
133.558601 0.84655681
137.545425 0.84829730
141.532249 0.84956257
145.519073 0.85051908
149.505897 0.85125160
153.492721 0.85182974
157.479545 0.85110933
161.466369 0.85124252
165.453193 0.85078848
169.440017 0.85174499
173.426841 0.85128187
177.413665 0.85130608
181.400489 0.85130911
185.387312 0.85139084
189.374136 0.85153008
193.360960 0.85083085
197.347784 0.85166326
201.334608 0.85121830
205.321432 0.85097917
209.308256 0.85120014
213.295080 0.85141505
217.281904 0.85100944
221.268728 0.85074610
225.255552 0.85049184
229.242376 0.84935068
233.229200 0.84390521
237.216023 0.83924978
