# Density profile (accumulated) at T = 0.280000
# columns : x rho
1.963099 0.86509327
5.889298 0.86933178
9.815497 0.87143855
13.741695 0.87570516
17.667894 0.87655099
21.594093 0.87635747
25.520291 0.87653850
29.446490 0.87643238
33.372689 0.87650105
37.298888 0.87646984
41.225086 0.87661965
45.151285 0.87623575
49.077484 0.87609842
53.003682 0.87652602
56.929881 0.87627320
60.856080 0.87635747
64.782278 0.87649793
68.708477 0.87643238
72.634676 0.87567394
76.560874 0.87653538
80.487073 0.87599542
84.413272 0.87652914
88.339471 0.87658532
92.265669 0.87615772
96.191868 0.87607657
100.118067 0.87642926
104.044265 0.87639493
107.970464 0.87624823
111.896663 0.87517768
115.822861 0.87428816
119.749060 0.86754025
123.675259 0.86592350
127.601457 0.87068948
131.527656 0.87500602
135.453855 0.87611715
139.380054 0.87629193
143.306252 0.87609842
147.232451 0.87624199
151.158650 0.87566458
155.084848 0.87608281
159.011047 0.87628881
162.937246 0.87602039
166.863444 0.87657595
170.789643 0.87617957
174.715842 0.87602975
178.642040 0.87642302
182.568239 0.87640429
186.494438 0.87609218
190.420636 0.87628257
194.346835 0.87638557
198.273034 0.87687246
202.199233 0.87599854
206.125431 0.87632314
210.051630 0.87701291
213.977829 0.87615148
217.904027 0.87633875
221.830226 0.87607033
225.756425 0.87568643
229.682623 0.87692552
233.608822 0.87331436
