# Density profile (accumulated) at T = 0.400000
# columns : x rho
2.131065 0.73131702
6.393196 0.72863671
10.655326 0.72947629
14.917456 0.73490313
19.179587 0.73301473
23.441717 0.73680742
27.703847 0.73766554
31.965978 0.73886533
36.228108 0.74231106
40.490238 0.74631299
44.752369 0.74646131
49.014499 0.74611700
53.276629 0.74736181
57.538760 0.74911513
61.800890 0.74884498
66.063020 0.74944355
70.325151 0.75055593
74.587281 0.75294756
78.849411 0.75382157
83.111542 0.75341105
87.373672 0.75119953
91.635802 0.74963689
95.897933 0.75008185
100.160063 0.74844506
104.422194 0.74844506
108.684324 0.74867548
112.946454 0.74833117
117.208585 0.74646396
121.470715 0.74437956
125.732845 0.74236403
129.994976 0.73923877
134.257106 0.73651608
138.519236 0.73981085
142.781367 0.74241436
147.043497 0.74140262
151.305627 0.74023727
155.567758 0.74284607
159.829888 0.74365387
164.092018 0.74295466
168.354149 0.74490397
172.616279 0.74105301
176.878409 0.73866404
181.140540 0.73976583
185.402670 0.74607727
189.664800 0.74589982
193.926931 0.74457291
198.189061 0.74495430
202.451192 0.74620440
206.713322 0.74848214
210.975452 0.74795243
215.237583 0.74562702
219.499713 0.74141851
223.761843 0.73717292
228.023974 0.74045445
232.286104 0.74104507
236.548234 0.73496669
240.810365 0.73630155
245.072495 0.73483427
249.334625 0.73326899
253.596756 0.73133291
