# Density profile (accumulated) at T = 0.360000
# columns : x rho
1.991187 0.85144404
5.973561 0.85131056
9.955935 0.85152899
13.938309 0.85093741
17.920683 0.85149865
21.903057 0.85157449
25.885431 0.85092528
29.867805 0.85180202
33.850179 0.85162910
37.832553 0.85155326
41.814927 0.85216303
45.797301 0.85155933
49.779675 0.85131663
53.762049 0.85143798
57.744423 0.85192944
61.726797 0.85109517
65.709171 0.85139854
69.691545 0.85153506
73.673919 0.85159573
77.656293 0.85116191
81.638667 0.85148045
85.621041 0.85210843
89.603414 0.85104966
93.585788 0.85141067
97.568162 0.85148955
101.550536 0.85150775
105.532910 0.85157449
109.515284 0.85163517
113.497658 0.85140461
117.480032 0.85112247
121.462406 0.85195674
125.444780 0.85124382
129.427154 0.85139854
133.409528 0.85200831
137.391902 0.85151685
141.374276 0.85147135
145.356650 0.85140157
149.339024 0.85183539
153.321398 0.85118011
157.303772 0.85149258
161.286146 0.85151079
165.268520 0.85117404
169.250894 0.85101326
173.233268 0.85115281
177.215642 0.85132270
181.198016 0.85173831
185.180390 0.85123775
189.162764 0.85177168
193.145138 0.85086157
197.127512 0.85146225
201.109886 0.85129539
205.092260 0.85153809
209.074634 0.85147438
213.057008 0.85123168
217.039382 0.85195067
221.021756 0.85111034
225.004130 0.85169584
228.986504 0.85157753
232.968878 0.85150168
236.951252 0.85136820
