# Density profile (accumulated) at T = 0.420000
# columns : x rho
2.195290 0.69502270
6.585870 0.69718159
10.976450 0.70352598
15.367030 0.70239287
19.757610 0.70723228
24.148190 0.70787371
28.538770 0.70210336
32.929350 0.70289952
37.319930 0.69785047
41.710510 0.70030886
46.101090 0.70226808
50.491670 0.70247274
54.882250 0.70188372
59.272830 0.70143947
63.663410 0.69180308
68.053990 0.69066998
72.444570 0.70467905
76.835150 0.70376058
81.225730 0.70596440
85.616310 0.70643361
90.006890 0.70493612
94.397470 0.69845446
98.788050 0.69478060
103.178630 0.69822484
107.569210 0.70414245
111.959790 0.71018484
116.350370 0.71105089
120.740950 0.70942361
125.131530 0.70752679
129.522110 0.70512081
133.912690 0.70589701
138.303270 0.70537289
142.693850 0.70700516
147.084430 0.70150436
151.475010 0.70405260
155.865590 0.69908590
160.256170 0.69295366
164.646750 0.69811253
169.037330 0.70297190
173.427911 0.69157596
177.818491 0.68861342
182.209071 0.69014086
186.599651 0.69248444
190.990231 0.70766406
195.380811 0.70596690
199.771391 0.70515326
204.161971 0.70311666
208.552551 0.70057591
212.943131 0.70194612
217.333711 0.69694948
221.724291 0.67940631
226.114871 0.68045206
230.505451 0.69063753
234.896031 0.70283713
239.286611 0.69549690
243.677191 0.68554105
248.067771 0.69435881
252.458351 0.69909589
256.848931 0.69980470
261.239511 0.69937791
