# Density profile (accumulated) at T = 0.440000
# columns : x rho
2.579644 0.50173899
7.738931 0.51014569
12.898218 0.50203181
18.057505 0.51492834
23.216792 0.52526905
28.376079 0.52288496
33.535366 0.50268251
38.694653 0.49660750
43.853940 0.50590167
49.013228 0.51549047
54.172515 0.52455147
59.331802 0.52132689
64.491089 0.50379593
69.650376 0.50084970
74.809663 0.52114253
79.968950 0.50726995
85.128237 0.48974622
90.287525 0.50644211
95.446812 0.52989626
100.606099 0.48802729
105.765386 0.42416102
110.924673 0.45676293
116.083960 0.51636349
121.243247 0.54830386
126.402534 0.52233186
131.561821 0.48730971
136.721109 0.49218454
141.880396 0.52805261
147.039683 0.53043489
152.198970 0.47460116
157.358257 0.46673853
162.517544 0.48905033
167.676831 0.50722476
172.836118 0.53442224
177.995405 0.55057950
183.154693 0.55559713
188.313980 0.54285424
193.473267 0.48895092
198.632554 0.44623242
203.791841 0.45495362
208.951128 0.50357903
214.110415 0.53043851
219.269702 0.53959170
224.428990 0.54561791
229.588277 0.51573810
234.747564 0.48633185
239.906851 0.48416104
245.066138 0.49371007
250.225425 0.49348956
255.384712 0.51057226
260.543999 0.52452436
265.703286 0.53596946
270.862574 0.54410864
276.021861 0.54536305
281.181148 0.52670240
286.340435 0.51133864
291.499722 0.48243307
296.659009 0.47488133
301.818296 0.48867799
306.977583 0.49326181
