# Density profile (accumulated) at T = 0.340000
# columns : x rho
1.984239 0.84917470
5.952718 0.85472256
9.921196 0.85624089
13.889675 0.85761869
17.858153 0.85768896
21.826632 0.85817165
25.795111 0.85796696
29.763589 0.85793947
33.732068 0.85812888
37.700546 0.85854741
41.669025 0.85822358
45.637503 0.85829690
49.605982 0.85821442
53.574460 0.85831218
57.542939 0.85803723
61.511417 0.85850770
65.479896 0.85797918
69.448374 0.85761869
73.416853 0.85803417
77.385332 0.85790281
81.353810 0.85840688
85.322289 0.85747816
89.290767 0.85797002
93.259246 0.85807694
97.227724 0.85766452
101.196203 0.85808305
105.164681 0.85690688
109.133160 0.85650973
113.101638 0.85168285
117.070117 0.84217877
121.038595 0.84670015
125.007074 0.85477450
128.975553 0.85700464
132.944031 0.85800057
136.912510 0.85798835
140.880988 0.85848020
144.849467 0.85889263
148.817945 0.85782032
152.786424 0.85823580
156.754902 0.85829690
160.723381 0.85871849
164.691859 0.85833356
168.660338 0.85801584
172.628816 0.85814415
176.597295 0.85836717
180.565774 0.85842216
184.534252 0.85865739
188.502731 0.85844049
192.471209 0.85811666
196.439688 0.85811666
200.408166 0.85870322
204.376645 0.85802501
208.345123 0.85785393
212.313602 0.85829690
216.282080 0.85804945
220.250559 0.85725210
224.219037 0.85808000
228.187516 0.85784476
232.155995 0.85036309
236.124473 0.84312276
