# Density profile (accumulated) at T = 0.420000
# columns : x rho
2.203446 0.69142058
6.610338 0.69317457
11.017229 0.69653390
15.424121 0.69193340
19.831013 0.69564948
24.237905 0.68756082
28.644796 0.68608677
33.051688 0.67701955
37.458580 0.67912532
41.865472 0.68920332
46.272363 0.69289710
50.679255 0.69721271
55.086147 0.69909304
59.493039 0.70560361
63.899931 0.70120873
68.306822 0.70213279
72.713714 0.70269516
77.120606 0.70638894
81.527498 0.70070830
85.934389 0.70036394
90.341281 0.69838946
94.748173 0.70022768
99.155065 0.69649426
103.561956 0.70166952
107.968848 0.70522952
112.375740 0.70340369
116.782632 0.68355489
121.189523 0.68025749
125.596415 0.68331954
130.003307 0.68639645
134.410199 0.69609293
138.817090 0.70096099
143.223982 0.70074050
147.630874 0.69684853
152.037766 0.69787417
156.444657 0.69147013
160.851549 0.68554175
165.258441 0.69263450
169.665333 0.69820614
174.072224 0.69455695
178.479116 0.69225546
182.886008 0.69988828
187.292900 0.69753724
191.699792 0.69402927
196.106683 0.69750256
200.513575 0.70412213
204.920467 0.70389173
209.327359 0.70303704
213.734250 0.70480837
218.141142 0.69728455
222.548034 0.68947336
226.954926 0.69491369
231.361817 0.69477248
235.768709 0.69072196
240.175601 0.69615239
244.582493 0.69561975
248.989384 0.69385833
253.396276 0.68873510
257.803168 0.69279553
262.210060 0.69786921
