# Density profile (accumulated) at T = 0.280000
# columns : x rho
1.962789 0.87652846
5.888367 0.87629742
9.813945 0.87617566
13.739523 0.87626620
17.665101 0.87643167
21.590679 0.87617566
25.516257 0.87667832
29.441835 0.87677823
33.367413 0.87665334
37.292991 0.87680633
41.218569 0.87611322
45.144147 0.87624122
49.069725 0.87646914
52.995303 0.87655344
56.920881 0.87610697
60.846459 0.87630679
64.772038 0.87607575
68.697616 0.87621937
72.623194 0.87618190
76.548772 0.87655031
80.474350 0.87597272
84.399928 0.87651909
88.325506 0.87630367
92.251084 0.87621625
96.176662 0.87614132
100.102240 0.87656593
104.027818 0.87619127
107.953396 0.87650036
111.878974 0.87610385
115.804552 0.87636611
119.730130 0.87618815
123.655708 0.87611322
127.581286 0.87597896
131.506864 0.87612570
135.432442 0.87642543
139.358020 0.87609761
143.283598 0.87652534
147.209176 0.87607887
151.134754 0.87618503
155.060332 0.87630367
158.985910 0.87635362
162.911488 0.87578539
166.837066 0.87628181
170.762644 0.87614444
174.688222 0.87641606
178.613800 0.87603516
182.539378 0.87635674
186.464957 0.87572607
190.390535 0.87632240
194.316113 0.87651597
198.241691 0.87581037
202.167269 0.87596023
206.092847 0.87659090
210.018425 0.87623186
213.944003 0.87660339
217.869581 0.87624747
221.795159 0.87599770
225.720737 0.87640982
229.646315 0.87671267
233.571893 0.87564490
