# Density profile (accumulated) at T = 0.320000
# columns : x rho
1.976800 0.85171226
5.930399 0.85426395
9.883999 0.86208522
13.837599 0.86404592
17.791198 0.86437220
21.744798 0.86386740
25.698398 0.86455072
29.651997 0.86433834
33.605597 0.86421522
37.559196 0.86422137
41.512796 0.86444607
45.466396 0.86445838
49.419995 0.86445838
53.373595 0.86478465
57.327195 0.86410749
61.280794 0.86449224
65.234394 0.86429524
69.187993 0.86458458
73.141593 0.86423061
77.095193 0.86436604
81.048792 0.86442144
85.002392 0.86443683
88.955992 0.86477542
92.909591 0.86419675
96.863191 0.86413211
100.816790 0.86496933
104.770390 0.86470462
108.723990 0.86342416
112.677589 0.86182359
116.631189 0.85435937
120.584788 0.85344211
124.538388 0.85976131
128.491988 0.86385201
132.445587 0.86420906
136.399187 0.86455996
140.352787 0.86416597
144.306386 0.86388895
148.259986 0.86418136
152.213585 0.86467692
156.167185 0.86405824
160.120785 0.86457535
164.074384 0.86407670
168.027984 0.86430756
171.981584 0.86438759
175.935183 0.86412595
179.888783 0.86425215
183.842382 0.86439682
187.795982 0.86441221
191.749582 0.86432295
195.703181 0.86372581
199.656781 0.86451379
203.610381 0.86455380
207.563980 0.86422137
211.517580 0.86385201
215.471179 0.86480928
219.424779 0.86469231
223.378379 0.86417828
227.331978 0.86371965
231.285578 0.86163583
235.239178 0.85838235
