# Density profile (accumulated) at T = 0.440000
# columns : x rho
2.656401 0.47324733
7.969203 0.46532285
13.282006 0.45415973
18.594808 0.41516805
23.907610 0.39700262
29.220412 0.43775510
34.533215 0.49929462
39.846017 0.50035485
45.158819 0.48985139
50.471621 0.49197867
55.784423 0.48131498
61.097226 0.48024282
66.410028 0.49599120
71.722830 0.50310260
77.035632 0.49393721
82.348435 0.48951048
87.661237 0.48446329
92.974039 0.47465018
98.286841 0.48495591
103.599644 0.46821889
108.912446 0.47548029
114.225248 0.47733655
119.538050 0.47341608
124.850852 0.45162847
130.163655 0.43103916
135.476457 0.44729208
140.789259 0.49327754
146.102061 0.52766522
151.414864 0.52837432
156.727666 0.52632544
162.040468 0.50439806
167.353270 0.48115305
172.666073 0.43178064
177.978875 0.42582151
183.291677 0.45338757
188.604479 0.48144623
193.917281 0.50721568
199.230084 0.49996792
204.542886 0.47120186
209.855688 0.48560705
215.168490 0.50346907
220.481293 0.49366277
225.794095 0.46726434
231.106897 0.48129964
236.419699 0.48854570
241.732502 0.47186834
247.045304 0.45641145
252.358106 0.46189329
257.670908 0.47715758
262.983710 0.48645933
268.296513 0.47797576
273.609315 0.44770799
278.922117 0.46448933
284.234919 0.50368555
289.547722 0.51975950
294.860524 0.49568949
300.173326 0.47121379
305.486128 0.49148094
310.798931 0.49063208
316.111733 0.47923543
