# Density profile (accumulated) at T = 0.400000
# columns : x rho
2.133050 0.73984630
6.399150 0.74080064
10.665251 0.73943654
14.931351 0.74114430
19.197451 0.73961630
23.463551 0.73989917
27.729651 0.73733487
31.995752 0.73820462
36.261852 0.73972469
40.527952 0.74213301
44.794052 0.74204048
49.060153 0.74064202
53.326253 0.74029042
57.592353 0.74467351
61.858453 0.74380641
66.124553 0.74409456
70.390654 0.74187394
74.656754 0.74170210
78.922854 0.74248461
83.188954 0.74301597
87.455055 0.74541372
91.721155 0.74277012
95.987255 0.74307413
100.253355 0.74563843
104.519455 0.74693644
108.785556 0.74343102
113.051656 0.74362400
117.317756 0.74403112
121.583856 0.74314287
125.849957 0.74232071
130.116057 0.74305298
134.382157 0.74514936
138.648257 0.74517844
142.914358 0.74602968
147.180458 0.74823973
151.446558 0.74753389
155.712658 0.74643679
159.978758 0.74352619
164.244859 0.74517315
168.510959 0.74371388
172.777059 0.74327505
177.043159 0.74496960
181.309260 0.74177084
185.575360 0.73872541
189.841460 0.73573549
194.107560 0.73704143
198.373660 0.73866461
202.639761 0.73984630
206.905861 0.74043317
211.171961 0.74066052
215.438061 0.74053628
219.704162 0.73954492
223.970262 0.74093546
228.236362 0.74069225
232.502462 0.74006307
236.768562 0.74313229
241.034663 0.73914310
245.300763 0.73915632
249.566863 0.73915896
253.832963 0.73758602
