# Density profile (accumulated) at T = 0.340000
# columns : x rho
1.983207 0.85846850
5.949622 0.85752047
9.916037 0.85826972
13.882452 0.85822997
17.848867 0.85786604
21.815282 0.85810764
25.781697 0.85802813
29.748112 0.85804953
33.714527 0.85816880
37.680942 0.85761833
41.647357 0.85821162
45.613772 0.85805565
49.580187 0.85844098
53.546601 0.85839511
57.513016 0.85814434
61.479431 0.85786910
65.445846 0.85798837
69.412261 0.85757857
73.378676 0.85827278
77.345091 0.85821773
81.311506 0.85801895
85.277921 0.85799754
89.244336 0.85783852
93.210751 0.85787828
97.177166 0.85840122
101.143581 0.85766726
105.109995 0.85840734
109.076410 0.85810764
113.042825 0.85838287
117.009240 0.85854496
120.975655 0.85821467
124.942070 0.85897004
128.908485 0.85823608
132.874900 0.85877126
136.841315 0.85900980
140.807730 0.85845933
144.774145 0.85889971
148.740560 0.85835841
152.706975 0.85921470
156.673389 0.85901286
160.639804 0.85876515
164.606219 0.85896698
168.572634 0.85852049
172.539049 0.85845627
176.505464 0.85890276
180.471879 0.85863059
184.438294 0.85852355
188.404709 0.85827890
192.371124 0.85869481
196.337539 0.85835229
200.303954 0.85836147
204.270368 0.85847462
208.236783 0.85887830
212.203198 0.85823302
216.169613 0.85849297
220.136028 0.85880796
224.102443 0.85820856
228.068858 0.85808012
232.035273 0.85814739
236.001688 0.85793944
