# Density profile (accumulated) at T = 0.300000
# columns : x rho
1.969569 0.86202078
5.908707 0.86734773
9.847845 0.87058794
13.786983 0.87096002
17.726121 0.87087940
21.665258 0.87098482
25.604396 0.87015694
29.543534 0.87112745
33.482672 0.87054453
37.421810 0.87102823
41.360948 0.87070266
45.300086 0.87104373
49.239224 0.87058794
53.178362 0.87067165
57.117500 0.87063135
61.056638 0.87086700
64.995775 0.87061894
68.934913 0.87077398
72.874051 0.87052902
76.813189 0.87109645
80.752327 0.87069646
84.691465 0.87064995
88.630603 0.87115226
92.569741 0.87028407
96.508879 0.87088250
100.448017 0.87083909
104.387155 0.87011043
108.326292 0.86708418
112.265430 0.86591832
116.204568 0.86536640
120.143706 0.85990922
124.082844 0.86531989
128.021982 0.86895078
131.961120 0.87050422
135.900258 0.87058794
139.839396 0.87056933
143.778534 0.87058484
147.717672 0.86997090
151.656809 0.87119877
155.595947 0.87010113
159.535085 0.87056313
163.474223 0.87048561
167.413361 0.87071196
171.352499 0.87045151
175.291637 0.87044530
179.230775 0.87035228
183.169913 0.87057243
187.109051 0.87038329
191.048189 0.87053833
194.987326 0.87096002
198.926464 0.87014454
202.865602 0.87091351
206.804740 0.87028097
210.743878 0.87073367
214.683016 0.87027787
218.622154 0.87082669
222.561292 0.86957402
226.500430 0.86553694
230.439568 0.86510285
234.378706 0.86540361
