# Density profile (accumulated) at T = 0.300000
# columns : x rho
1.969377 0.87020278
5.908130 0.87023380
9.846884 0.86990506
13.785637 0.87052221
17.724390 0.87000430
21.663144 0.87086025
25.601897 0.87022449
29.540651 0.86996398
33.479404 0.87057184
37.418157 0.87031133
41.356911 0.87040747
45.295664 0.87039816
49.234418 0.87006012
53.173171 0.87041367
57.111925 0.87046019
61.050678 0.87015626
64.989431 0.86992367
68.928185 0.87068658
72.866938 0.87028652
76.805692 0.87086646
80.744445 0.87082614
84.683199 0.87031443
88.621952 0.87053772
92.560705 0.87048190
96.499459 0.87086025
100.438212 0.87062146
104.376966 0.87059044
108.315719 0.87076101
112.254472 0.87124481
116.193226 0.87059665
120.131979 0.87056873
124.070733 0.87053152
128.009486 0.87107114
131.948240 0.87035785
135.886993 0.87049430
139.825746 0.87106494
143.764500 0.87021519
147.703253 0.87069589
151.642007 0.87060905
155.580760 0.87058424
159.519514 0.87070829
163.458267 0.87049430
167.397020 0.87111456
171.335774 0.87041677
175.274527 0.87050361
179.213281 0.87065557
183.152034 0.87028032
187.090787 0.87023690
191.029541 0.87028342
194.968294 0.87019968
198.907048 0.87049430
202.845801 0.87022139
206.784555 0.86988335
210.723308 0.87032994
214.662061 0.86978721
218.600815 0.86998259
222.539568 0.87043848
226.478322 0.86962284
230.417075 0.87004772
234.355829 0.87031443
