# Density profile (accumulated) at T = 0.380000
# columns : x rho
1.999936 0.84437801
5.999807 0.84438403
9.999678 0.84388483
13.999549 0.84469076
17.999421 0.84360816
21.999292 0.84419758
25.999163 0.84399609
29.999034 0.84396602
33.998906 0.84371943
37.998777 0.84433290
41.998648 0.84374349
45.998519 0.84369236
49.998390 0.84430283
53.998262 0.84408631
57.998133 0.84352396
61.998004 0.84425471
65.997875 0.84362019
69.997747 0.84415848
73.997618 0.84411939
77.997489 0.84351494
81.997360 0.84353298
85.997232 0.84378258
89.997103 0.84347885
93.996974 0.84388783
97.996845 0.84391189
101.996717 0.84407127
105.996588 0.84391189
109.996459 0.84428779
113.996330 0.84472685
117.996201 0.84382167
121.996073 0.84470279
125.995944 0.84418254
129.995815 0.84463663
133.995686 0.84439605
137.995558 0.84430283
141.995429 0.84445018
145.995300 0.84421863
149.995171 0.84397504
153.995043 0.84448326
157.994914 0.84453138
161.994785 0.84423366
165.994656 0.84455243
169.994528 0.84450131
173.994399 0.84374649
177.994270 0.84466069
181.994141 0.84388182
185.994012 0.84360515
189.993884 0.84435997
193.993755 0.84292853
197.993626 0.84343675
201.993497 0.84387280
205.993369 0.84364726
209.993240 0.84320519
213.993111 0.84395099
217.992982 0.84348787
221.992854 0.84422765
225.992725 0.84390588
229.992596 0.84383972
233.992467 0.84404421
237.992339 0.84413443
