# Density profile (accumulated) at T = 0.320000
# columns : x rho
1.975879 0.86430023
5.927636 0.86421704
9.879394 0.86471923
13.831151 0.86405684
17.782908 0.86456519
21.734666 0.86510126
25.686423 0.86423245
29.638181 0.86466685
33.589938 0.86426018
37.541695 0.86525223
41.493453 0.86465761
45.445210 0.86468534
49.396968 0.86456210
53.348725 0.86431871
57.300482 0.86466069
61.252240 0.86425401
65.203997 0.86481782
69.155755 0.86450665
73.107512 0.86457751
77.059269 0.86479625
81.011027 0.86513207
84.962784 0.86425401
88.914542 0.86527687
92.866299 0.86472231
96.818056 0.86471615
100.769814 0.86428482
104.721571 0.86442346
108.673329 0.86528612
112.625086 0.86487944
116.576843 0.86490716
120.528601 0.86465145
124.480358 0.86468534
128.432116 0.86485787
132.383873 0.86496262
136.335630 0.86453438
140.287388 0.86460524
144.239145 0.86431871
148.190903 0.86492873
152.142660 0.86443271
156.094417 0.86466069
160.046175 0.86460524
163.997932 0.86534773
167.949690 0.86436493
171.901447 0.86491025
175.853205 0.86501192
179.804962 0.86531692
183.756719 0.86474696
187.708477 0.86468842
191.660234 0.86472231
195.611992 0.86514439
199.563749 0.86505505
203.515506 0.86476852
207.467264 0.86504889
211.419021 0.86458059
215.370779 0.86489484
219.322536 0.86491333
223.274293 0.86467918
227.226051 0.86450049
231.177808 0.86454670
235.129566 0.86477777
