# Density profile (accumulated) at T = 0.380000
# columns : x rho
2.005847 0.82733105
6.017540 0.82752537
10.029233 0.82792597
14.040927 0.82951341
18.052620 0.83082581
22.064313 0.83463746
26.076006 0.83800367
30.087700 0.83879291
34.099393 0.83920845
38.111086 0.83918752
42.122780 0.84077197
46.134473 0.84177945
50.146166 0.84276300
54.157859 0.84258363
58.169553 0.84238632
62.181246 0.84276599
66.192939 0.84279290
70.204633 0.84282279
74.216326 0.84251487
78.228019 0.84224880
82.239713 0.84197078
86.251406 0.84180934
90.263099 0.84212025
94.274792 0.84186913
98.286486 0.84091248
102.298179 0.84062250
106.309872 0.83849395
110.321566 0.83388709
114.333259 0.82946558
118.344952 0.82490057
122.356645 0.82678995
126.368339 0.82754929
130.380032 0.83167185
134.391725 0.83517259
138.403419 0.83818902
142.415112 0.83885868
146.426805 0.83766286
150.438498 0.83872116
154.450192 0.84028169
158.461885 0.84136988
162.473578 0.84201562
166.485272 0.84249394
170.496965 0.84227571
174.508658 0.84203356
178.520352 0.84261053
182.532045 0.84214417
186.543738 0.84202160
190.555431 0.84256868
194.567125 0.84221891
198.578818 0.84284671
202.590511 0.84240127
206.602205 0.84191397
210.613898 0.84245807
214.625591 0.84226076
218.637284 0.84232653
222.648978 0.84257466
226.660671 0.84068827
230.672364 0.83888259
234.684058 0.83330413
238.695751 0.82904405
