# Bicrystal: theta = 21.7868 deg, Sigma = 21, Sigma_true = 7
# label    = upper-middle     (Sigma=21,  S_true=7)
# a        = 1.113895000000
# box_ax   = 71.463114152260  box_ay = 0.000000000000
# box_bx   = 0.000000000000  box_by = 17.682534939830
# origin_x = -35.731557076130  origin_y = -8.841267469915
# N_atoms  = 1170
# sigma_GB = 0.981608036682 (per interface)
# dx = -0.480000 a   dy = -0.240000 a
# Columns: x y grain
-35.730014774830 5.926871536329 1
-35.206374551609 6.954906450080 1
-34.942481511602 8.025753411838 1
-35.730014775756 2.979782377650 1
-35.206374547788 4.007817291950 1
-34.942481514061 5.078664255077 1
-34.540213730933 6.104975198410 1
-34.151310310860 7.178249600547 1
-33.812658497846 8.223885262439 1
-35.730014776005 0.032693219453 1
-35.206374552011 1.060728134074 1
-34.942481513986 2.131575096902 1
-34.540213731993 3.157886041148 1
-34.151310313171 4.231160443857 1
-33.812658497601 5.276796106282 1
-33.442332045047 6.329133317633 1
-33.069598115447 7.386001341850 1
-32.713776939276 8.437967184320 1
-35.730014776532 -2.914395936676 1
-35.206374553034 -1.886361024049 1
-34.942481514241 -0.815514061611 1
-34.540213732953 0.210796882006 1
-34.151310312204 1.284071286309 1
-33.812658497625 2.329706948050 1
-33.442332046038 3.382044160545 1
-33.069598115243 4.438912185138 1
-32.713776937904 5.490878027463 1
-32.347352724906 6.543539078189 1
-31.980782936802 7.598205988808 1
-31.619003349652 8.651037971114 1
-35.730014776367 -5.861485092274 1
-35.206374550717 -4.833450179648 1
-34.942481513808 -3.762603217968 1
-34.540213732911 -2.736292275339 1
-34.151310312148 -1.663017871219 1
-33.812658498748 -0.617382209569 1
-33.442332047303 0.434955002747 1
-33.069598115982 1.491823027110 1
-32.713776938707 2.543788869957 1
-32.347352725913 3.596449920774 1
-31.980782936533 4.651116831367 1
-31.619003348042 5.703948813907 1
-31.254080437919 6.757210113816 1
-30.889154864943 7.810960776811 1
-35.730014774964 -8.808574247524 1
-35.206374549414 -7.780539333557 1
-34.942481511435 -6.709692372629 1
-34.540213732110 -5.683381429621 1
-34.151310312750 -4.610107026827 1
-33.812658498941 -3.564471365490 1
-33.442332047994 -2.512134154059 1
-33.069598116980 -1.455266129950 1
-32.713776939759 -0.403300287334 1
-32.347352726640 0.649360762994 1
-31.980782937082 1.704027673654 1
-31.619003348945 2.756859656225 1
-31.254080438461 3.810120956026 1
-30.889154864405 4.863871619006 1
-30.525637444144 5.917111719585 1
-30.161160954072 6.970475577707 1
-29.796714252571 8.023984762785 1
-34.540213731737 -8.630470584276 1
-34.151310312146 -7.557196183034 1
-33.812658498225 -6.511560521100 1
-33.442332047906 -5.459223309275 1
-33.069598117148 -4.402355285158 1
-32.713776940313 -3.350389443383 1
-32.347352727797 -2.297728393610 1
-31.980782938404 -1.243061483247 1
-31.619003349990 -0.190229501051 1
-31.254080439210 0.863031798520 1
-30.889154865251 1.916782461385 1
-30.525637445002 2.970022561955 1
-30.161160954282 4.023386419983 1
-29.796714252394 5.076895605328 1
-29.432672218375 6.130249354497 1
-29.068342065418 7.183645162821 1
-28.704028393684 8.237080935015 1
-33.442332046271 -8.406312465606 1
-33.069598116037 -7.349444441204 1
-32.713776940544 -6.297478598792 1
-32.347352728505 -5.244817548534 1
-31.980782938799 -4.190150638581 1
-31.619003350681 -3.137318656771 1
-31.254080440478 -2.084057357566 1
-30.889154866542 -1.030306695108 1
-30.525637445865 0.022933405170 1
-30.161160954851 1.076297262852 1
-29.796714253231 2.129806447945 1
-29.432672219036 3.183160196964 1
-29.068342065672 4.236556005414 1
-28.704028394049 5.289991777924 1
-28.339831369960 6.343381840085 1
-27.975547625206 7.396785220383 1
-27.611271196195 8.450199836230 1
-32.347352726767 -8.191906704872 1
-31.980782938158 -7.137239794297 1
-31.619003351339 -6.084407812071 1
-31.254080441137 -5.031146513013 1
-30.889154866942 -3.977395850300 1
-30.525637446482 -2.924155749842 1
-30.161160955726 -1.870791892498 1
-29.796714254150 -0.817282707844 1
-29.432672219434 0.236071040658 1
-29.068342065878 1.289466848567 1
-28.704028394585 2.342902620634 1
-28.339831370445 3.396292682612 1
-27.975547625678 4.449696063000 1
-27.611271196801 5.503110678779 1
-27.247028235090 6.556511724378 1
-26.882759256053 7.609917030328 1
-26.518493142695 8.663325448910 1
-31.254080439580 -7.978235669247 1
-30.889154866447 -6.924485006273 1
-30.525637446896 -5.871244906161 1
-30.161160956638 -4.817881048544 1
-29.796714254900 -3.764371863233 1
-29.432672219917 -2.711018114699 1
-29.068342066517 -1.657622307148 1
-28.704028395171 -0.604186535679 1
-28.339831370526 0.449203525649 1
-27.975547625695 1.502606905672 1
-27.611271197055 2.556021521243 1
-27.247028235374 3.609422566780 1
-26.882759256360 4.662827872612 1
-26.518493143227 5.716236291230 1
-26.154236616351 6.769640702949 1
-25.789972292983 7.823046460002 1
-30.525637445165 -8.818334062943 1
-30.161160955262 -7.764970205186 1
-29.796714254026 -6.711461019982 1
-29.432672220240 -5.658107271269 1
-29.068342067643 -4.604711463292 1
-28.704028395820 -3.551275691799 1
-28.339831370872 -2.497885630727 1
-27.975547626187 -1.444482251178 1
-27.611271197419 -0.391067636317 1
-27.247028235558 0.662333408901 1
-26.882759256495 1.715738714849 1
-26.518493143275 2.769147133716 1
-26.154236616139 3.822551545550 1
-25.789972292823 4.875957302808 1
-25.425709025141 5.929363920933 1
-25.061448495322 6.982769356020 1
-24.697185632912 8.036175214421 1
-29.432672218704 -8.605196428307 1
-29.068342066300 -7.551800619980 1
-28.704028394896 -6.498364847725 1
-28.339831370969 -5.444974786189 1
-27.975547626592 -4.391571407000 1
-27.611271197420 -3.338156792646 1
-27.247028235547 -2.284755747822 1
-26.882759256595 -1.231350442475 1
-26.518493143537 -0.177942024069 1
-26.154236616582 0.875462387741 1
-25.789972293137 1.928868145368 1
-25.425709024901 2.982274763792 1
-25.061448494723 4.035680199165 1
-24.697185632678 5.089086058141 1
-24.332923143672 6.142492153581 1
-23.968661434162 7.195897900682 1
-23.604399028063 8.249303780854 1
-28.339831369944 -8.392063942686 1
-27.975547625854 -7.338660562360 1
-27.611271196660 -6.285245947147 1
-27.247028234859 -5.231844902639 1
-26.882759255972 -4.178439598103 1
-26.518493142955 -3.125031180136 1
-26.154236616166 -2.071626768635 1
-25.789972292934 -1.018221011306 1
-25.425709025071 0.035185606853 1
-25.061448495267 1.088591042131 1
-24.697185632881 2.141996901017 1
-24.332923143257 3.195402996409 1
-23.968661433776 4.248808743745 1
-23.604399028020 5.302214624092 1
-23.240136750309 6.355620569519 1
-22.875874693513 7.409026412976 1
-22.511612429598 8.462432298430 1
-27.247028234902 -8.178934058056 1
-26.882759256011 -7.125528752881 1
-26.518493142172 -6.072120335094 1
-26.154236614933 -5.018715924241 1
-25.789972291986 -3.965310167280 1
-25.425709024470 -2.911903549053 1
-25.061448494884 -1.858498113555 1
-24.697185632505 -0.805092254642 1
-24.332923143116 0.248313840442 1
-23.968661433852 1.301719587141 1
-23.604399027793 2.355125466936 1
-23.240136749900 3.408531412129 1
-22.875874693424 4.461937255447 1
-22.511612429781 5.515343140780 1
-22.147350208786 6.568749044278 1
-21.783088049968 7.622154918196 1
-21.418825830121 8.675560805346 1
-26.154236615734 -7.965805080005 1
-25.789972292387 -6.912399323664 1
-25.425709023918 -5.858992705943 1
-25.061448493989 -4.805587270392 1
-24.697185632044 -3.752181410972 1
-24.332923143029 -2.698775315239 1
-23.968661433646 -1.645369568141 1
-23.604399027089 -0.591963688392 1
-23.240136749027 0.461442256228 1
-22.875874692780 1.514848098911 1
-22.511612429157 2.568253983829 1
-22.147350208306 3.621659886940 1
-21.783088050078 4.675065760537 1
-21.418825830649 5.728471647553 1
-21.054563624569 6.781877539810 1
-20.690301435926 7.835283423652 1
-25.425709024664 -8.806081862364 1
-25.061448494781 -7.752676427777 1
-24.697185632685 -6.699270569106 1
-24.332923143190 -5.645864473157 1
-23.968661433601 -4.592458725109 1
-23.604399027247 -3.539052844483 1
-23.240136749159 -2.485646899443 1
-22.875874692295 -1.432241056721 1
-22.511612427757 -0.378835171978 1
-22.147350206777 0.674570731004 1
-21.783088048945 1.727976604437 1
-21.418825829718 2.781382491125 1
-21.054563624070 3.834788383072 1
-20.690301436198 4.888194266666 1
-20.326039230316 5.941600154651 1
-19.961777027898 6.995006044245 1
-19.597514830670 8.048411931492 1
-24.332923143449 -8.592953630242 1
-23.968661434181 -7.539547882817 1
-23.604399028200 -6.486142002155 1
-23.240136749998 -5.432736056358 1
-22.875874692638 -4.379330212862 1
-22.511612427751 -3.325924327932 1
-22.147350206356 -2.272518425102 1
-21.783088047694 -1.219112551688 1
-21.418825827774 -0.165706664662 1
-21.054563622218 0.887699227533 1
-20.690301434801 1.941105110985 1
-20.326039229445 2.994510998748 1
-19.961777027649 4.047916888228 1
-19.597514831175 5.101322775414 1
-19.233252629135 6.154728664123 1
-18.868990427430 7.208134553483 1
-18.504728228214 8.261540442535 1
-23.240136750296 -8.379825213340 1
-22.875874693556 -7.326419369620 1
-22.511612429120 -6.273013484370 1
-22.147350207356 -5.219607581365 1
-21.783088047661 -4.166201708058 1
-21.418825827072 -3.112795821298 1
-21.054563621109 -2.059389929038 1
-20.690301433081 -1.005984045007 1
-20.326039227273 0.047421843319 1
-19.961777025660 1.100827733044 1
-19.597514829802 2.154233620180 1
-19.233252628564 3.207639508711 1
-18.868990427506 4.261045397968 1
-18.504728228657 5.314451286677 1
-18.140466027495 6.367857176310 1
-17.776203825924 7.421263066480 1
-17.411941627159 8.474668956468 1
-22.147350208535 -8.166696737853 1
-21.783088049146 -7.113290864317 1
-21.418825828446 -6.059884977903 1
-21.054563621694 -5.006479086130 1
-20.690301432455 -3.953073202303 1
-20.326039226112 -2.899667313798 1
-19.961777024351 -1.846261423542 1
-19.597514828006 -0.792855535831 1
-19.233252626606 0.260550353313 1
-18.868990425766 1.313956243046 1
-18.504728227430 2.367362131694 1
-18.140466027109 3.420768020996 1
-17.776203825870 4.474173910761 1
-17.411941627039 5.527579800169 1
-17.047679426003 6.580985690538 1
-16.683417223844 7.634391580663 1
-16.319155027767 8.687797469371 1
-21.054563623518 -7.953568242472 1
-20.690301433812 -6.900162359173 1
-20.326039226976 -5.846756471350 1
-19.961777024446 -4.793350581349 1
-19.597514827129 -3.739944693419 1
-19.233252625410 -2.686538803966 1
-18.868990424537 -1.633132914061 1
-18.504728226188 -0.579727024941 1
-18.140466026062 0.473678865100 1
-17.776203824636 1.527084755221 1
-17.411941625995 2.580490644478 1
-17.047679425572 3.633896534595 1
-16.683417223307 4.687302424543 1
-16.319155026891 5.740708312972 1
-15.954892825071 6.794114203713 1
-15.590630619315 7.847520093047 1
-20.326039229391 -8.793845628170 1
-19.961777026095 -7.740439738673 1
-19.597514828043 -6.687033851283 1
-19.233252625947 -5.633627961932 1
-18.868990424479 -4.580222071916 1
-18.504728225373 -3.526816182653 1
-18.140466024996 -2.473410292591 1
-17.776203823904 -1.420004402268 1
-17.411941625741 -0.366598512498 1
-17.047679425323 0.686807377975 1
-16.683417222376 1.740213268040 1
-16.319155025950 2.793619156564 1
-15.954892824509 3.847025047488 1
-15.590630618276 4.900430936890 1
-15.226368430419 5.953836821905 1
-14.862106224611 7.007242715493 1
-14.497844005370 8.060648604021 1
-19.233252628053 -8.580717119434 1
-18.868990425592 -7.527311229684 1
-18.504728226061 -6.473905340202 1
-18.140466025317 -5.420499449946 1
-17.776203823706 -4.367093559711 1
-17.411941625096 -3.313687670016 1
-17.047679424791 -2.260281779322 1
-16.683417222390 -1.206875888897 1
-16.319155026261 -0.153470000267 1
-15.954892824398 0.899935890517 1
-15.590630617409 1.953341779952 1
-15.226368429627 3.006747665252 1
-14.862106223952 4.060153558873 1
-14.497844004144 5.113559447108 1
-14.133581845854 6.166965322144 1
-13.769319624537 7.220371226864 1
-13.405057360834 8.273777113361 1
-18.140466026694 -8.367588607080 1
-17.776203824438 -7.314182716476 1
-17.411941625554 -6.260776826533 1
-17.047679424813 -5.207370935962 1
-16.683417222204 -4.153965045849 1
-16.319155026293 -3.100559157195 1
-15.954892824828 -2.047153266114 1
-15.590630618015 -0.993747376632 1
-15.226368429989 0.059658508333 1
-14.862106223672 1.113064401658 1
-14.497844003435 2.166470290142 1
-14.133581845121 3.219876165395 1
-13.769319623587 4.273282069685 1
-13.405057359634 5.326687955723 1
-13.040795302608 6.380093800303 1
-12.676533023520 7.433499747031 1
-12.312270616832 8.486905628763 1
-17.047679425685 -8.154460092447 1
-16.683417222661 -7.101054202211 1
-16.319155026653 -6.047648313662 1
-15.954892824948 -4.994242422708 1
-15.590630618436 -3.940836533167 1
-15.226368430985 -2.887430648019 1
-14.862106224809 -1.834024754715 1
-14.497844004145 -0.780618866565 1
-14.133581845223 0.272787008340 1
-13.769319623266 1.326192912877 1
-13.405057359037 2.379598799430 1
-13.040795301515 3.433004643934 1
-12.676533022091 4.486410590117 1
-12.312270615687 5.539816471548 1
-11.948008904423 6.593222220549 1
-11.583746412718 7.646628317969 1
-11.219483548163 8.700034178683 1
-15.954892825275 -7.941331579475 1
-15.590630618722 -6.887925690030 1
-15.226368431610 -5.834519804798 1
-14.862106225610 -4.781113911037 1
-14.497844005332 -3.727708022524 1
-14.133581846659 -2.674302147728 1
-13.769319624385 -1.620896243651 1
-13.405057359456 -0.567490357432 1
-13.040795301562 0.485915487357 1
-12.676533021904 1.539321434132 1
-12.312270614983 2.592727315686 1
-11.948008902985 3.646133064392 1
-11.583746411093 4.699539161553 1
-11.219483547267 5.752945022267 1
-10.855223013859 6.806350459559 1
-10.490959742209 7.859757079611 1
-15.226368431855 -8.781608961646 1
-14.862106225336 -7.728203067849 1
-14.497844005589 -6.674797179069 1
-14.133581847744 -5.621391303815 1
-13.769319625737 -4.567985399439 1
-13.405057360823 -3.514579513432 1
-13.040795302747 -2.461173669286 1
-12.676533022709 -1.407767722954 1
-12.312270615442 -0.354361841066 1
-11.948008903217 0.699043908227 1
-11.583746410844 1.752450005471 1
-11.219483546455 2.805855865912 1
-10.855223012503 3.859261303267 1
-10.490959740764 4.912667923637 1
-10.126695414067 5.966073682818 1
-9.762438882105 7.019478096293 1
-9.398172763755 8.072886516250 1
-14.133581847284 -8.568480460583 1
-13.769319625417 -7.515074555714 1
-13.405057361369 -6.461668669138 1
-13.040795303952 -5.408262825032 1
-12.676533023935 -4.354856879281 1
-12.312270616408 -3.301450998245 1
-11.948008904093 -2.248045249482 1
-11.583746411834 -1.194639151895 1
-11.219483547212 -0.141233290831 1
-10.855223012621 0.912172146614 1
-10.490959740242 1.965578766637 1
-10.126695413411 3.018984525796 1
-9.762438881102 4.072388939704 1
-9.398172762981 5.125797360441 1
-9.033903778941 6.179202668106 1
-8.669660810941 7.232603715211 1
-8.305384375738 8.286018331984 1
-13.040795303737 -8.355351981896 1
-12.676533024331 -7.301946035406 1
-12.312270617157 -6.248540154285 1
-11.948008904894 -5.195134406217 1
-11.583746412453 -4.141728309675 1
-11.219483547884 -3.088322449169 1
-10.855223013847 -2.034917011316 1
-10.490959741630 -0.981510390728 1
-10.126695414134 0.071895368511 1
-9.762438880862 1.125299782147 1
-9.398172762322 2.178708202804 1
-9.033903778345 3.232113510543 1
-8.669660810266 4.285514557970 1
-8.305384375730 5.338929175367 1
-7.941100624686 6.392332557289 1
-7.576903593062 7.445722620530 1
-7.212589914308 8.499158393713 1
-11.948008905201 -8.142223562350 1
-11.583746413072 -7.088817465866 1
-11.219483548190 -6.035411605952 1
-10.855223013768 -4.982006169119 1
-10.490959741806 -3.928599549137 1
-10.126695415225 -2.875193789463 1
-9.762438882569 -1.821789375382 1
-9.398172763703 -0.768380954851 1
-9.033903778822 0.285024352501 1
-8.669660809926 1.338425399833 1
-8.305384374882 2.391840017339 1
-7.941100623715 3.445243399264 1
-7.576903592373 4.498633462668 1
-7.212589914615 5.552069236206 1
-6.848259753962 6.605465045697 1
-6.484217711346 7.658818795941 1
-6.119771001292 8.712327982206 1
-10.855223013829 -7.929095324669 1
-10.490959741885 -6.875688705546 1
-10.126695414594 -5.822282946760 1
-9.762438881892 -4.768878533175 1
-9.398172764254 -3.715470112194 1
-9.033903780356 -2.662064804497 1
-8.669660811622 -1.608663757577 1
-8.305384375985 -0.555249140695 1
-7.941100624118 0.498154240870 1
-7.576903592063 1.551544304430 1
-7.212589913347 2.604980078331 1
-6.848259752247 3.658375887857 1
-6.484217710269 4.711729638050 1
-6.119771001748 5.765238824418 1
-5.755294503070 6.818602683998 1
-5.391777072887 7.871842786736 1
-10.126695414311 -8.769372101726 1
-9.762438881379 -7.715967689005 1
-9.398172763575 -6.662559268776 1
-9.033903779097 -5.609153961323 1
-8.669660811225 -4.555752913921 1
-8.305384376914 -3.502338296831 1
-7.941100625556 -2.448934915950 1
-7.576903593569 -1.395544853160 1
-7.212589914322 -0.342109079597 1
-6.848259752755 0.711286730115 1
-6.484217709880 1.764640480925 1
-6.119770999671 2.818149667542 1
-5.755294500347 3.871513526779 1
-5.391777071447 4.924753628915 1
-5.026851490921 5.978504293117 1
-4.661928572613 7.031765595366 1
-4.300148971903 8.084597580847 1
-9.033903778442 -8.556243116664 1
-8.669660810319 -7.502842069479 1
-8.305384375714 -6.449427452431 1
-7.941100624287 -5.396024071128 1
-7.576903593304 -4.342634008406 1
-7.212589914962 -3.289198235941 1
-6.848259754113 -2.235802427102 1
-6.484217711628 -1.182448676423 1
-6.119771001036 -0.128939489284 1
-5.755294501266 0.924424370686 1
-5.391777070715 1.977664473001 1
-5.026851487868 3.031415136810 1
-4.661928569114 4.084676437976 1
-4.300148970096 5.137508422634 1
-3.933579176417 6.192175333800 1
-3.567154957166 7.244836387386 1
-3.211333759108 8.296802234766 1
-7.941100623866 -8.343113226260 1
-7.576903592397 -7.289723163262 1
-7.212589913761 -6.236287390595 1
-6.848259752743 -5.182891581980 1
-6.484217710780 -4.129537832602 1
-6.119771001541 -3.076028646389 1
-5.755294503131 -2.022664786225 1
-5.391777073023 -0.969424683050 1
-5.026851489743 0.084325981629 1
-4.661928569898 1.137587282845 1
-4.300148968160 2.190419267189 1
-3.933579172002 3.245086177241 1
-3.567154952776 4.297747229751 1
-3.211333759890 5.349713075999 1
-2.838599830647 6.406581098720 1
-2.468273376598 7.458918315883 1
-2.129621531525 8.504553982089 1
-6.848259752816 -8.129980737135 1
-6.484217710099 -7.076626987676 1
-6.119771000228 -6.023117801876 1
-5.755294501046 -4.969753942859 1
-5.391777072142 -3.916513840437 1
-5.026851491179 -2.862763175242 1
-4.661928572900 -1.809501872742 1
-4.300148972383 -0.756669887625 1
-3.933579174684 0.297997023180 1
-3.567154953716 1.350658075512 1
-3.211333758080 2.402623921074 1
-2.838599824942 3.459491943022 1
-2.468273372477 4.511829158040 1
-2.129621524022 5.557464827087 1
-1.740718120983 6.630739219682 1
-1.338450355422 7.657050177769 1
-1.074557234885 8.727897144131 1
-5.755294501368 -7.916843098553 1
-5.391777071178 -6.863602996471 1
-5.026851488838 -5.809852332354 1
-4.661928570335 -4.756591030482 1
-4.300148971475 -3.703759044745 1
-3.933579176975 -2.649092133141 1
-3.567154957763 -1.596431080079 1
-3.211333758736 -0.544465233553 1
-2.838599826260 0.512402787610 1
-2.468273371924 1.564740001695 1
-2.129621515329 2.610375672949 1
-1.740718112406 3.683650061734 1
-1.338450351229 4.709961024472 1
-1.074557253908 5.780807989372 1
-0.550917018723 6.808842937876 1
-5.026851490053 -8.756941488703 1
-4.661928570268 -7.703680186838 1
-4.300148969054 -6.650848201641 1
-3.933579173397 -5.596181290604 1
-3.567154954693 -4.543520236861 1
-3.211333761977 -3.491554390160 1
-2.838599831476 -2.434686367429 1
-2.468273377146 -1.382349150826 1
-2.129621534375 -0.336713487130 1
-1.740718120181 0.736560913969 1
-1.338450352194 1.762871867756 1
-1.074557257338 2.833718832407 1
-0.550917011910 3.861753787145 1
-3.933579175041 -8.543270447383 1
-3.567154954091 -7.490609393794 1
-3.211333758291 -6.438643547051 1
-2.838599826532 -5.381775523972 1
-2.468273374333 -4.329438308359 1
-2.129621524066 -3.283802638336 1
-1.740718120805 -2.210528247914 1
-1.338450355183 -1.184217290563 1
-1.074557227342 -0.113370324890 1
-0.550917015359 0.914664627487 1
0.235027141323 1.782366411953 2
-2.838599826989 -8.328864682597 1
-2.468273372131 -7.276527466705 1
-2.129621518760 -6.230891795512 1
-1.740718115455 -5.157617403859 1
-1.338450353230 -4.131306442407 1
-1.074557258415 -3.060459477797 1
-0.550917018499 -2.032424530632 1
0.235027131778 -1.164722747923 2
-1.740718119520 -8.104706557563 1
-1.338450351311 -7.078395601137 1
-1.074557252367 -6.007548634487 1
-0.550917012679 -4.979513680480 1
-0.550917017111 -7.926602843934 1
0.235027132649 7.676544719505 2
1.035495678734 8.531341724178 2
-0.018135664570 5.802137439436 1
0.644978838606 6.654873626279 2
1.370358014290 7.486928148163 2
2.116019573514 8.328528295623 2
0.235027145687 4.729455563282 2
1.035495673452 5.584252569297 2
1.743000525755 6.436794675063 2
2.470653885762 7.278446093343 2
3.204465163979 8.121678763693 2
-0.018135648326 2.855048292658 1
0.644978851141 3.707784469414 2
1.370358026208 4.539838992625 2
2.116019580402 5.381439140723 2
2.837787638455 6.227537573888 2
3.565831318382 7.070633628628 2
4.295959154718 7.914210076110 2
1.035495673834 2.637163416605 2
1.743000535649 3.489705519724 2
2.470653894223 4.331356938530 2
3.204465168925 5.174589608805 2
3.931011338883 6.019137756180 2
4.659345786269 6.862746321568 2
5.388364527054 7.706470055887 2
6.116729203033 8.550332217614 2
-0.018135691149 -0.092040866028 1
0.644978847916 0.760695323801 2
1.370358021984 1.592749834807 2
2.116019584973 2.434349984225 2
2.837787645162 3.280448417328 2
3.565831325360 4.123544472764 2
4.295959160077 4.967120920382 2
5.023911712594 5.811139289468 2
5.752366419905 6.654881262446 2
6.481045670127 7.498652194227 2
7.209528936503 8.342466816022 2
1.035495683038 -0.309925743833 2
1.743000528553 0.542616362860 2
2.470653892165 1.384267781856 2
3.204465170639 2.227500451600 2
3.931011343752 3.072048599140 2
4.659345791754 3.915657164851 2
5.388364531750 4.759380899598 2
6.116729205410 5.603243062375 2
6.845232154156 6.447023063066 2
7.573808009385 7.290809786670 2
8.302325247103 8.134610168502 2
-0.018135660763 -3.039130028589 1
0.644978838380 -2.186393841942 2
1.370358015113 -1.354339318162 2
2.116019574931 -0.512739171650 2
2.837787641137 0.333359260787 2
3.565831323259 1.176455315439 2
4.295959161482 2.020031762930 2
5.023911716209 2.864050131815 2
5.752366424192 3.707792105147 2
6.481045673707 4.551563037985 2
7.209528938014 5.395377661025 2
7.938049830322 6.239168069889 2
8.666594223312 7.082959925499 2
9.395121128831 7.926756038209 2
0.235027146112 -4.111811905424 2
1.035495672345 -3.257014898240 2
1.743000526756 -2.404472792452 2
2.470653887174 -1.562821374419 2
3.204465167071 -0.719588704980 2
3.931011340085 0.124959442370 2
4.659345790189 0.968568007995 2
5.388364532978 1.812291741936 2
6.116729208258 2.656153904425 2
6.845232157134 3.499933905811 2
7.573808011511 4.343720630538 2
8.302325247877 5.187521012900 2
9.030852572642 6.031314269653 2
9.759387418258 6.875107786053 2
10.487917059040 7.718902625279 2
11.216447385156 8.562696855430 2
-0.018135655210 -5.986219175791 1
0.644978853024 -5.133482998218 2
1.370358027132 -4.301428476503 2
2.116019581943 -3.459828327508 2
2.837787639711 -2.613729894461 2
3.565831320328 -1.770633840278 2
4.295959157962 -0.927057393377 2
5.023911713242 -0.083039024429 2
5.752366423117 0.760702948130 2
6.481045674971 1.604473880133 2
7.209528940096 2.448288503320 2
7.938049832075 3.292078912928 2
8.666594224292 4.135870769039 2
9.395121129262 4.979666881648 2
10.123650692657 5.823460905861 2
10.852182647630 6.667254957607 2
11.580713056864 7.511049420411 2
12.309243637806 8.354843707331 2
0.235027135337 -7.058901058566 2
1.035495675443 -6.204104054774 2
1.743000535719 -5.351561950539 2
2.470653895020 -4.509910530444 2
3.204465170349 -3.666677859875 2
3.931011340964 -2.822129712526 2
4.659345789219 -1.978521147307 2
5.388364531050 -1.134797413377 2
6.116729206440 -0.290935251497 2
6.845232156933 0.552844748742 2
7.573808012675 1.396631472831 2
8.302325249068 2.240431855431 2
9.030852573300 3.084225112513 2
9.759387418515 3.928018628939 2
10.487917059363 4.771813468403 2
11.216447385314 5.615607699695 2
11.944978467095 6.459401925124 2
12.673509090289 7.303196278593 2
13.402039754321 8.146990583177 2
-0.018135684339 8.749226600881 1
0.644978843021 -8.080572148753 2
1.370358018374 -7.248517635916 2
2.116019582753 -6.406917487127 2
2.837787644565 -5.560819052891 2
3.565831325612 -4.717722996706 2
4.295959161618 -3.874146548724 2
5.023911714900 -3.030128179443 2
5.752366423425 -2.186386206740 2
6.481045674259 -1.342615275084 2
7.209528939521 -0.498800652876 2
7.938049832492 0.344989755552 2
8.666594225054 1.188781611308 2
9.395121129613 2.032577724098 2
10.123650692569 2.876371748359 2
10.852182647468 3.720165800448 2
11.580713057034 4.563960264217 2
12.309243638004 5.407754552025 2
13.037774456240 6.251548834748 2
13.766305138155 7.095343158779 2
14.494835828752 7.939137470260 2
1.743000525140 -8.298651108744 2
2.470653888907 -7.456999689698 2
3.204465169011 -6.613767018946 2
3.931011342822 -5.769218870547 2
4.659345792108 -4.925610304556 2
5.388364533274 -4.081886570085 2
6.116729207616 -3.238024407620 2
6.845232157316 -2.394244407247 2
7.573808012370 -1.550457683572 2
8.302325248966 -0.706657301978 2
9.030852573591 0.137135954578 2
9.759387418716 0.980929471325 2
10.487917059358 1.824724310955 2
11.216447385015 2.668518542610 2
11.944978466823 3.512312768932 2
12.673509090447 4.356107123036 2
13.402039754840 5.199901427442 2
14.130570493183 6.043695730874 2
14.859101191181 6.887490048008 2
15.587631890745 7.731284361330 2
16.316162597908 8.575078673779 2
2.837787637133 -8.507908210621 2
3.565831319937 -7.664812155193 2
4.295959159211 -6.821235707177 2
5.023911715091 -5.977217337969 2
5.752366424783 -5.133475365144 2
6.481045675337 -4.289704432742 2
7.209528940185 -3.445889809954 2
7.938049832878 -2.602099401634 2
8.666594224945 -1.758307546579 2
9.395121129377 -0.914511434279 2
10.123650692229 -0.070717409496 2
10.852182647222 0.773076643000 2
11.580713056820 1.616871107140 2
12.309243637600 2.460665395931 2
13.037774456075 3.304459679142 2
13.766305138425 4.148254002981 2
14.494835829449 4.992048314006 2
15.223366543606 5.835842624946 2
15.951897246460 6.679636939727 2
16.680427949410 7.523431252958 2
17.408958654787 8.367225565937 2
3.931011336155 -8.716308028206 2
4.659345786702 -7.872699462726 2
5.388364530128 -7.028975728907 2
6.116729206794 -6.185113566869 2
6.845232157600 -5.341333565891 2
7.573808012815 -4.497546841209 2
8.302325249765 -3.653746459262 2
9.030852574618 -2.809953203162 2
9.759387419187 -1.966159686870 2
10.487917059087 -1.122364846799 2
11.216447384541 -0.278570614785 2
11.944978466416 0.565223611637 2
12.673509089861 1.409017966716 2
13.402039754438 2.252812271782 2
14.130570493238 3.096606575060 2
14.859101191520 3.940400891916 2
15.587631891288 4.784195205159 2
16.316162598443 5.627989518012 2
17.044693303019 6.471783831588 2
17.773224007041 7.315578144672 2
18.501754711941 8.159372457331 2
5.023911709647 8.758228445011 2
5.752366420162 -8.080564522770 2
6.481045672595 -7.236793591256 2
7.209528939259 -6.392978968329 2
7.938049832910 -5.549188559115 2
8.666594225461 -4.705396703426 2
9.395121130780 -3.861600591273 2
10.123650694067 -3.017806566945 2
10.852182648245 -2.174012514190 2
11.580713056975 -1.330218049845 2
12.309243637539 -0.486423761458 2
13.037774455422 0.357370522280 2
13.766305137478 1.201164846970 2
14.494835829085 2.044959158082 2
15.223366543723 2.888753468870 2
15.951897246675 3.732547783573 2
16.680427949590 4.576342097062 2
17.408958654993 5.420136410161 2
18.137489359776 6.263930722983 2
18.866020063504 7.107725035652 2
19.594550769780 7.951519346661 2
6.845232154667 -8.288422722345 2
7.573808011244 -7.444635997909 2
8.302325249541 -6.600835615542 2
9.030852575044 -5.757042359281 2
9.759387419948 -4.913248843300 2
10.487917060601 -4.069454003988 2
11.216447386061 -3.225659772217 2
11.944978467140 -2.381865545740 2
12.673509090046 -1.538071191227 2
13.402039754043 -0.694276886158 2
14.130570491815 0.149517418041 2
14.859101190020 0.993311735459 2
15.587631890622 1.837106048791 2
16.316162598326 2.680900361602 2
17.044693302861 3.524694675453 2
17.773224006935 4.368488988993 2
18.501754712382 5.212283301391 2
19.230285415882 6.056077613140 2
19.958816118078 6.899871925879 2
20.687346831263 7.743666234427 2
21.415877520483 8.587460544147 2
7.938049830510 -8.496277714918 2
8.666594224241 -7.652485858735 2
9.395121130849 -6.808689746810 2
10.123650694416 -5.964895723225 2
10.852182648662 -5.121101671467 2
11.580713057647 -4.277307207932 2
12.309243637933 -3.433512919735 2
13.037774455558 -2.589718636453 2
13.766305137237 -1.745924312019 2
14.494835827887 -0.902130000147 2
15.223366541534 -0.058335688353 2
15.951897244650 0.785458626857 2
16.680427948590 1.629252940404 2
17.408958654589 2.473047253725 2
18.137489359320 3.316841567258 2
18.866020063493 4.160635880163 2
19.594550770638 5.004430190940 2
20.323081470429 5.848224502097 2
21.051612167868 6.692018817259 2
21.780142904498 7.535813119626 2
22.508673565056 8.379607424533 2
9.030852572497 -8.704131514270 2
9.759387418835 -7.860337998431 2
10.487917060558 -7.016543160236 2
11.216447385959 -6.172748929381 2
11.944978467116 -5.328954703592 2
12.673509090159 -4.485160349299 2
13.402039754254 -3.641366044493 2
14.130570492206 -2.797571740726 2
14.859101189801 -1.953777422998 2
15.587631889150 -1.109983108787 2
16.316162595888 -0.266188795376 2
17.044693300533 0.577605518496 2
17.773224005463 1.421399832063 2
18.501754711387 2.265194145159 2
19.230285415122 3.108988457527 2
19.958816118041 3.952782770327 2
20.687346831807 4.796577079283 2
21.415877521780 5.640371388968 2
22.144408202173 6.484165712235 2
22.872939016861 7.327959995196 2
23.601469591596 8.171754283431 2
10.123650692463 8.770550062137 2
10.852182648157 -8.068190827234 2
11.580713057523 -7.224396364682 2
12.309243637631 -6.380602076620 2
13.037774455635 -5.536807793271 2
13.766305137709 -4.693013469128 2
14.494835828679 -3.849219157949 2
15.223366542221 -3.005424846451 2
15.951897244323 -2.161630530791 2
16.680427946930 -1.317836216778 2
17.408958652016 -0.474041903594 2
18.137489356560 0.369752409711 2
18.866020061136 1.213546723081 2
19.594550768794 2.057341034583 2
20.323081469179 2.901135346096 2
21.051612167213 3.744929661715 2
21.780142904293 4.588723964047 2
22.508673565603 5.432518268002 2
23.237204185248 6.276312621867 2
23.965735261426 7.120106847511 2
24.694265579210 7.963901078499 2
11.944978467224 -8.276043859753 2
12.673509089949 -7.432249505257 2
13.402039754111 -6.588455199891 2
14.130570492891 -5.744660896595 2
14.859101190940 -4.900866579949 2
15.587631890194 -4.057072266513 2
16.316162596211 -3.213277953035 2
17.044693299810 -2.369483638689 2
17.773224003750 -1.525689325226 2
18.501754708839 -0.681895012488 2
19.230285412042 0.161899300157 2
19.958816115105 1.005693613508 2
20.687346829463 1.849487922795 2
21.415877520008 2.693282232988 2
22.144408201000 3.537076556376 2
22.872939016340 4.380870838734 2
23.601469591753 5.224665126350 2
24.329999995164 6.068459589362 2
25.058531942481 6.912253640781 2
25.787061496440 7.756047663517 2
26.515588391095 8.599843772471 2
13.037774455607 -8.483896949205 2
13.766305137065 -7.640102624087 2
14.494835828797 -6.796308313208 2
15.223366543493 -5.952514002947 2
15.951897245921 -5.108719688103 2
16.680427947919 -4.264925374170 2
17.408958651950 -3.421131060385 2
18.137489355907 -2.577336746983 2
18.866020059761 -1.733542434008 2
19.594550766463 -0.889748122215 2
20.323081466344 -0.045953810157 2
21.051612164545 0.797840505530 2
21.780142902010 1.641634808065 2
22.508673563764 2.485429112067 2
23.237204183986 3.329223465567 2
23.965735260826 4.173017690826 2
24.694265579198 5.016811921459 2
25.422795211746 5.860606759983 2
26.151330047697 6.704400274625 2
26.879857362158 7.548193527066 2
27.608374586361 8.391993903032 2
14.130570491852 -8.691750052441 2
14.859101189867 -7.847955735624 2
15.587631890518 -7.004161423239 2
16.316162597716 -6.160367110242 2
17.044693301649 -5.316572795763 2
17.773224004655 -4.472778481612 2
18.501754708874 -3.628984168449 2
19.230285411864 -2.785189856288 2
19.958816113884 -1.941395542691 2
20.687346827325 -1.097601232550 2
21.415877517823 -0.253806922337 2
22.144408198915 0.589987400820 2
22.872939014445 1.433781682898 2
23.601469590063 2.277575970097 2
24.329999993800 3.121370432854 2
25.058531941796 3.965164483844 2
25.787061496040 4.808958506936 2
26.515588390907 5.652754616910 2
27.244132772403 6.496546467752 2
27.972653653239 7.340336869576 2
28.701136903402 8.184151484679 2
15.223366542445 8.782931781167 2
15.951897245671 -8.055808844665 2
16.680427948896 -7.212014531209 2
17.408958653890 -6.368220217103 2
18.137489358055 -5.524425903114 2
18.866020060924 -4.680631589514 2
19.594550767215 -3.836837278055 2
20.323081466567 -2.993042966067 2
21.051612163273 -2.149248649314 2
21.780142900249 -1.305454346550 2
22.508673562154 -0.461660043156 2
23.237204182324 0.382134309776 2
23.965735259199 1.225928534534 2
24.694265577429 2.069722764885 2
25.422795210182 2.913517602912 2
26.151330046520 3.757311117529 2
26.879857360962 4.601104370747 2
27.608374585640 5.444904746935 2
28.336950427532 6.288691463584 2
29.065453363289 7.132471456270 2
29.793818021145 7.976333611489 2
17.044693302639 -8.263661952408 2
17.773224006276 -7.419867638120 2
18.501754711187 -6.576073324623 2
19.230285414124 -5.732279012252 2
19.958816115334 -4.888484698895 2
20.687346828349 -4.044690388989 2
21.415877517638 -3.200896077812 2
22.144408197438 -2.357101753936 2
22.872939012940 -1.513307472408 2
23.601469588684 -0.669513185846 2
24.329999992365 0.174281276672 2
25.058531940308 1.018075327369 2
25.787061494257 1.861869349795 2
26.515588388985 2.705665459360 2
27.244132770390 3.549457310501 2
27.972653651354 4.393247712593 2
28.701136902354 5.237062327440 2
29.429816137636 6.080833251719 2
30.158270830343 6.924575217665 2
30.886223365716 7.768593582106 2
31.616351185891 8.612170026290 2
18.137489359127 -8.471515060204 2
18.866020062309 -7.627720746424 2
19.594550769166 -6.783926435359 2
20.323081468286 -5.940132124030 2
21.051612164205 -5.096337807387 2
21.780142900426 -4.252543503660 2
22.508673561168 -3.408749198986 2
23.237204180879 -2.564954845880 2
23.965735258051 -1.721160621435 2
24.694265576417 -0.877366390824 2
25.422795209332 -0.033571552842 2
26.151330045624 0.810221960913 2
26.879857359471 1.654015213483 2
27.608374583615 2.497815589589 2
28.336950425203 3.341602306445 2
29.065453361424 4.185382299080 2
29.793818020314 5.029244453995 2
30.522836745137 5.872968182022 2
31.251171176270 6.716576743204 2
31.977717326612 7.561124889795 2
32.711528590497 8.404357557810 2
19.230285414510 -8.679368170027 2
19.958816116242 -7.835573857291 2
20.687346829813 -6.991779548599 2
21.415877518638 -6.147985237524 2
22.144408197627 -5.304190912496 2
22.872939012379 -4.460396629443 2
23.601469587548 -3.616602342042 2
24.329999991353 -2.772807879415 2
25.058531939479 -1.929013828205 2
25.787061493634 -1.085219805625 2
26.515588388665 -0.241423697045 2
27.244132769653 0.602368153317 2
27.972653649782 1.446158555415 2
28.701136900203 2.289973170577 2
29.429816135232 3.133744094945 2
30.158270828562 3.977486060333 2
30.886223364678 4.821504424459 2
31.616351185302 5.665080868613 2
32.344394847664 6.508176921181 2
33.066162882382 7.354275355333 2
33.811824435326 8.195875497544 2
20.323081468679 8.795313657509 2
21.051612165456 -8.043426967190 2
21.780142901846 -7.199632663826 2
22.508673561909 -6.355838357980 2
23.237204180935 -5.512044003431 2
23.965735257493 -4.668249778139 2
24.694265575533 -3.824455547329 2
25.422795208434 -2.980660708901 2
26.151330044850 -2.136867194998 2
26.879857359085 -1.293073943427 2
27.608374583199 -0.449273568233 2
28.336950423899 0.394513148895 2
29.065453359351 1.238293142405 2
29.793818017929 2.082155297659 2
30.522836742698 2.925879025028 2
31.251171174183 3.769487585517 2
31.977717325240 4.614035731917 2
32.711528589588 5.457268399595 2
33.439181931932 6.298919813925 2
34.146686747977 7.151461922265 2
34.947155299116 8.006258919454 2
22.144408200054 -8.251280071431 2
22.872939014364 -7.407485787623 2
23.601469588758 -6.563691499120 2
24.329999991960 -5.719897036110 2
25.058531939341 -4.876102985065 2
25.787061492822 -4.032308962259 2
26.515588387821 -3.188512853489 2
27.244132769394 -2.344721003838 2
27.972653649973 -1.500930602652 2
28.701136899823 -0.657115987209 2
29.429816133666 0.186654938594 2
30.158270826530 1.030396904778 2
30.886223362760 1.874415268292 2
31.616351183223 2.717991711647 2
32.344394845672 3.561087764106 2
33.066162880693 4.407186197885 2
33.811824434519 5.248786340272 2
34.537203591570 6.080840848459 2
35.200318058550 6.933577045795 2
23.237204184057 -8.459133160646 2
23.965735259789 -7.615338934735 2
24.694265577126 -6.771544703956 2
25.422795209403 -5.927749866131 2
26.151330044685 -5.083956352277 2
26.879857358097 -4.240163100404 2
27.608374582657 -3.396362725411 2
28.336950424451 -2.552576008971 2
29.065453360162 -1.708796015324 2
29.793818017739 -0.864933858416 2
30.522836741505 -0.021210129789 2
31.251171172951 0.822398430304 2
31.977717324062 1.666946575992 2
32.711528588152 2.510179243691 2
33.439181930354 3.351830657727 2
34.146686749194 4.204372764893 2
34.947155298919 5.059169762784 2
24.329999994509 -8.666986193122 2
25.058531941223 -7.823192142106 2
25.787061494317 -6.979398119761 2
26.515588388731 -6.135602010977 2
27.244132769213 -5.291810160897 2
27.972653649277 -4.448019759470 2
28.701136900023 -3.604205144542 2
29.429816134868 -2.760434218976 2
30.158270827490 -1.916692251322 2
30.886223362875 -1.072673886388 2
31.616351182814 -0.229097443356 2
32.344394844949 0.613998608414 2
33.066162880437 1.460097042330 2
33.811824433322 2.301697184366 2
34.537203591407 3.133751693263 2
35.200318054178 3.986487889197 2
25.422795211470 8.807695916477 2
26.151330046458 -8.031045509511 2
26.879857359679 -7.187252257240 2
27.608374583853 -6.343451881757 2
28.336950424828 -5.499665164940 2
29.065453360411 -4.655885171773 2
29.793818018680 -3.812023015732 2
30.522836742522 -2.968299286318 2
31.251171173598 -2.124690725033 2
31.977717324356 -1.280142579779 2
32.711528587765 -0.436909913011 2
33.439181929125 0.404741501686 2
34.146686746849 1.257283609595 2
34.947155297074 2.112080605588 2
27.244132771266 -8.238899316698 2
27.972653651128 -7.395108914981 2
28.701136901371 -6.551294300055 2
29.429816135661 -5.707523375070 2
30.158270828276 -4.863781408700 2
30.886223363379 -4.019763043763 2
31.616351182816 -3.176186599874 2
32.344394845144 -2.333090548627 2
33.066162880521 -1.486992115622 2
33.811824432243 -0.645391973014 2
34.537203588224 0.186662536344 2
35.200318057181 1.039398731508 2
28.336950427058 -8.446754319863 2
29.065453362255 -7.602974327253 2
29.793818019866 -6.759112171959 2
30.522836743569 -5.915388443682 2
31.251171174414 -5.071779882652 2
31.977717324495 -4.227231736727 2
32.711528587740 -3.383999070202 2
33.439181929762 -2.542347656373 2
34.146686746204 -1.689805547823 2
34.947155294836 -0.835008549536 2
29.429816137731 -8.654612530768 2
30.158270829933 -7.810870565153 2
30.886223364607 -6.966852200751 2
31.616351184217 -6.123275756738 2
32.344394846482 -5.280179704799 2
33.066162881158 -4.434081271761 2
33.811824433623 -3.592481129403 2
34.537203589738 -2.760426619580 2
35.200318058686 -1.907690422760 2
30.522836745318 8.820057339321 2
31.251171175892 -8.018869039469 2
31.977717325746 -7.174320892853 2
32.711528589450 -6.331088225503 2
33.439181931908 -5.489436812083 2
34.146686748155 -4.636894704320 2
34.947155295811 -3.782097704973 2
32.344394847791 -8.227268860610 2
33.066162882146 -7.381170426618 2
33.811824435625 -6.539570284440 2
34.537203593517 -5.707515775748 2
35.200318057752 -4.854779577477 2
33.439181932379 -8.436525967814 2
34.146686749241 -7.583983860058 2
34.947155298034 -6.729186863004 2
34.537203592806 -8.654604933448 2
35.200318056347 -7.801868736254 2
