# Bicrystal: theta = 32.2042 deg, Sigma = 39, Sigma_true = 13
# label    = deep plateau     (Sigma=39,  S_true=13)
# a        = 1.113895000000
# box_ax   = 69.562720454260  box_ay = 0.000000000000
# box_bx   = 0.000000000000  box_by = 24.097233227898
# origin_x = -34.781360227130  origin_y = -12.048616613949
# N_atoms  = 1548
# sigma_GB = 0.930139361111 (per interface)
# dx = -0.400000 a   dy = 0.880000 a
# Columns: x y grain
-34.655075901935 7.545191262912 1
-34.452786349596 8.659021731735 1
-34.110023921211 9.736663487992 1
-33.860161061654 10.807812514115 1
-34.655076015911 3.528985630357 1
-34.452786416226 4.642816082475 1
-34.110024086212 5.720457876676 1
-33.860161319443 6.791606928937 1
-33.604445883394 7.884160848055 1
-33.337289267754 8.955085508356 1
-33.049544950649 10.040312466918 1
-32.793712759127 11.124705784488 1
-34.655075840715 -0.487219834971 1
-34.452786405287 0.626610641617 1
-34.110024050399 1.704252372613 1
-33.860161321890 2.775401405805 1
-33.604445968666 3.867955280151 1
-33.337289384170 4.938879942945 1
-33.049545141024 6.024106915729 1
-32.793712999523 7.108500215394 1
-32.527972443454 8.187369297506 1
-32.257939962792 9.265946008718 1
-31.985939085013 10.350778186632 1
-31.721708458019 11.431795727815 1
-34.655075601608 -4.503425388256 1
-34.452786211264 -3.389594868564 1
-34.110023813537 -2.311953115841 1
-33.860161129666 -1.240804068258 1
-33.604445822673 -0.148250182166 1
-33.337289305080 0.922674469926 1
-33.049545099832 2.007901412021 1
-32.793713009933 3.092294693138 1
-32.527972521110 4.171163755913 1
-32.257940094031 5.249740472506 1
-31.985939269274 6.334572636686 1
-31.721708679636 7.415590173113 1
-31.454159194845 8.495619230837 1
-31.185745293727 9.576888590111 1
-30.916662764216 10.659067962934 1
-34.655075534255 -8.519630879713 1
-34.452786079093 -7.405800408705 1
-34.110023734626 -6.328158637998 1
-33.860160926281 -5.257009625859 1
-33.604445622989 -4.164455731108 1
-33.337289129030 -3.093531054941 1
-33.049544904524 -2.008304081755 1
-32.793712837879 -0.923910770773 1
-32.527972385691 0.154958295863 1
-32.257940008618 1.233534990616 1
-31.985939237513 2.318367132602 1
-31.721708699159 3.399384657727 1
-31.454159275223 4.479413697269 1
-31.185745432500 5.560683046930 1
-30.916662934166 6.642862413523 1
-30.649842007525 7.723872672357 1
-30.382222320110 8.804907982565 1
-30.114100743331 9.886200336829 1
-29.845848392787 10.967711832956 1
-34.655075633040 11.561396830116 1
-34.452786079738 -11.422005921412 1
-34.110023742886 -10.344364091006 1
-33.860160840781 -9.273215087936 1
-33.604445509574 -8.180661218028 1
-33.337288995332 -7.109736572535 1
-33.049544757534 -6.024509656306 1
-32.793712652188 -4.940116349993 1
-32.527972228267 -3.861247268737 1
-32.257939871546 -2.782670545355 1
-31.985939074881 -1.697838363488 1
-31.721708552214 -0.616820821395 1
-31.454159157942 0.463208220722 1
-31.185745352082 1.544477566218 1
-30.916662913355 2.626656919691 1
-30.649842031222 3.707667172001 1
-30.382222404647 4.788702454121 1
-30.114100878661 5.869994792296 1
-29.845848565916 6.951506283170 1
-29.578364136049 8.032740813521 1
-29.310597879643 9.113937735168 1
-29.042613003614 10.195220511062 1
-28.774651060278 11.276589904545 1
-33.604445624023 11.900366426061 1
-33.337289062984 -11.125942103393 1
-33.049544738847 -10.040715151872 1
-32.793712557208 -8.956321836822 1
-32.527972078196 -7.877452773651 1
-32.257939690282 -6.798876094740 1
-31.985938903917 -5.714043937495 1
-31.721708393571 -4.633026386723 1
-31.454159027540 -3.552997325553 1
-31.185745234569 -2.471727970545 1
-30.916662789086 -1.389548586687 1
-30.649841912173 -0.308538330332 1
-30.382222310537 0.772496971169 1
-30.114100806050 1.853789317780 1
-29.845848536120 2.935300796108 1
-29.578364148182 4.016535308957 1
-29.310597932115 5.097732205715 1
-29.042613114950 6.179014971767 1
-28.774651229468 7.260384372676 1
-28.506926473784 8.341653331770 1
-28.239095890164 9.422902995938 1
-27.971191369047 10.504195180950 1
-32.527972223973 -11.893658346100 1
-32.257939757448 -10.815081634377 1
-31.985938873078 -9.730249456785 1
-31.721708270222 -8.649231909971 1
-31.454158858418 -7.569202865790 1
-31.185745050491 -6.487933512029 1
-30.916662624165 -5.405754133998 1
-30.649841781136 -4.324743865753 1
-30.382222191485 -3.243708561266 1
-30.114100702210 -2.162416212349 1
-29.845848433946 -1.080904731569 1
-29.578364056916 0.000329803356 1
-29.310597862440 1.081526718926 1
-29.042613071257 2.162809493422 1
-28.774651190173 3.244178882709 1
-28.506926469722 4.325447819384 1
-28.239095930261 5.406697485915 1
-27.971191480320 6.487989681116 1
-27.703310018129 7.569304568450 1
-27.435499253539 8.650582692721 1
-27.167651986326 9.731857361794 1
-26.899779871987 10.813148125042 1
-31.454158977808 -11.585408432136 1
-31.185745093176 -10.504139072729 1
-30.916662563742 -9.421959689306 1
-30.649841641020 -8.340949420754 1
-30.382222026806 -7.259914115226 1
-30.114100549882 -6.178621750904 1
-29.845848292567 -5.097110252933 1
-29.578363940808 -4.015875716860 1
-29.310597759885 -2.934678803574 1
-29.042612972909 -1.853396044245 1
-28.774651111890 -0.772026651443 1
-28.506926409379 0.309242307393 1
-28.239095880787 1.390491986534 1
-27.971191428601 2.471784174257 1
-27.703309957269 3.553099065173 1
-27.435499228984 4.634377202677 1
-27.167652022000 5.715651902137 1
-26.899779966014 6.796942671517 1
-26.631919203992 7.878238244260 1
-26.364080174625 8.959521829246 1
-26.096228379855 10.040804960522 1
-25.828368145359 11.122093676187 1
-30.649841803448 11.740078233116 1
-30.382222117351 -11.276119691671 1
-30.114100551778 -10.194827339907 1
-29.845848215443 -9.113315849020 1
-29.578363817058 -8.032081298287 1
-29.310597632645 -6.950884358467 1
-29.042612851973 -5.869601573438 1
-28.774650990624 -4.788232157959 1
-28.506926293542 -3.706963213623 1
-28.239095785966 -2.625713550573 1
-27.971191353056 -1.544421364804 1
-27.703309913829 -0.463106469405 1
-27.435499195189 0.618171661437 1
-27.167651979341 1.699446353381 1
-26.899779917006 2.780737132417 1
-26.631919161949 3.862032748287 1
-26.364080171845 4.943316382181 1
-26.096228404693 6.024599532563 1
-25.828368206388 7.105888214851 1
-25.560513048089 8.187177946512 1
-25.292664578734 9.268463754329 1
-25.024811500918 10.349749558753 1
-24.756955687917 11.431037356281 1
-29.578363942478 -12.048286866449 1
-29.310597669471 -10.967089958751 1
-29.042612816197 -9.885807189849 1
-28.774650916640 -8.804437776768 1
-28.506926201187 -7.723168792410 1
-28.239095678636 -6.641919100141 1
-27.971191241251 -5.560626900251 1
-27.703309799781 -4.479312008885 1
-27.435499088654 -3.398033874229 1
-27.167651899454 -2.316759188039 1
-26.899779869960 -1.235468420005 1
-26.631919131353 -0.154172813050 1
-26.364080139513 0.927110812743 1
-26.096228370275 2.008393976109 1
-25.828368185132 3.089682692538 1
-25.560513041880 4.170972476086 1
-25.292664584677 5.252258309932 1
-25.024811508235 6.333544098843 1
-24.756955706780 7.414831855927 1
-24.489102019410 8.496119812858 1
-24.221250323380 9.577406466541 1
-23.953396982996 10.658693181986 1
-28.506926276477 -11.739374384615 1
-28.239095687510 -10.658124717208 1
-27.971191203446 -9.576832506021 1
-27.703309749606 -8.495517592157 1
-27.435499014950 -7.414239445342 1
-27.167651803318 -6.332964737615 1
-26.899779757863 -5.251673965215 1
-26.631919029366 -4.170378359113 1
-26.364080053952 -3.089094741464 1
-26.096228309078 -2.007811584802 1
-25.828368139067 -0.926522871106 1
-25.560513010440 0.154766915214 1
-25.292664555295 1.236052760610 1
-25.024811494907 2.317338574416 1
-24.756955702630 3.398626357538 1
-24.489102017953 4.479914315366 1
-24.221250313794 5.561200957093 1
-23.953396971868 6.642487651690 1
-23.685542773344 7.723775063101 1
-23.417689395872 8.805062483984 1
-23.149836607094 9.886349457293 1
-22.881983229235 10.967636479936 1
-27.703309848995 11.585510059139 1
-27.435499063915 -11.430445026597 1
-27.167651811060 -10.349170318149 1
-26.899779733184 -9.267879524769 1
-26.631918975149 -8.186583912316 1
-26.364079980620 -7.105300292563 1
-26.096228217036 -6.024017139524 1
-25.828368039867 -4.942728429452 1
-25.560512922988 -3.861438650911 1
-25.292664489602 -2.780152807817 1
-25.024811446709 -1.698866975425 1
-24.756955677272 -0.617579180397 1
-24.489101995853 0.463708803996 1
-24.221250297927 1.544995467643 1
-23.953396955823 2.626282160397 1
-23.685542760298 3.707569550538 1
-23.417689385774 4.788856940209 1
-23.149836603811 5.870143896791 1
-22.881983239243 6.951430926561 1
-22.614129604982 8.032718196380 1
-22.346276277559 9.114005449503 1
-22.078423106907 10.195292551442 1
-21.810569727428 11.276579684042 1
-26.631919066841 11.894443738754 1
-26.364080023970 -11.121505844063 1
-26.096228223532 -10.040222670948 1
-25.828368008234 -8.958933953182 1
-25.560512851515 -7.877644181289 1
-25.292664402236 -6.796358359663 1
-25.024811357661 -5.715072548443 1
-24.756955588842 -4.633784753930 1
-24.489101924850 -3.552496746191 1
-24.221250260101 -2.471210061388 1
-23.953396935577 -1.389923339038 1
-23.685542753733 -0.308635919010 1
-23.417689361369 0.772651483519 1
-23.149836562482 1.853938436531 1
-22.881983192155 2.935225429724 1
-22.614129570017 4.016512667170 1
-22.346276258363 5.097799892013 1
-22.078423109766 6.179086989712 1
-21.810569758767 7.260374115062 1
-21.542716318963 8.341661321405 1
-21.274862981948 9.422948523546 1
-21.007009688537 10.504235679671 1
-25.560512964098 -11.893849752502 1
-25.292664471028 -10.812563894129 1
-25.024811359603 -9.731278072402 1
-24.756955540513 -8.649990281570 1
-24.489101843832 -7.568702299082 1
-24.221250166373 -6.487415624218 1
-23.953396856763 -5.406128901421 1
-23.685542692845 -4.324841463619 1
-23.417689325939 -3.243554022149 1
-23.149836556977 -2.162267039448 1
-22.881983202934 -1.080980027874 1
-22.614129567602 0.000307212238 1
-22.346276224502 1.081594431212 1
-22.078423060756 2.162881524039 1
-21.810569695315 3.244168635000 1
-21.542716266101 4.325455813378 1
-21.274862961686 5.406742993816 1
-21.007009666411 6.488030136582 1
-20.739156334373 7.569317277085 1
-20.471302964152 8.650604457344 1
-20.203449632570 9.731891645575 1
-19.935596313192 10.813178826194 1
-24.489101962343 -11.584907876025 1
-24.221250228720 -10.503621208097 1
-23.953396845979 -9.422334483394 1
-23.685542631402 -8.341047040891 1
-23.417689245094 -7.259759593312 1
-23.149836481796 -6.178472590244 1
-22.881983141516 -5.097185538670 1
-22.614129535214 -4.015898267100 1
-22.346276224527 -2.934611014996 1
-22.078423071122 -1.853323916991 1
-21.810569701968 -0.772036819234 1
-21.542716256802 0.309250356189 1
-21.274862919812 1.390537535893 1
-21.007009621266 2.471824677848 1
-20.739156265488 3.553111820622 1
-20.471302904753 4.634398985488 1
-20.203449575496 5.715686137787 1
-19.935596250839 6.796973281330 1
-19.667742907692 7.878260435001 1
-19.399889570781 8.959547627635 1
-19.132036246757 10.040834823151 1
-18.864182916597 11.122122015727 1
-23.685542764307 11.739980594457 1
-23.417689342936 -11.275965213819 1
-23.149836523254 -10.194678231890 1
-22.881983139330 -9.113391178773 1
-22.614129495407 -8.032103865687 1
-22.346276169203 -6.950816568010 1
-22.078423027544 -5.869529423963 1
-21.810569668086 -4.788242284677 1
-21.542716244004 -3.706955087488 1
-21.274862925425 -2.625667904480 1
-21.007009623210 -1.544380778327 1
-20.739156267066 -0.463093643399 1
-20.471302894258 0.618193521347 1
-20.203449558180 1.699480685105 1
-19.935596206693 2.780767847865 1
-19.667742848709 3.862055002544 1
-19.399889462309 4.943342166080 1
-19.132036137280 6.024629321903 1
-18.864182809831 7.105916482316 1
-18.596329486815 8.187203673246 1
-18.328476155196 9.268490857703 1
-18.060622831103 10.349778061906 1
-17.792769496682 11.431065270905 1
-22.614129579429 -12.048309492513 1
-22.346276238908 -10.967022236350 1
-22.078423061456 -9.885735102449 1
-21.810569690294 -8.804447932872 1
-21.542716252526 -7.723160677555 1
-21.274862921491 -6.641873436704 1
-21.007009613487 -5.560586262808 1
-20.739156262755 -4.479299102793 1
-20.471302891680 -3.398011926659 1
-20.203449550258 -2.316724767703 1
-19.935596211189 -1.235437621519 1
-19.667742851844 -0.154150468109 1
-19.399889484928 0.927136712674 1
-19.132036144020 2.008423889310 1
-18.864182766041 3.089711051107 1
-18.596329392348 4.170998232323 1
-18.328476014822 5.252285399466 1
-18.060622668987 6.333572572282 1
-17.792769348497 7.414859750631 1
-17.524916023249 8.496146942136 1
-17.257062713497 9.577434134775 1
-16.989209390499 10.658721349832 1
-21.542716296528 -11.739366331891 1
-21.274862977192 -10.658079114512 1
-21.007009671464 -9.576791934087 1
-20.739156326607 -8.495504741578 1
-20.471302949051 -7.414217518585 1
-20.203449591386 -6.332930308656 1
-19.935596233919 -5.251643120712 1
-19.667742859530 -4.170355942243 1
-19.399889486163 -3.089068761721 1
-19.132036128638 -2.007781569051 1
-18.864182777698 -0.926494404936 1
-18.596329414125 0.154792784749 1
-18.328476042910 1.236079949125 1
-18.060622679884 2.317367122813 1
-17.792769296505 3.398654295231 1
-17.524915914901 4.479941478629 1
-17.257062547729 5.561228649346 1
-16.989209199633 6.642515842091 1
-16.721355879865 7.723803039666 1
-16.453502557028 8.805090242458 1
-16.185649263126 9.886377426547 1
-15.917795956798 10.967664614038 1
-20.739156339241 11.585522849837 1
-20.471302982634 -11.430423173945 1
-20.203449657431 -10.349135974390 1
-19.935596326288 -9.267848767955 1
-19.667742955354 -8.186561569669 1
-19.399889572018 -7.105274357119 1
-19.132036207826 -6.023987150070 1
-18.864182829829 -4.942699952159 1
-18.596329445888 -3.861412725804 1
-18.328476061238 -2.780125516188 1
-18.060622687134 -1.698838309715 1
-17.792769307469 -0.617551133709 1
-17.524915924867 0.463736044785 1
-17.257062556567 1.545023203304 1
-16.989209193192 2.626310379493 1
-16.721355817766 3.707597551884 1
-16.453502435158 4.788884738271 1
-16.185649075819 5.870171917214 1
-15.917795753793 6.951459115198 1
-15.649942441157 8.032746298762 1
-15.382089113075 9.114033494631 1
-15.114235807348 10.195320654091 1
-14.846382532315 11.276607806146 1
-19.667742964125 11.894466007986 1
-19.399889615023 -11.121480003611 1
-19.132036292993 -10.040192789178 1
-18.864182945639 -8.958905583010 1
-18.596329567173 -7.877618361801 1
-18.328476171232 -6.796331147865 1
-18.060622789824 -5.715043925484 1
-17.792769408136 -4.633756696181 1
-17.524916004733 -3.552469457472 1
-17.257062609469 -2.471182246966 1
-16.989209204095 -1.389895035950 1
-16.721355809116 -0.308607862885 1
-16.453502419746 0.772679306944 1
-16.185649060064 1.853966457983 1
-15.917795712822 2.935253613242 1
-15.649942359286 4.016540776354 1
-15.382088965424 5.097827973105 1
-15.114235622472 6.179115151658 1
-14.846382315040 7.260402328013 1
-14.578529028465 8.341689510860 1
-14.310675684134 9.422976699975 1
-14.042822364907 10.504263841339 1
-18.596329585728 -11.893823994385 1
-18.328476242068 -10.812536777222 1
-18.060622897575 -9.731249558255 1
-17.792769538634 -8.649962344055 1
-17.524916140300 -7.568675116587 1
-17.257062747985 -6.487387894131 1
-16.989209350195 -5.406100649086 1
-16.721355964828 -4.324813423263 1
-16.453502553574 -3.243526189313 1
-16.185649134064 -2.162238998607 1
-15.917795727761 -1.080951810961 1
-15.649942319459 0.000335339139 1
-15.382088928389 1.081622515655 1
-15.114235573611 2.162909668476 1
-14.846382251877 3.244196819561 1
-14.578528932523 4.325484002525 1
-14.310675542828 5.406771206450 1
-14.042822183182 6.488058373359 1
-13.774968917708 7.569345536619 1
-13.507115624051 8.650632714757 1
-13.239262231154 9.731919928206 1
-12.971408898393 10.813207072350 1
-17.524916168152 -11.584880730272 1
-17.257062836999 -10.503593522353 1
-16.989209480281 -9.422306296016 1
-16.721356115607 -8.341019070424 1
-16.453502707222 -7.259731837075 1
-16.185649312173 -6.178444605645 1
-15.917795913831 -5.097157385441 1
-15.649942523097 -4.015870184141 1
-15.382089084938 -2.934582984835 1
-15.114235647850 -1.853295823354 1
-14.846382257359 -0.772008676922 1
-14.578528886250 0.309278514367 1
-14.310675491682 1.390565709098 1
-14.042822119430 2.471852878042 1
-13.774968844133 3.553140047427 1
-13.507115530986 4.634427251565 1
-13.239262095797 5.715714471684 1
-12.971408717053 6.797001607256 1
-12.703555573778 7.878288723876 1
-12.435702285970 8.959575978803 1
-12.167848696130 10.040863268307 1
-11.899995385608 11.122150355316 1
-16.721356068350 11.740008558914 1
-16.453502745769 -11.275937454422 1
-16.185649419420 -10.194650251743 1
-15.917796076577 -9.113363045174 1
-15.649942707070 -8.032075821082 1
-15.382089280543 -6.950788584887 1
-15.114235874796 -5.869501377413 1
-14.846382485670 -4.788214198009 1
-14.578529087694 -3.706927009216 1
-14.310675623552 -2.625639826314 1
-14.042822175904 -1.544352674863 1
-13.774968851586 -0.463065503972 1
-13.507115511839 0.618221717030 1
-13.239262052527 1.699508961330 1
-12.971408653812 2.780796134221 1
-12.703555498801 3.862083255767 1
-12.435702182155 4.943370513674 1
-12.167848536175 6.024657786839 1
-11.899995158491 7.105944837648 1
-11.632142388589 8.187231836525 1
-11.364289048051 9.268519290665 1
-11.096434926518 10.349806763486 1
-10.828581638545 11.431093562068 1
-15.649942654534 -12.048281425873 1
-15.382089321947 -10.966994218421 1
-15.114236006656 -9.885707027541 1
-14.846382676691 -8.804419843970 1
-14.578529322137 -7.723132623325 1
-14.310675877574 -6.641845398557 1
-14.042822443083 -5.560558209604 1
-13.774969079702 -4.479271028133 1
-13.507115664576 -3.397983836790 1
-13.239262145769 -2.316696611375 1
-12.971408704474 -1.235409445277 1
-12.703555532361 -0.154122305447 1
-12.435702193043 0.927164995420 1
-12.167848526194 2.008452292424 1
-11.899995109109 3.089739360477 1
-11.632142310751 4.171026343992 1
-11.364288925800 5.252313785039 1
-11.096434727130 6.333601226060 1
-10.828581389838 7.414888004609 1
-10.560729730980 8.496174698141 1
-10.292876095964 9.577462740530 1
-10.025020379760 10.658750582003 1
-14.578529263516 -11.739338232008 1
-14.310675937027 -10.658051023572 1
-14.042822601955 -9.576763838560 1
-13.774969303986 -8.495476659110 1
-13.507115950881 -7.414189438308 1
-13.239262455337 -6.332902190202 1
-12.971408979267 -5.251615011099 1
-12.703555723165 -4.170327862757 1
-12.435702310957 -3.089040572601 1
-12.167848599409 -2.007753262528 1
-11.899995173245 -0.926466186517 1
-11.632142370990 0.154820824535 1
-11.364288962759 1.236108277961 1
-11.096434722330 2.317395723630 1
-10.828581327682 3.398682490326 1
-10.560729607791 4.479969163418 1
-10.292875925590 5.561257200376 1
-10.025020152089 6.642545031241 1
-9.757167103312 7.723830929359 1
-9.489318692495 8.805116825082 1
-9.221463620596 9.886406668746 1
-8.953603506531 10.967695445855 1
-13.774969151063 11.585550997857 1
-13.507115910311 -11.430395020217 1
-13.239262527159 -10.349107782539 1
-12.971409150353 -9.267820609922 1
-12.703555973532 -8.186533477073 1
-12.435702618092 -7.105246178190 1
-12.167848914747 -6.023958861875 1
-11.899995428069 -4.942671764956 1
-11.632142541767 -3.861384719365 1
-11.364289075088 -2.780097243724 1
-11.096434810417 -1.698809774816 1
-10.828581411173 -0.617523007954 1
-10.560729686942 0.463763674818 1
-10.292875958502 1.545051694163 1
-10.025020114443 2.626339507590 1
-9.757167003434 3.707625390426 1
-9.489318534934 4.788911279073 1
-9.221463427256 5.870201131573 1
-8.953603264137 6.951489905732 1
-8.685751489533 8.032773148936 1
-8.417912530725 9.114056837791 1
-8.150051862599 10.195352515945 1
-7.882179885219 11.276643369601 1
-12.703555845116 11.894494211435 1
-12.435702603140 -11.121451722701 1
-12.167848997271 -10.040164426081 1
-11.899995601933 -8.958877345248 1
-11.632142798867 -7.877590317423 1
-11.364289382704 -6.796302837051 1
-11.096435113848 -5.715015354062 1
-10.828581658187 -4.633728548774 1
-10.560729868049 -3.552441839498 1
-10.292876087311 -2.471153795744 1
-10.025020222204 -1.389865963545 1
-9.757167091221 -0.308580073113 1
-9.489318583393 0.772705800467 1
-9.221463413418 1.853995628867 1
-8.953603180481 2.935284373846 1
-8.685751365305 4.016567615212 1
-8.417912360390 5.097851301098 1
-8.150051659834 6.179146988943 1
-7.882179626718 7.260437833045 1
-7.614332435547 8.341712585741 1
-7.346521735609 9.422990793543 1
-7.078640358787 10.504305737239 1
-11.632142694256 -11.893795853771 1
-11.364289361450 -10.812508388163 1
-11.096435185420 -9.731220922880 1
-10.828581824026 -8.649934110795 1
-10.560730118690 -7.568647396403 1
-10.292876392889 -6.487359341061 1
-10.025020527891 -5.406071498741 1
-9.757167358789 -4.324785593198 1
-9.489318797396 -3.243499696187 1
-9.221463575822 -2.162209854343 1
-8.953603302196 -1.080921089204 1
-8.685751421860 0.000362149001 1
-8.417912362390 1.081645827353 1
-8.150051593674 2.162941483419 1
-7.882179518283 3.244232332513 1
-7.614332291998 4.325507082933 1
-7.346521549304 5.406785285705 1
-7.078640129890 6.488100220372 1
-6.810735705490 7.569392486162 1
-6.542905197083 8.650642186839 1
-6.275180531715 9.731911219700 1
-6.007218748638 10.813280671181 1
-10.560730015375 -11.584852966628 1
-10.292876369862 -10.503564918622 1
-10.025020607695 -9.422277054584 1
-9.757167537177 -8.340991131820 1
-9.489319056685 -7.259705222928 1
-9.221463885829 -6.178415375592 1
-8.953603626816 -5.097126614117 1
-8.685751716058 -4.015843367543 1
-8.417912599185 -2.934559690189 1
-8.150051770349 -1.853264004488 1
-7.882179633935 -0.771973146736 1
-7.614332313219 0.309301607532 1
-7.346521498617 1.390579800924 1
-7.078640030221 2.471894754791 1
-6.810735564675 3.553187013066 1
-6.542905023862 4.634436717678 1
-6.275180310242 5.715705728093 1
-6.007218485593 6.797075154432 1
-5.739233708315 7.878357982335 1
-5.471467570390 8.959554939638 1
-5.203983258370 10.040789559213 1
-4.935731072233 11.122301106148 1
-9.757167369095 11.740036491122 1
-9.489318962512 -11.275910821214 1
-9.221463881751 -10.194620950440 1
-8.953603726947 -9.113332160461 1
-8.685751912413 -8.032048907998 1
-8.417912885822 -6.950765220175 1
-8.150052110368 -5.869469539192 1
-7.882179972347 -4.788178697397 1
-7.614332624451 -3.706903937379 1
-7.346521761301 -2.625625732743 1
-7.078640215274 -1.544310760175 1
-6.810735664266 -0.463018485640 1
-6.542905027965 0.618231227227 1
-6.275180259228 1.699500265038 1
-6.007218357047 2.780869698340 1
-5.739233532104 3.862152519239 1
-5.471467341151 4.943349471655 1
-5.203982977592 6.024584059352 1
-4.935730750244 7.106095563482 1
-4.667609306324 8.187387975907 1
-4.399989773205 9.268423333418 1
-4.133168954365 10.349433732764 1
-3.864086602360 11.431613183229 1
-8.685751764034 -12.048254526971 1
-8.417912814155 -10.966970811279 1
-8.150052127632 -9.885675115247 1
-7.882180094457 -8.804384253387 1
-7.614332851776 -7.723109489947 1
-7.346522077389 -6.641831287385 1
-7.078640578564 -5.560516321926 1
-6.810736016782 -4.479224057412 1
-6.542905354460 -3.397974335428 1
-6.275180517016 -2.316705297828 1
-6.007218547350 -1.235335849822 1
-5.739233627412 -0.154052994893 1
-5.471467352505 0.927143975345 1
-5.203982916755 2.008378586514 1
-4.935730610599 3.089890090703 1
-4.667609101240 4.171182493024 1
-4.399989508729 5.252217847492 1
-4.133168629928 6.333228191068 1
-3.864086241438 7.415407630078 1
-3.595672508829 8.496677062679 1
-3.328123211157 9.576706204481 1
-3.063892709503 10.657723863158 1
-7.614332723198 -11.739315102049 1
-7.346522034121 -10.658036871350 1
-7.078640624441 -9.576721895061 1
-6.810736178588 -8.495429618704 1
-6.542905619447 -7.414179890172 1
-6.275180861356 -6.332910863332 1
-6.007218924444 -5.251541412574 1
-5.739233988519 -4.170258573419 1
-5.471467674174 -3.089061595286 1
-5.203983173816 -2.007826983176 1
-4.935730800242 -0.926315452509 1
-4.667609187290 0.154976987226 1
-4.399989498055 1.236012351568 1
-4.133168528371 2.317022685671 1
-3.864086076719 3.399202110430 1
-3.595672273615 4.480471529230 1
-3.328122907096 5.560500660164 1
-3.063892347982 6.641518310051 1
-2.791891631265 7.726350547777 1
-2.521859340646 8.804927386300 1
-2.256119001642 9.883796539994 1
-2.000286808496 10.968189950125 1
-6.810735973419 11.585598021481 1
-6.542905503724 -11.430385474540 1
-6.275180840869 -10.349116424779 1
-6.007219007982 -9.267746968077 1
-5.739234194855 -8.186464127604 1
-5.471467979685 -7.105267135892 1
-5.203983537724 -6.024032527938 1
-4.935731174374 -4.942520998565 1
-4.667609551655 -3.861228585487 1
-4.399989817466 -2.780193229097 1
-4.133168794530 -1.699182853569 1
-3.864086259152 -0.617003411021 1
-3.595672344843 0.464266035815 1
-3.328122862559 1.544295149306 1
-3.063892218029 2.625312766216 1
-2.791891462709 3.710145013646 1
-2.521859089596 4.788721825856 1
-2.256118672572 5.867591000528 1
-2.000286465068 6.951984415341 1
-1.712542433297 8.037211388411 1
-1.445386018487 9.108136329233 1
-1.189670786810 10.200690233738 1
-0.939807754687 11.271839185146 1
-5.739234010956 11.894563535823 1
-5.471467885923 -11.121472697900 1
-5.203983555465 -10.040238084400 1
-4.935731306892 -8.958726546751 1
-4.667609798489 -7.877434118629 1
-4.399990155667 -6.796398743761 1
-4.133169170348 -5.715388383904 1
-3.864086632695 -4.633208959432 1
-3.595672706682 -3.551939542796 1
-3.328123189983 -2.471910420297 1
-3.063892499709 -1.390892769694 1
-2.791891618319 -0.306060517347 1
-2.521859116019 0.772516263159 1
-2.256118610456 1.851385417584 1
-2.000286324299 2.935778849703 1
-1.712542255625 4.021005807190 1
-1.445385750276 5.091930784218 1
-1.189670429692 6.184484684918 1
-0.939807388422 7.255633683209 1
-0.597046199795 8.333276092162 1
-0.394755955154 9.447106461534 1
-4.667609657253 -11.893639671246 1
-4.399990103763 -10.812604296187 1
-4.133169220008 -9.731593934749 1
-3.864086800588 -8.649414505488 1
-3.595672982602 -7.568145083834 1
-3.328123550008 -6.488115958763 1
-3.063892857616 -5.407098307300 1
-2.791891978333 -4.322266107557 1
-2.521859477564 -3.243689330860 1
-2.256118957278 -2.164820157477 1
-2.000286569753 -1.080426747615 1
-1.712542339414 0.004800212662 1
-1.445385745466 1.075725152787 1
-1.189670378959 2.168279095819 1
-0.939807279935 3.239428030582 1
-0.394755691008 5.430900849553 1
-3.595672878464 -11.584350600818 1
-3.328123524172 -10.504321486606 1
-3.063892951422 -9.423303866278 1
-2.791892187071 -8.338471642946 1
-2.521859789738 -7.259894860347 1
-2.256119348823 -6.181025710966 1
-2.000286934901 -5.096632316515 1
-1.712542703185 -4.011405434993 1
-1.445386177334 -2.940480465149 1
-1.189670700659 -1.847926538129 1
-0.939807472366 -0.776777612333 1
-0.597046100487 0.300864879235 1
-0.394755735180 1.414695254455 1
0.328574902328 2.308967907848 2
-2.791892023786 11.742556097012 1
-2.521859697576 -11.276100362612 1
-2.256119325833 -10.197231242131 1
-2.000287050770 -9.112837835996 1
-1.712542941749 -8.027610930417 1
-1.445386442996 -6.956685980545 1
-1.189671143846 -5.864132133819 1
-0.939807682142 -4.792983263655 1
-0.597046662021 -3.715340766753 1
-0.394756059118 -2.601510454330 1
0.328574660672 -1.707237639671 2
-1.712542775193 -12.043816360441 1
-1.445386347172 -10.972891465982 1
-1.189671137989 -9.880337587039 1
-0.939807966317 -8.809188676900 1
-0.597046765841 -7.731546208108 1
-0.394756392377 -6.617715800352 1
-0.597046430638 -11.747751656047 1
-0.394756382572 -10.633921287194 1
0.328574310678 -9.739648703131 2
0.126284538006 11.455209281041 2
0.921199147170 -11.888439969340 2
0.328574903055 10.341378935676 2
1.176914618385 11.116239375394 2
1.987647431220 11.891899755486 2
0.671336327779 9.263736655850 2
1.444071239591 10.045314480815 2
2.253388000723 10.813030619684 2
3.059651701453 11.584809580535 2
3.864697300389 -11.739696036046 2
0.126284849830 7.439003858778 2
0.921199554388 8.192587746653 2
1.731815464771 8.960087582376 2
2.523420520736 9.734453855021 2
3.327201216983 10.504780475834 2
4.131518334123 11.276526860554 2
4.935511697975 -12.048340091100 2
0.328575114105 6.325173448697 2
1.176914936824 7.100033896222 2
1.987647823611 7.875694237187 2
2.795421404103 8.649621650303 2
3.595615166991 9.423511072259 2
4.399138068747 10.195491519562 2
5.202996201640 10.967658590676 2
6.006709064063 11.740015002519 2
-0.597046120488 4.317070503659 1
0.671336628281 5.247531173053 2
1.444071504660 6.029109019713 2
2.253388327284 6.796825124041 2
3.059652099490 7.568604071124 2
3.864697718341 8.341331670418 2
4.667259713922 9.114199148804 2
5.470762520368 9.886461675690 2
6.274433910203 10.658746061910 2
7.078050336919 11.431094843244 2
7.881580369417 -11.893776435010 2
0.126284942399 3.422798389280 2
0.921199692336 4.176382195963 2
1.731815666176 4.943882062270 2
2.523420745781 5.718248339115 2
3.327201516717 6.488574955831 2
4.131518705331 7.260321336420 2
4.935512094690 8.032687639399 2
5.738747449031 8.805178904782 2
6.542264560353 9.577496434156 2
7.345861187271 10.349816749585 2
8.149441198528 11.122161247234 2
8.952992186654 11.894511350515 2
1.176914887415 3.083828275430 2
1.987647865261 3.859488616956 2
2.795421499407 4.633416066713 2
3.595615310315 5.407305511149 2
4.399138307236 6.179285974617 2
5.202996516672 6.951453064227 2
6.006709391043 7.723809512804 2
6.810169096152 8.496204234570 2
7.613708502984 9.268542094844 2
8.417280283066 10.040877672808 2
9.220847385015 10.813221609926 2
10.024404702921 11.585567789772 2
10.827963431381 -11.739321130160 2
0.671336539846 1.231325555505 2
1.444071363728 2.012903375880 2
2.253388244011 2.780619479520 2
3.059652050431 3.552398429214 2
3.864697725111 4.325126073847 2
4.667259768282 5.097993565639 2
5.470762678466 5.870256113223 2
6.274434116838 6.642540517423 2
7.078050571716 7.414889351129 2
7.881580606914 8.187251326403 2
8.685132125312 8.959594527447 2
9.488695902159 9.731935802145 2
10.292258440265 10.504279842122 2
11.095817687599 11.276624726238 2
11.899377223444 -12.048264198279 2
0.126284756090 -0.593407209351 2
0.921199553460 0.160176604343 2
1.731815560302 0.927676463683 2
2.523420650849 1.702042714292 2
3.327201431261 2.472369346409 2
4.131518630837 3.244115730270 2
4.935512042481 4.016482052139 2
5.738747454005 4.788973318109 2
6.542264645826 5.561290858393 2
7.345861298006 6.333611185865 2
8.149441342329 7.105955719902 2
8.952992342809 7.878305831334 2
9.756549016234 8.650650000589 2
10.560110200295 9.422993240489 2
11.363671112587 10.195337374761 2
12.167230921757 10.967681847391 2
12.970790749273 11.740026142639 2
1.176914739292 -0.932377242017 2
1.987647791293 -0.156716913289 2
2.795421456675 0.617210516290 2
3.595615274886 1.391099947563 2
4.399138258786 2.163080405737 2
5.202996448785 2.935247478111 2
6.006709329832 3.707603927730 2
6.810169069931 4.479998635006 2
7.613708525186 5.252336498313 2
8.417280329165 6.024672098735 2
9.220847471398 6.797016072338 2
10.024404829688 7.569362250356 2
10.827963586992 8.341706559489 2
11.631523955056 9.114050469654 2
12.435084278276 9.886394674473 2
13.238644249232 10.658739035004 2
14.042204186425 11.431083371494 2
14.845764206262 -11.893805529273 2
0.671336239922 -2.784879867730 2
1.444071174795 -2.003302075165 2
2.253388102474 -1.235586007133 2
3.059651998430 -0.463807087290 2
3.864697716557 0.308920524390 2
4.667259776850 1.081788001583 2
5.470762655615 1.854050532414 2
6.274434077568 2.626334927023 2
7.078050519050 3.398683743078 2
7.881580564415 4.171045709974 2
8.685132117302 4.943388941024 2
9.488695910203 5.715730251912 2
10.292258496444 6.488074306402 2
11.095817783846 7.260419197338 2
11.899377361822 8.032763494065 2
12.702937482665 8.805107657613 2
13.506497606964 9.577451936627 2
14.310057623265 10.349796292109 2
15.113617596951 11.122140646063 2
15.917177641084 11.894484960468 2
0.126284473084 -4.609612558432 2
0.921199345120 -3.856028791954 2
1.731815315997 -3.088528980973 2
2.523420450158 -2.314162748012 2
3.327201293379 -1.543836179047 2
4.131518568094 -0.772089831580 2
4.935512029524 0.000276449303 2
5.738747465095 0.772767706100 2
6.542264621765 1.545085233954 2
7.345861267030 2.317405573945 2
8.149441304323 3.089750112614 2
8.952992305998 3.862100239833 2
9.756548991730 4.634444439329 2
10.560110191821 5.406787699622 2
11.363671135881 6.179131833197 2
12.167230980137 6.951476297857 2
12.970790845946 7.723820576691 2
13.774350890086 8.496164860226 2
14.577910938614 9.268509190795 2
15.381470980815 10.040853552060 2
16.185030999926 10.813197891777 2
16.988591062818 11.585542174438 2
17.792151129235 -11.739346767923 2
0.328574472372 -5.723443022413 2
1.176914477565 -4.948582708940 2
1.987647495179 -4.172922384834 2
2.795421156094 -3.398994979113 2
3.595615039544 -2.625105604587 2
4.399138083874 -1.853125216689 2
5.202996347834 -1.080958163835 2
6.006709279028 -0.308601750353 2
6.810169043955 0.463792978224 2
7.613708489288 1.236130863283 2
8.417280299170 2.008466494621 2
9.220847439081 2.780810475788 2
10.024404795998 3.553156675259 2
10.827963540598 4.325501000526 2
11.631523908834 5.097844910115 2
12.435084264242 5.870189095936 2
13.238644264640 6.642533435934 2
14.042204227250 7.414877755329 2
14.845764246030 8.187222098614 2
15.649324301447 8.959566446150 2
16.452884347111 9.731910775578 2
17.256444401385 10.504255076033 2
18.060004447697 11.276599364225 2
18.863564520726 -12.048289569019 2
0.671335919611 -6.801085396685 2
1.444070845255 -6.019507615860 2
2.253387764432 -5.251791546981 2
3.059651659974 -4.480012620388 2
3.864697402007 -3.707285043618 2
4.667259526016 -2.934417616685 2
5.470762474365 -2.162155149143 2
6.274433954733 -1.389870769894 2
7.078050435825 -0.617521950308 2
7.881580521249 0.154840067651 2
8.685132077582 0.927183326029 2
9.488695881366 1.699524646242 2
10.292258481473 2.471868709509 2
11.095817743602 3.244213607839 2
11.899377292611 4.016557915653 2
12.702937415101 4.788902064227 2
13.506497571003 5.561246323986 2
14.310057610062 6.333590643681 2
15.113617586713 7.105934989184 2
15.917177596059 7.878279329165 2
16.720737646333 8.650623648045 2
17.524297705471 9.422967956341 2
18.327857766282 10.195312263785 2
19.131417824297 10.967656566266 2
19.934977889016 11.740000867557 2
0.126284282855 -8.625818287757 2
0.921198967381 -7.872234402385 2
1.731814954766 -7.104734557966 2
2.523420087499 -6.330368317864 2
3.327200931356 -5.560041723368 2
4.131518231154 -4.788295376208 2
4.935511750547 -4.015929139006 2
5.738747259785 -3.243437941386 2
6.542264480236 -2.471120444232 2
7.345861163883 -1.698800086471 2
8.149441226044 -0.926455521252 2
8.952992254379 -0.154105362192 2
9.756548951955 0.618238834580 2
10.560110166795 1.390582087293 2
11.363671112700 2.162926231828 2
12.167230933160 2.935270705779 2
12.970790776507 3.707615008651 2
13.774350830332 4.479959260170 2
14.577910909950 5.252303547542 2
15.381470957219 6.024647881638 2
16.185030955019 6.796992227921 2
16.988590980249 7.569336545597 2
17.792151031485 8.341680866954 2
18.595711087533 9.114025185842 2
19.399271154775 9.886369483967 2
20.202831197501 10.658713788425 2
21.006391243801 11.431058051892 2
21.809951403049 -11.893831042733 2
1.176914271330 -8.964788312382 2
1.987647213730 -8.189127976292 2
2.795420844733 -7.415200540581 2
3.595614702630 -6.641311125949 2
4.399137767007 -5.869330704731 2
5.202996070318 -5.097163677276 2
6.006709086076 -4.324807310604 2
6.810168920848 -3.552412626646 2
7.613708409812 -2.780074744007 2
8.417280233731 -2.007739101188 2
9.220847378743 -1.235395106917 2
10.024404751313 -0.463048910106 2
10.827963516127 0.309295396954 2
11.631523889892 1.081639308233 2
12.435084235572 1.853983527223 2
13.238644216995 2.626327886581 2
14.042204180752 3.398672201534 2
14.845764231351 4.171016491084 2
15.649324305900 4.943360807420 2
16.452884332364 5.715705130347 2
17.256444360867 6.488049463337 2
18.060004379050 7.260393789081 2
18.863564438277 8.032738121338 2
19.667124496154 8.805082438611 2
20.470684559218 9.577426707234 2
21.274244546305 10.349770932412 2
22.077804551949 11.122115141615 2
22.881364907758 11.894459174145 2
0.671335946859 -10.817291028020 2
1.444070808845 -10.035713207937 2
2.253387678746 -9.267997094239 2
3.059651463146 -8.496218149798 2
3.864697140573 -7.723490518056 2
4.667259233030 -6.950623067616 2
5.470762204743 -6.178360585316 2
6.274433748056 -5.406076248690 2
7.078050320941 -4.633727472680 2
7.881580442173 -3.861365493677 2
8.685132011672 -3.089022229436 2
9.488695824539 -2.316680899072 2
10.292258419238 -1.544336853434 2
11.095817706624 -0.771991983734 2
11.899377267653 0.000352328801 2
12.702937394787 0.772696491784 2
13.506497529049 1.545040790512 2
14.310057568118 2.317385116745 2
15.113617580107 3.089729434631 2
15.917177634614 3.862073729048 2
16.720737694742 4.634418043032 2
17.524297732326 5.406762373000 2
18.327857765953 6.179106721456 2
19.131417795401 6.951451061114 2
19.934977831337 7.723795386335 2
20.738537903299 8.496139645950 2
21.542097973822 9.268483793110 2
22.345657841439 10.040827936069 2
23.149217666203 10.813172218035 2
23.952778611815 11.585516151943 2
24.756339822693 -11.739374064659 2
1.731815029562 -11.120940081186 2
2.523420141341 -10.346573854812 2
3.327200892788 -9.576247228723 2
4.131518093492 -8.804500853836 2
4.935511513718 -8.032134566623 2
5.738746974334 -7.259643367293 2
6.542264212122 -6.487325880410 2
7.345860963740 -5.715005602105 2
8.149441098804 -4.942661088264 2
8.952992153131 -4.170310933664 2
9.756548851237 -3.397966719933 2
10.560110085206 -2.625623473594 2
11.363671045453 -1.853279358161 2
12.167230883798 -1.080934888560 2
12.970790734851 -0.308590568308 2
13.774350790687 0.463753709070 2
14.577910855388 1.236098032256 2
15.381470937655 2.008442346599 2
16.185030979588 2.780786660632 2
16.988591051105 3.553130955938 2
17.792151092467 4.325475300232 2
18.595711127473 5.097819648903 2
19.399271156042 5.870163981019 2
20.202831156895 6.642508294875 2
21.006391163162 7.414852555811 2
21.809951293272 8.187196690678 2
22.613511417076 8.959540672577 2
23.417070981313 9.731884776676 2
24.220630247300 10.504229456785 2
25.024192824615 11.276573298846 2
25.827756661033 -12.048318878479 2
2.795420989543 -11.431406047583 2
3.595614788622 -10.657516639111 2
4.399137741963 -9.885536189913 2
5.202995940883 -9.113369154210 2
6.006708847875 -8.341012753298 2
6.810168633866 -7.568618100234 2
7.613708125730 -6.796280267788 2
8.417280012507 -6.023944703911 2
9.220847200341 -5.251600721102 2
10.024404589279 -4.479254511544 2
10.827963364075 -3.706910193553 2
11.631523783364 -2.934566296573 2
12.435084160703 -2.162222090581 2
13.238644158540 -1.389877713635 2
14.042204121831 -0.617533367550 2
14.845764173124 0.154810958579 2
15.649324251242 0.927155279023 2
16.452884335690 1.699499571584 2
17.256444401447 2.471843878861 2
18.060004438651 3.244188202175 2
18.863564480471 4.016532561110 2
19.667124501212 4.788876890094 2
20.470684499137 5.561221157905 2
21.274244445712 6.333565379824 2
22.077804401119 7.105909586067 2
22.881364727258 7.878253642169 2
23.684925102752 8.650597339318 2
24.488483871121 9.422941429100 2
25.292041217559 10.195287382989 2
26.095608361870 10.967631086218 2
26.899180220558 11.739966405997 2
4.667259325858 -10.966828581660 2
5.470762185803 -10.194566079144 2
6.274433617953 -9.422281736315 2
7.078050083552 -8.649932967990 2
7.881580158022 -7.877571037214 2
8.685131746524 -7.105227851743 2
9.488695581505 -6.332886554797 2
10.292258196807 -5.560542488586 2
11.095817512087 -4.788197582813 2
11.899377116371 -4.015853276506 2
12.702937287610 -3.243509116654 2
13.506497463006 -2.471164811205 2
14.310057508841 -1.698820442913 2
15.113617521259 -0.926476098162 2
15.917177580992 -0.154131786852 2
16.720737666555 0.618212488003 2
17.524297740173 1.390556779751 2
18.327857782382 2.162901110421 2
19.131417808254 2.935245461184 2
19.934977821843 3.707589797552 2
20.738537854860 4.479934040921 2
21.542097869380 5.252278189133 2
22.345657697536 6.024622338619 2
23.149217472064 6.796966641865 2
23.952778388756 7.569310589660 2
24.756339581483 8.341653584968 2
25.559896293347 9.113997537633 2
26.363447296035 9.886347383682 2
27.167027375021 10.658691633731 2
27.970624085260 11.431011691122 2
28.774141286462 -11.893904291109 2
5.738747091551 -11.275848857508 2
6.542264243041 -10.503531368350 2
7.345860889713 -9.731211092308 2
8.149440923292 -8.958866592654 2
8.952991944173 -8.186516501552 2
9.756548658716 -7.414172330736 2
10.560109884522 -6.641829064810 2
11.363670854567 -5.869484920648 2
12.167230727444 -5.097140442433 2
12.970790634368 -4.324796151729 2
13.774350720171 -3.552451850103 2
14.577910813874 -2.780107506762 2
15.381470901757 -2.007763157501 2
16.185030946992 -1.235418844436 2
16.988591023601 -0.463074586209 2
17.792151089568 0.309269693134 2
18.595711123187 1.081614016052 2
19.399271147478 1.853958349368 2
20.202831140732 2.626302676603 2
21.006391133145 3.398646936021 2
21.809951233551 4.170991071431 2
22.613511304029 4.943335074078 2
23.417070824856 5.715679207819 2
24.220630052887 6.488023910123 2
25.024192618177 7.260367746348 2
25.827756443120 8.032708789153 2
26.631308013797 8.805051715332 2
27.434838078958 9.577413421348 2
28.238454576924 10.349761945742 2
29.042126051928 11.122046069070 2
29.845628993032 11.894308378906 2
6.810168792047 -11.584823543238 2
7.613708222848 -10.812485724515 2
8.417280020319 -10.040150144364 2
9.220847142954 -9.267806188394 2
10.024404514674 -8.495460010027 2
10.827963276598 -7.723115697973 2
11.631523671906 -6.950771782777 2
12.435084041960 -6.178427573468 2
13.238644074154 -5.406083217605 2
14.042204082353 -4.633738885439 2
14.845764140671 -3.861394545491 2
15.649324228756 -3.089050218220 2
16.452884312568 -2.316705928071 2
17.256444385900 -1.544361668763 2
18.060004441183 -0.772017407375 2
18.863564481026 0.000326910098 2
19.667124484913 0.772671250802 2
20.470684482959 1.545015545789 2
21.274244432552 2.317359768477 2
22.077804379237 3.089703977005 2
22.881364677630 3.862048037131 2
23.684924999423 4.634391779406 2
24.488483724718 5.406735913008 2
25.292041049580 6.179081881397 2
26.095608196655 6.951425581938 2
26.899180027592 7.723760887053 2
27.702719468125 8.496098456624 2
28.506179253409 9.268492900381 2
29.309892204037 10.040849063389 2
30.113750463490 10.813015917222 2
30.917273523220 11.584996152375 2
31.717467440243 -11.738347919331 2
8.685131908707 -11.121433232665 2
9.488695686883 -10.349091932071 2
10.292258268098 -9.576747889151 2
11.095817542707 -8.804403012441 2
11.899377107806 -8.032058707408 2
12.702937247206 -7.259714544396 2
13.506497414895 -6.487370260795 2
14.310057483363 -5.715025937120 2
15.113617516921 -4.942681606352 2
15.917177552527 -4.170337297651 2
16.720737636769 -3.397993028297 2
17.524297716033 -2.625648770669 2
18.327857792122 -1.853304498493 2
19.131417822287 -1.080960187896 2
19.934977820790 -0.308615840753 2
20.738537831438 0.463728441372 2
21.542097855720 1.236072606290 2
22.345657683577 2.008416741421 2
23.149217453118 2.780761054450 2
23.952778336227 3.553105037611 2
24.756339482667 4.325448081919 2
25.559896159039 5.097792063894 2
26.363447150874 5.870141898175 2
27.167027218026 6.642486115616 2
27.970623892895 7.414806163198 2
28.774141061495 8.187123403257 2
29.577376544422 8.959614417891 2
30.381370022769 9.731980489408 2
31.185687282576 10.503726655735 2
31.989468153627 11.274053008860 2
32.781073416933 12.048418913469 2
9.756548841902 -11.430377700407 2
10.560110027728 -10.658034454251 2
11.363670971202 -9.885690335509 2
12.167230793556 -9.113345866287 2
12.970790644865 -8.341001560601 2
13.774350700393 -7.568657287013 2
14.577910801113 -6.796312989037 2
15.381470888553 -6.023968689672 2
16.185030933579 -5.251624394201 2
16.988590975873 -4.479280128705 2
17.792151051351 -3.706935864940 2
18.595711122903 -2.934591573504 2
19.399271191323 -2.162247283626 2
20.202831170969 -1.389902944133 2
21.006391139606 -0.617558656512 2
21.809951208003 0.154785499557 2
22.613511291975 0.927129499815 2
23.417070805277 1.699473620442 2
24.220630015430 2.471818341123 2
25.024192528689 3.244162224644 2
25.827756312252 4.016503290515 2
26.631307845000 4.788846219499 2
27.434837907847 5.561207888476 2
28.238454385845 6.333556390058 2
29.042125821107 7.105840505018 2
29.845628746200 7.878102807872 2
30.648190878038 8.650970067673 2
31.453236612634 9.423697448481 2
32.259500479979 10.195476173001 2
33.068817452728 10.963191998854 2
33.841552871797 11.744769599743 2
11.631523795487 -10.966977236486 2
12.435084139161 -10.194633034884 2
13.238644115882 -9.422288676270 2
14.042204066450 -8.649944347649 2
14.845764113234 -7.877600047219 2
15.649324224990 -7.105255766948 2
16.452884300662 -6.332911501131 2
17.256444364148 -5.560567228005 2
18.060004402566 -4.788222945325 2
18.863564481075 -4.015878643149 2
19.667124532829 -3.243534328182 2
20.470684558220 -2.471190058116 2
21.274244474406 -1.698845818414 2
22.077804383300 -0.926501594985 2
22.881364656529 -0.154157529550 2
23.684924981275 0.618186193862 2
24.488483688340 1.390530317122 2
25.292040982283 2.162876306674 2
26.095608060835 2.935220039341 2
26.899179858975 3.707555344051 2
27.702719272759 4.479892892226 2
28.506179037986 5.252287306925 2
29.309891949394 6.024643467338 2
30.113750191998 6.796810323051 2
30.917273247987 7.568790574541 2
31.717467192232 8.342679726309 2
32.525240770299 9.116606872736 2
33.335973744148 9.892266850349 2
34.184313096646 10.667126537778 2
12.702937333858 -11.275920051991 2
13.506497468327 -10.503575757270 2
14.310057490353 -9.731231429478 2
15.113617488987 -8.958887105543 2
15.917177543698 -8.186542839913 2
16.720737659169 -7.414198586575 2
17.524297744357 -6.641854315060 2
18.327857801813 -5.869510005245 2
19.131417845479 -5.097165687407 2
19.934977891209 -4.324821376285 2
20.738537935621 -3.552477134649 2
21.542097948113 -2.780132987684 2
22.345657723215 -2.007788837336 2
23.149217460058 -1.235444517363 2
23.952778318406 -0.463100549514 2
24.756339466575 0.309242475984 2
25.559896112966 1.081586460397 2
26.363447055420 1.853936316380 2
27.167027053175 2.626280552672 2
27.970623702264 3.398600581885 2
28.774140845759 4.170917807657 2
29.577376307783 4.943408822708 2
30.381369756607 5.715774910232 2
31.185687018530 6.487521102456 2
31.989467887157 7.257847462803 2
32.781073171212 8.032213366020 2
33.591688895388 8.799712908806 2
34.386603933410 9.553296189006 2
13.774350780111 -11.584862803560 2
14.577910832320 -10.812518483220 2
15.381470897588 -10.040174174636 2
16.185030931132 -9.267829883713 2
16.988591025810 -8.495485631158 2
17.792151126374 -7.723141355154 2
18.595711206779 -6.950797047458 2
19.399271253748 -6.178452739241 2
20.202831270446 -5.406108445859 2
21.006391264544 -4.633764207532 2
21.809951350549 -3.861420081983 2
22.613511392569 -3.089076086705 2
23.417070867481 -2.316731953317 2
24.220630042859 -1.544387232924 2
25.024192546407 -0.772043369210 2
25.827756318545 0.000297693606 2
26.631307824739 0.772640643600 2
27.434837835504 1.545002327912 2
28.238454260818 2.317350833291 2
29.042125661613 3.089634944909 2
29.845628557300 3.861897266135 2
30.648190672155 4.634764548281 2
31.453236369897 5.407491954494 2
32.259500255197 6.179270656966 2
33.068817180997 6.946986443827 2
33.841552600795 7.728564001243 2
15.649324270177 -11.121461213042 2
16.452884339128 -10.349116927612 2
17.256444423567 -9.576772652525 2
18.060004498772 -8.804428375574 2
18.863564602960 -8.032084070958 2
19.667124663688 -7.259739767212 2
20.470684686316 -6.487395522999 2
21.274244636922 -5.715051332095 2
22.077804558597 -4.942707142610 2
22.881364823406 -4.170363088186 2
23.684925108830 -3.398019359554 2
24.488483785500 -2.625675228769 2
25.292041060646 -1.853329243791 2
26.095608145472 -1.080985515554 2
26.899179929227 -0.308650199307 2
27.702719321634 0.463687372279 2
28.506179043669 1.236081798545 2
29.309891916998 2.008437964041 2
30.113750107058 2.780604845264 2
30.917273105259 3.552585110911 2
31.717467017162 4.326474271106 2
32.525240556681 5.100401403979 2
33.335973569437 5.876061327404 2
34.184312858602 6.650920931419 2
16.720737706246 -11.430403980308 2
17.524297786362 -10.658059700187 2
18.327857873065 -9.885715411078 2
19.131417948818 -9.113371110819 2
19.934978025014 -8.341026814305 2
20.738538090496 -7.568682595717 2
21.542098125183 -6.796338476219 2
22.345657930176 -6.023994349974 2
23.149217670879 -5.251650042837 2
23.952778523131 -4.479306072394 2
24.756339642691 -3.706963029960 2
25.559896270590 -2.934619048190 2
26.363447212270 -2.162269192623 2
27.167027218111 -1.389924949851 2
27.970623852481 -0.617604900154 2
28.774140970569 0.154712341633 2
29.577376396534 0.927203364145 2
30.381369784381 1.699569449572 2
31.185686955798 2.471315651602 2
31.989467743980 3.241642015525 2
32.781073002119 4.016007905044 2
33.591688654411 4.783507423062 2
34.386603779414 5.537090552258 2
18.595711203863 -10.967002473728 2
19.399271284730 -10.194658193889 2
20.202831339172 -9.422313907747 2
21.006391384523 -8.649969679621 2
21.809951510349 -7.877625566955 2
22.613511595212 -7.105281590973 2
23.417071093389 -6.332937456563 2
24.220630280991 -5.560592729925 2
25.024192782283 -4.788248856513 2
25.827756537486 -4.015907784593 2
26.631308045024 -3.243564842095 2
27.434838044069 -2.471203151501 2
28.238454477454 -1.698854634549 2
29.042125857879 -0.926570515041 2
29.845628725905 -0.154308205407 2
30.648190786099 0.618559069725 2
31.453236413163 1.391286472265 2
32.259500181015 2.163065188301 2
33.068817036168 2.930781018236 2
33.841552484485 3.712358574226 2
19.667124583210 -11.275945275105 2
20.470684652598 -10.503601025556 2
21.274244665482 -9.731256828935 2
22.077804664226 -8.958912642930 2
22.881364978610 -8.186568598170 2
23.684925317534 -7.414224861618 2
24.488484013003 -6.641880722443 2
25.292041307928 -5.869534726737 2
26.095608385456 -5.097190995369 2
26.899180174615 -4.324855680350 2
27.702719559905 -3.552518107012 2
28.506179280879 -2.780123684736 2
29.309892134704 -2.007767522534 2
30.113750302101 -1.235600652883 2
30.917273275351 -0.463620403737 2
31.717467141490 0.310268770074 2
32.525240613111 1.084195905551 2
33.335973491487 1.859855867849 2
34.184312607164 2.634715515995 2
20.738537970645 -11.584888110386 2
21.542098062623 -10.812543974196 2
22.345657956686 -10.040199859087 2
23.149217776436 -9.267855554999 2
23.952778684549 -8.495511581677 2
24.756339833895 -7.723168529328 2
25.559896491650 -6.950824537383 2
26.363447452933 -6.178474668274 2
27.167027465570 -5.406130420874 2
27.970624113724 -4.633810382752 2
28.774141227331 -3.861493156707 2
29.577376637354 -3.089002165394 2
30.381369998610 -2.316636081181 2
31.185687160456 -1.544889885101 2
31.989467927820 -0.774563515572 2
32.781073143943 -0.000197595883 2
33.591688758856 0.767301964989 2
34.386603771917 1.520885216933 2
22.613511552413 -11.121487063816 2
23.417071140920 -10.349142957372 2
24.220630401887 -9.576798238560 2
25.024192942475 -8.804454362297 2
25.827756725925 -8.032113280171 2
26.631308249994 -7.259770324114 2
27.434838274264 -6.487408632836 2
28.238454717104 -5.715060129732 2
29.042126115366 -4.942776041770 2
29.845628990997 -4.170513738004 2
30.648191037148 -3.397646465975 2
31.453236647506 -2.624919063441 2
32.259500406901 -1.853140327859 2
33.068817244061 -1.085424492845 2
33.841552647014 -0.303846890997 2
23.684925301408 -11.430430351548 2
24.488484081076 -10.658086237482 2
25.292041422045 -9.885740247606 2
26.095608538601 -9.113396510984 2
26.899180338129 -8.341061185022 2
27.702719734922 -7.568723613085 2
28.506179484047 -6.796329203556 2
29.309892361898 -6.023973041357 2
30.113750573464 -5.251806185495 2
30.917273559370 -4.479825925411 2
31.717467427712 -3.705936756305 2
32.525240885946 -2.932009604963 2
33.335973734438 -2.156349615900 2
34.184312842006 -1.381489940007 2
25.559896531337 -10.967030089022 2
26.363447529050 -10.194680234802 2
27.167027563978 -9.422335983987 2
27.970624213539 -8.650015932104 2
28.774141355971 -7.877698701352 2
29.577376798319 -7.105207698416 2
30.381370211762 -6.332841605077 2
31.185687418002 -5.561095403599 2
31.989468224836 -4.790769024026 2
32.781073449884 -4.016403100872 2
33.591689053246 -3.248903525786 2
34.386604021314 -2.495320219155 2
26.631308236780 -11.275975940087 2
27.434838293334 -10.503614244674 2
28.238454753987 -9.731265716248 2
29.042126169064 -8.958981593501 2
29.845629068266 -8.186719280227 2
30.648191156951 -7.413852008474 2
31.453236817776 -6.641124608840 2
32.259500628979 -5.869345873595 2
33.068817521307 -5.101630038901 2
33.841552927309 -4.320052410310 2
27.702719679029 -11.584929245223 2
28.506179455908 -10.812534796860 2
29.309892357485 -10.040178615481 2
30.113750583614 -9.268011736382 2
30.917273604900 -8.496031488322 2
31.717467499409 -7.722142339421 2
32.525240998699 -6.948215203100 2
33.335973885601 -6.172555230814 2
34.184313070686 -5.397695560481 2
29.577376753892 -11.121413259529 2
30.381370185475 -10.349047167478 2
31.185687409368 -9.577300979370 2
31.989468241667 -8.806974638143 2
32.781073486837 -8.032608749593 2
33.591689109050 -7.265109198682 2
34.386604110638 -6.511525923828 2
30.648191106493 -11.430057577961 2
31.453236782148 -10.657330179590 2
32.259500619563 -9.885551477488 2
33.068817549348 -9.117835675526 2
33.841552957199 -8.336258092886 2
32.525240952367 -10.964420782156 2
33.335973899510 -10.188760821268 2
34.184313219843 -9.413901185487 2
33.591689063067 -11.281314748661 2
34.386604118877 -10.527731528309 2
