# type     = perfect (single grain)
# theta_GB = 21.7868 deg, Sigma = 21, Sigma_true = 7
# rotation = +10.893395 deg (this grain)
# label    = upper-middle     (Sigma=21,  S_true=7)
# a        = 1.113895000000
# box_ax   = 71.463114152260  box_ay = 0.000000000000
# box_bx   = 0.000000000000  box_by = 17.682534939830
# origin_x = -35.731557076130  origin_y = -8.841267469915
# N_atoms  = 1176
# E_per_atom = -3.147363941586
# density    = 0.930638166127
# Columns: x y grain   (grain = 1 for all atoms)
-35.731557076130 5.894178313277 1
-35.366949350863 6.946710154933 1
-35.002341625597 7.999241996590 1
-35.731557076130 2.947089156638 1
-35.366949350863 3.999620998295 1
-35.002341625597 5.052152839951 1
-34.637733900330 6.104684681608 1
-34.273126175063 7.157216523264 1
-33.908518449797 8.209748364921 1
-35.731557076130 0.000000000000 1
-35.366949350863 1.052531841657 1
-35.002341625597 2.105063683313 1
-34.637733900330 3.157595524970 1
-34.273126175063 4.210127366626 1
-33.908518449797 5.262659208283 1
-33.543910724530 6.315191049939 1
-33.179302999263 7.367722891596 1
-32.814695273997 8.420254733252 1
-35.731557076130 -2.947089156638 1
-35.366949350863 -1.894557314982 1
-35.002341625597 -0.842025473325 1
-34.637733900330 0.210506368331 1
-34.273126175063 1.263038209988 1
-33.908518449797 2.315570051644 1
-33.543910724530 3.368101893301 1
-33.179302999263 4.420633734957 1
-32.814695273997 5.473165576614 1
-32.450087548730 6.525697418271 1
-32.085479823464 7.578229259927 1
-31.720872098197 8.630761101584 1
-35.731557076130 -5.894178313277 1
-35.366949350863 -4.841646471620 1
-35.002341625597 -3.789114629964 1
-34.637733900330 -2.736582788307 1
-34.273126175063 -1.684050946650 1
-33.908518449797 -0.631519104994 1
-33.543910724530 0.421012736663 1
-33.179302999263 1.473544578319 1
-32.814695273997 2.526076419976 1
-32.450087548730 3.578608261632 1
-32.085479823464 4.631140103289 1
-31.720872098197 5.683671944945 1
-31.356264372930 6.736203786602 1
-30.991656647664 7.788735628258 1
-35.731557076130 -8.841267469915 1
-35.366949350863 -7.788735628258 1
-35.002341625597 -6.736203786602 1
-34.637733900330 -5.683671944945 1
-34.273126175063 -4.631140103289 1
-33.908518449797 -3.578608261632 1
-33.543910724530 -2.526076419976 1
-33.179302999263 -1.473544578319 1
-32.814695273997 -0.421012736663 1
-32.450087548730 0.631519104994 1
-32.085479823464 1.684050946650 1
-31.720872098197 2.736582788307 1
-31.356264372930 3.789114629964 1
-30.991656647664 4.841646471620 1
-30.627048922397 5.894178313277 1
-30.262441197130 6.946710154933 1
-29.897833471864 7.999241996590 1
-34.637733900330 -8.630761101584 1
-34.273126175063 -7.578229259927 1
-33.908518449797 -6.525697418271 1
-33.543910724530 -5.473165576614 1
-33.179302999263 -4.420633734957 1
-32.814695273997 -3.368101893301 1
-32.450087548730 -2.315570051644 1
-32.085479823464 -1.263038209988 1
-31.720872098197 -0.210506368331 1
-31.356264372930 0.842025473325 1
-30.991656647664 1.894557314982 1
-30.627048922397 2.947089156638 1
-30.262441197130 3.999620998295 1
-29.897833471864 5.052152839951 1
-29.533225746597 6.104684681608 1
-29.168618021330 7.157216523264 1
-28.804010296064 8.209748364921 1
-33.543910724530 -8.420254733252 1
-33.179302999263 -7.367722891596 1
-32.814695273997 -6.315191049939 1
-32.450087548730 -5.262659208283 1
-32.085479823464 -4.210127366626 1
-31.720872098197 -3.157595524970 1
-31.356264372930 -2.105063683313 1
-30.991656647664 -1.052531841657 1
-30.627048922397 0.000000000000 1
-30.262441197130 1.052531841657 1
-29.897833471864 2.105063683313 1
-29.533225746597 3.157595524970 1
-29.168618021330 4.210127366626 1
-28.804010296064 5.262659208283 1
-28.439402570797 6.315191049939 1
-28.074794845531 7.367722891596 1
-27.710187120264 8.420254733252 1
-32.450087548730 -8.209748364921 1
-32.085479823464 -7.157216523264 1
-31.720872098197 -6.104684681608 1
-31.356264372930 -5.052152839951 1
-30.991656647664 -3.999620998295 1
-30.627048922397 -2.947089156638 1
-30.262441197130 -1.894557314982 1
-29.897833471864 -0.842025473325 1
-29.533225746597 0.210506368331 1
-29.168618021330 1.263038209988 1
-28.804010296064 2.315570051644 1
-28.439402570797 3.368101893301 1
-28.074794845531 4.420633734957 1
-27.710187120264 5.473165576614 1
-27.345579394997 6.525697418271 1
-26.980971669731 7.578229259927 1
-26.616363944464 8.630761101584 1
-31.356264372930 -7.999241996590 1
-30.991656647664 -6.946710154933 1
-30.627048922397 -5.894178313277 1
-30.262441197130 -4.841646471620 1
-29.897833471864 -3.789114629964 1
-29.533225746597 -2.736582788307 1
-29.168618021330 -1.684050946650 1
-28.804010296064 -0.631519104994 1
-28.439402570797 0.421012736663 1
-28.074794845531 1.473544578319 1
-27.710187120264 2.526076419976 1
-27.345579394997 3.578608261632 1
-26.980971669731 4.631140103289 1
-26.616363944464 5.683671944945 1
-26.251756219197 6.736203786602 1
-25.887148493931 7.788735628258 1
-30.627048922397 -8.841267469915 1
-30.262441197130 -7.788735628258 1
-29.897833471864 -6.736203786602 1
-29.533225746597 -5.683671944945 1
-29.168618021330 -4.631140103289 1
-28.804010296064 -3.578608261632 1
-28.439402570797 -2.526076419976 1
-28.074794845531 -1.473544578319 1
-27.710187120264 -0.421012736663 1
-27.345579394997 0.631519104994 1
-26.980971669731 1.684050946650 1
-26.616363944464 2.736582788307 1
-26.251756219197 3.789114629964 1
-25.887148493931 4.841646471620 1
-25.522540768664 5.894178313277 1
-25.157933043398 6.946710154933 1
-24.793325318131 7.999241996590 1
-29.533225746597 -8.630761101584 1
-29.168618021330 -7.578229259927 1
-28.804010296064 -6.525697418271 1
-28.439402570797 -5.473165576614 1
-28.074794845531 -4.420633734957 1
-27.710187120264 -3.368101893301 1
-27.345579394997 -2.315570051644 1
-26.980971669731 -1.263038209988 1
-26.616363944464 -0.210506368331 1
-26.251756219197 0.842025473325 1
-25.887148493931 1.894557314982 1
-25.522540768664 2.947089156638 1
-25.157933043398 3.999620998295 1
-24.793325318131 5.052152839951 1
-24.428717592864 6.104684681608 1
-24.064109867598 7.157216523264 1
-23.699502142331 8.209748364921 1
-28.439402570797 -8.420254733252 1
-28.074794845531 -7.367722891596 1
-27.710187120264 -6.315191049939 1
-27.345579394997 -5.262659208283 1
-26.980971669731 -4.210127366626 1
-26.616363944464 -3.157595524970 1
-26.251756219197 -2.105063683313 1
-25.887148493931 -1.052531841657 1
-25.522540768664 0.000000000000 1
-25.157933043398 1.052531841657 1
-24.793325318131 2.105063683313 1
-24.428717592864 3.157595524970 1
-24.064109867598 4.210127366626 1
-23.699502142331 5.262659208283 1
-23.334894417064 6.315191049939 1
-22.970286691798 7.367722891596 1
-22.605678966531 8.420254733252 1
-27.345579394997 -8.209748364921 1
-26.980971669731 -7.157216523264 1
-26.616363944464 -6.104684681608 1
-26.251756219197 -5.052152839951 1
-25.887148493931 -3.999620998295 1
-25.522540768664 -2.947089156638 1
-25.157933043398 -1.894557314982 1
-24.793325318131 -0.842025473325 1
-24.428717592864 0.210506368331 1
-24.064109867598 1.263038209988 1
-23.699502142331 2.315570051644 1
-23.334894417064 3.368101893301 1
-22.970286691798 4.420633734957 1
-22.605678966531 5.473165576614 1
-22.241071241264 6.525697418271 1
-21.876463515998 7.578229259927 1
-21.511855790731 8.630761101584 1
-26.251756219197 -7.999241996590 1
-25.887148493931 -6.946710154933 1
-25.522540768664 -5.894178313277 1
-25.157933043398 -4.841646471620 1
-24.793325318131 -3.789114629964 1
-24.428717592864 -2.736582788307 1
-24.064109867598 -1.684050946650 1
-23.699502142331 -0.631519104994 1
-23.334894417064 0.421012736663 1
-22.970286691798 1.473544578319 1
-22.605678966531 2.526076419976 1
-22.241071241264 3.578608261632 1
-21.876463515998 4.631140103289 1
-21.511855790731 5.683671944945 1
-21.147248065465 6.736203786602 1
-20.782640340198 7.788735628258 1
-25.522540768664 -8.841267469915 1
-25.157933043398 -7.788735628258 1
-24.793325318131 -6.736203786602 1
-24.428717592864 -5.683671944945 1
-24.064109867598 -4.631140103289 1
-23.699502142331 -3.578608261632 1
-23.334894417064 -2.526076419976 1
-22.970286691798 -1.473544578319 1
-22.605678966531 -0.421012736663 1
-22.241071241264 0.631519104994 1
-21.876463515998 1.684050946650 1
-21.511855790731 2.736582788307 1
-21.147248065465 3.789114629964 1
-20.782640340198 4.841646471620 1
-20.418032614931 5.894178313277 1
-20.053424889665 6.946710154933 1
-19.688817164398 7.999241996590 1
-24.428717592864 -8.630761101584 1
-24.064109867598 -7.578229259927 1
-23.699502142331 -6.525697418271 1
-23.334894417064 -5.473165576614 1
-22.970286691798 -4.420633734957 1
-22.605678966531 -3.368101893301 1
-22.241071241264 -2.315570051644 1
-21.876463515998 -1.263038209988 1
-21.511855790731 -0.210506368331 1
-21.147248065465 0.842025473325 1
-20.782640340198 1.894557314982 1
-20.418032614931 2.947089156638 1
-20.053424889665 3.999620998295 1
-19.688817164398 5.052152839951 1
-19.324209439131 6.104684681608 1
-18.959601713865 7.157216523264 1
-18.594993988598 8.209748364921 1
-23.334894417064 -8.420254733252 1
-22.970286691798 -7.367722891596 1
-22.605678966531 -6.315191049939 1
-22.241071241264 -5.262659208283 1
-21.876463515998 -4.210127366626 1
-21.511855790731 -3.157595524970 1
-21.147248065465 -2.105063683313 1
-20.782640340198 -1.052531841657 1
-20.418032614931 0.000000000000 1
-20.053424889665 1.052531841657 1
-19.688817164398 2.105063683313 1
-19.324209439131 3.157595524970 1
-18.959601713865 4.210127366626 1
-18.594993988598 5.262659208283 1
-18.230386263332 6.315191049939 1
-17.865778538065 7.367722891596 1
-17.501170812798 8.420254733252 1
-22.241071241264 -8.209748364921 1
-21.876463515998 -7.157216523264 1
-21.511855790731 -6.104684681608 1
-21.147248065465 -5.052152839951 1
-20.782640340198 -3.999620998295 1
-20.418032614931 -2.947089156638 1
-20.053424889665 -1.894557314982 1
-19.688817164398 -0.842025473325 1
-19.324209439131 0.210506368331 1
-18.959601713865 1.263038209988 1
-18.594993988598 2.315570051644 1
-18.230386263332 3.368101893301 1
-17.865778538065 4.420633734957 1
-17.501170812798 5.473165576614 1
-17.136563087532 6.525697418271 1
-16.771955362265 7.578229259927 1
-16.407347636998 8.630761101584 1
-21.147248065465 -7.999241996590 1
-20.782640340198 -6.946710154933 1
-20.418032614931 -5.894178313277 1
-20.053424889665 -4.841646471620 1
-19.688817164398 -3.789114629964 1
-19.324209439131 -2.736582788307 1
-18.959601713865 -1.684050946650 1
-18.594993988598 -0.631519104994 1
-18.230386263332 0.421012736663 1
-17.865778538065 1.473544578319 1
-17.501170812798 2.526076419976 1
-17.136563087532 3.578608261632 1
-16.771955362265 4.631140103289 1
-16.407347636998 5.683671944945 1
-16.042739911732 6.736203786602 1
-15.678132186465 7.788735628258 1
-20.418032614931 -8.841267469915 1
-20.053424889665 -7.788735628258 1
-19.688817164398 -6.736203786602 1
-19.324209439131 -5.683671944945 1
-18.959601713865 -4.631140103289 1
-18.594993988598 -3.578608261632 1
-18.230386263332 -2.526076419976 1
-17.865778538065 -1.473544578319 1
-17.501170812798 -0.421012736663 1
-17.136563087532 0.631519104994 1
-16.771955362265 1.684050946650 1
-16.407347636998 2.736582788307 1
-16.042739911732 3.789114629964 1
-15.678132186465 4.841646471620 1
-15.313524461199 5.894178313277 1
-14.948916735932 6.946710154933 1
-14.584309010665 7.999241996590 1
-19.324209439131 -8.630761101584 1
-18.959601713865 -7.578229259927 1
-18.594993988598 -6.525697418271 1
-18.230386263332 -5.473165576614 1
-17.865778538065 -4.420633734957 1
-17.501170812798 -3.368101893301 1
-17.136563087532 -2.315570051644 1
-16.771955362265 -1.263038209988 1
-16.407347636998 -0.210506368331 1
-16.042739911732 0.842025473325 1
-15.678132186465 1.894557314982 1
-15.313524461199 2.947089156638 1
-14.948916735932 3.999620998295 1
-14.584309010665 5.052152839951 1
-14.219701285399 6.104684681608 1
-13.855093560132 7.157216523264 1
-13.490485834865 8.209748364921 1
-18.230386263332 -8.420254733252 1
-17.865778538065 -7.367722891596 1
-17.501170812798 -6.315191049939 1
-17.136563087532 -5.262659208283 1
-16.771955362265 -4.210127366626 1
-16.407347636998 -3.157595524970 1
-16.042739911732 -2.105063683313 1
-15.678132186465 -1.052531841657 1
-15.313524461199 0.000000000000 1
-14.948916735932 1.052531841657 1
-14.584309010665 2.105063683313 1
-14.219701285399 3.157595524970 1
-13.855093560132 4.210127366626 1
-13.490485834865 5.262659208283 1
-13.125878109599 6.315191049939 1
-12.761270384332 7.367722891596 1
-12.396662659065 8.420254733252 1
-17.136563087532 -8.209748364921 1
-16.771955362265 -7.157216523264 1
-16.407347636998 -6.104684681608 1
-16.042739911732 -5.052152839951 1
-15.678132186465 -3.999620998295 1
-15.313524461199 -2.947089156638 1
-14.948916735932 -1.894557314982 1
-14.584309010665 -0.842025473325 1
-14.219701285399 0.210506368331 1
-13.855093560132 1.263038209988 1
-13.490485834865 2.315570051644 1
-13.125878109599 3.368101893301 1
-12.761270384332 4.420633734957 1
-12.396662659065 5.473165576614 1
-12.032054933799 6.525697418271 1
-11.667447208532 7.578229259927 1
-11.302839483266 8.630761101584 1
-16.042739911732 -7.999241996590 1
-15.678132186465 -6.946710154933 1
-15.313524461199 -5.894178313277 1
-14.948916735932 -4.841646471620 1
-14.584309010665 -3.789114629964 1
-14.219701285399 -2.736582788307 1
-13.855093560132 -1.684050946650 1
-13.490485834865 -0.631519104994 1
-13.125878109599 0.421012736663 1
-12.761270384332 1.473544578319 1
-12.396662659065 2.526076419976 1
-12.032054933799 3.578608261632 1
-11.667447208532 4.631140103289 1
-11.302839483266 5.683671944945 1
-10.938231757999 6.736203786602 1
-10.573624032732 7.788735628258 1
-15.313524461199 -8.841267469915 1
-14.948916735932 -7.788735628258 1
-14.584309010665 -6.736203786602 1
-14.219701285399 -5.683671944945 1
-13.855093560132 -4.631140103289 1
-13.490485834865 -3.578608261632 1
-13.125878109599 -2.526076419976 1
-12.761270384332 -1.473544578319 1
-12.396662659065 -0.421012736663 1
-12.032054933799 0.631519104994 1
-11.667447208532 1.684050946650 1
-11.302839483266 2.736582788307 1
-10.938231757999 3.789114629964 1
-10.573624032732 4.841646471620 1
-10.209016307466 5.894178313277 1
-9.844408582199 6.946710154933 1
-9.479800856932 7.999241996590 1
-14.219701285399 -8.630761101584 1
-13.855093560132 -7.578229259927 1
-13.490485834865 -6.525697418271 1
-13.125878109599 -5.473165576614 1
-12.761270384332 -4.420633734957 1
-12.396662659065 -3.368101893301 1
-12.032054933799 -2.315570051644 1
-11.667447208532 -1.263038209988 1
-11.302839483266 -0.210506368331 1
-10.938231757999 0.842025473325 1
-10.573624032732 1.894557314982 1
-10.209016307466 2.947089156638 1
-9.844408582199 3.999620998295 1
-9.479800856932 5.052152839951 1
-9.115193131666 6.104684681608 1
-8.750585406399 7.157216523264 1
-8.385977681133 8.209748364921 1
-13.125878109599 -8.420254733252 1
-12.761270384332 -7.367722891596 1
-12.396662659065 -6.315191049939 1
-12.032054933799 -5.262659208283 1
-11.667447208532 -4.210127366626 1
-11.302839483266 -3.157595524970 1
-10.938231757999 -2.105063683313 1
-10.573624032732 -1.052531841657 1
-10.209016307466 0.000000000000 1
-9.844408582199 1.052531841657 1
-9.479800856932 2.105063683313 1
-9.115193131666 3.157595524970 1
-8.750585406399 4.210127366626 1
-8.385977681133 5.262659208283 1
-8.021369955866 6.315191049939 1
-7.656762230599 7.367722891596 1
-7.292154505333 8.420254733252 1
-12.032054933799 -8.209748364921 1
-11.667447208532 -7.157216523264 1
-11.302839483266 -6.104684681608 1
-10.938231757999 -5.052152839951 1
-10.573624032732 -3.999620998295 1
-10.209016307466 -2.947089156638 1
-9.844408582199 -1.894557314982 1
-9.479800856932 -0.842025473325 1
-9.115193131666 0.210506368331 1
-8.750585406399 1.263038209988 1
-8.385977681133 2.315570051644 1
-8.021369955866 3.368101893301 1
-7.656762230599 4.420633734957 1
-7.292154505333 5.473165576614 1
-6.927546780066 6.525697418271 1
-6.562939054799 7.578229259927 1
-6.198331329533 8.630761101584 1
-10.938231757999 -7.999241996590 1
-10.573624032732 -6.946710154933 1
-10.209016307466 -5.894178313277 1
-9.844408582199 -4.841646471620 1
-9.479800856932 -3.789114629964 1
-9.115193131666 -2.736582788307 1
-8.750585406399 -1.684050946650 1
-8.385977681133 -0.631519104994 1
-8.021369955866 0.421012736663 1
-7.656762230599 1.473544578319 1
-7.292154505333 2.526076419976 1
-6.927546780066 3.578608261632 1
-6.562939054799 4.631140103289 1
-6.198331329533 5.683671944945 1
-5.833723604266 6.736203786602 1
-5.469115878999 7.788735628258 1
-10.209016307466 -8.841267469915 1
-9.844408582199 -7.788735628258 1
-9.479800856932 -6.736203786602 1
-9.115193131666 -5.683671944945 1
-8.750585406399 -4.631140103289 1
-8.385977681133 -3.578608261632 1
-8.021369955866 -2.526076419976 1
-7.656762230599 -1.473544578319 1
-7.292154505333 -0.421012736663 1
-6.927546780066 0.631519104994 1
-6.562939054799 1.684050946650 1
-6.198331329533 2.736582788307 1
-5.833723604266 3.789114629964 1
-5.469115878999 4.841646471620 1
-5.104508153733 5.894178313277 1
-4.739900428466 6.946710154933 1
-4.375292703200 7.999241996590 1
-9.115193131666 -8.630761101584 1
-8.750585406399 -7.578229259927 1
-8.385977681133 -6.525697418271 1
-8.021369955866 -5.473165576614 1
-7.656762230599 -4.420633734957 1
-7.292154505333 -3.368101893301 1
-6.927546780066 -2.315570051644 1
-6.562939054799 -1.263038209988 1
-6.198331329533 -0.210506368331 1
-5.833723604266 0.842025473325 1
-5.469115878999 1.894557314982 1
-5.104508153733 2.947089156638 1
-4.739900428466 3.999620998295 1
-4.375292703200 5.052152839951 1
-4.010684977933 6.104684681608 1
-3.646077252666 7.157216523264 1
-3.281469527400 8.209748364921 1
-8.021369955866 -8.420254733252 1
-7.656762230599 -7.367722891596 1
-7.292154505333 -6.315191049939 1
-6.927546780066 -5.262659208283 1
-6.562939054799 -4.210127366626 1
-6.198331329533 -3.157595524970 1
-5.833723604266 -2.105063683313 1
-5.469115878999 -1.052531841657 1
-5.104508153733 0.000000000000 1
-4.739900428466 1.052531841657 1
-4.375292703200 2.105063683313 1
-4.010684977933 3.157595524970 1
-3.646077252666 4.210127366626 1
-3.281469527400 5.262659208283 1
-2.916861802133 6.315191049939 1
-2.552254076866 7.367722891596 1
-2.187646351600 8.420254733252 1
-6.927546780066 -8.209748364921 1
-6.562939054799 -7.157216523264 1
-6.198331329533 -6.104684681608 1
-5.833723604266 -5.052152839951 1
-5.469115878999 -3.999620998295 1
-5.104508153733 -2.947089156638 1
-4.739900428466 -1.894557314982 1
-4.375292703200 -0.842025473325 1
-4.010684977933 0.210506368331 1
-3.646077252666 1.263038209988 1
-3.281469527400 2.315570051644 1
-2.916861802133 3.368101893301 1
-2.552254076866 4.420633734957 1
-2.187646351600 5.473165576614 1
-1.823038626333 6.525697418271 1
-1.458430901067 7.578229259927 1
-1.093823175800 8.630761101584 1
-5.833723604266 -7.999241996590 1
-5.469115878999 -6.946710154933 1
-5.104508153733 -5.894178313277 1
-4.739900428466 -4.841646471620 1
-4.375292703200 -3.789114629964 1
-4.010684977933 -2.736582788307 1
-3.646077252666 -1.684050946650 1
-3.281469527400 -0.631519104994 1
-2.916861802133 0.421012736663 1
-2.552254076866 1.473544578319 1
-2.187646351600 2.526076419976 1
-1.823038626333 3.578608261632 1
-1.458430901067 4.631140103289 1
-1.093823175800 5.683671944945 1
-0.729215450533 6.736203786602 1
-0.364607725267 7.788735628258 1
-5.104508153733 -8.841267469915 1
-4.739900428466 -7.788735628258 1
-4.375292703200 -6.736203786602 1
-4.010684977933 -5.683671944945 1
-3.646077252666 -4.631140103289 1
-3.281469527400 -3.578608261632 1
-2.916861802133 -2.526076419976 1
-2.552254076866 -1.473544578319 1
-2.187646351600 -0.421012736663 1
-1.823038626333 0.631519104994 1
-1.458430901067 1.684050946650 1
-1.093823175800 2.736582788307 1
-0.729215450533 3.789114629964 1
-0.364607725267 4.841646471620 1
0.000000000000 5.894178313277 1
0.364607725267 6.946710154933 1
0.729215450533 7.999241996590 1
-4.010684977933 -8.630761101584 1
-3.646077252666 -7.578229259927 1
-3.281469527400 -6.525697418271 1
-2.916861802133 -5.473165576614 1
-2.552254076866 -4.420633734957 1
-2.187646351600 -3.368101893301 1
-1.823038626333 -2.315570051644 1
-1.458430901067 -1.263038209988 1
-1.093823175800 -0.210506368331 1
-0.729215450533 0.842025473325 1
-0.364607725267 1.894557314982 1
0.000000000000 2.947089156638 1
0.364607725267 3.999620998295 1
0.729215450533 5.052152839951 1
1.093823175800 6.104684681608 1
1.458430901067 7.157216523264 1
1.823038626333 8.209748364921 1
-2.916861802133 -8.420254733252 1
-2.552254076866 -7.367722891596 1
-2.187646351600 -6.315191049939 1
-1.823038626333 -5.262659208283 1
-1.458430901067 -4.210127366626 1
-1.093823175800 -3.157595524970 1
-0.729215450533 -2.105063683313 1
-0.364607725267 -1.052531841657 1
0.000000000000 0.000000000000 1
0.364607725267 1.052531841657 1
0.729215450533 2.105063683313 1
1.093823175800 3.157595524970 1
1.458430901067 4.210127366626 1
1.823038626333 5.262659208283 1
2.187646351600 6.315191049939 1
2.552254076866 7.367722891596 1
2.916861802133 8.420254733252 1
-1.823038626333 -8.209748364921 1
-1.458430901067 -7.157216523264 1
-1.093823175800 -6.104684681608 1
-0.729215450533 -5.052152839951 1
-0.364607725267 -3.999620998295 1
0.000000000000 -2.947089156638 1
0.364607725267 -1.894557314982 1
0.729215450533 -0.842025473325 1
1.093823175800 0.210506368331 1
1.458430901067 1.263038209988 1
1.823038626333 2.315570051644 1
2.187646351600 3.368101893301 1
2.552254076866 4.420633734957 1
2.916861802133 5.473165576614 1
3.281469527400 6.525697418271 1
3.646077252666 7.578229259927 1
4.010684977933 8.630761101584 1
-0.729215450533 -7.999241996590 1
-0.364607725267 -6.946710154933 1
0.000000000000 -5.894178313277 1
0.364607725267 -4.841646471620 1
0.729215450533 -3.789114629964 1
1.093823175800 -2.736582788307 1
1.458430901067 -1.684050946650 1
1.823038626333 -0.631519104994 1
2.187646351600 0.421012736663 1
2.552254076866 1.473544578319 1
2.916861802133 2.526076419976 1
3.281469527400 3.578608261632 1
3.646077252666 4.631140103289 1
4.010684977933 5.683671944945 1
4.375292703200 6.736203786602 1
4.739900428466 7.788735628258 1
0.000000000000 -8.841267469915 1
0.364607725267 -7.788735628258 1
0.729215450533 -6.736203786602 1
1.093823175800 -5.683671944945 1
1.458430901067 -4.631140103289 1
1.823038626333 -3.578608261632 1
2.187646351600 -2.526076419976 1
2.552254076866 -1.473544578319 1
2.916861802133 -0.421012736663 1
3.281469527400 0.631519104994 1
3.646077252666 1.684050946650 1
4.010684977933 2.736582788307 1
4.375292703200 3.789114629964 1
4.739900428466 4.841646471620 1
5.104508153733 5.894178313277 1
5.469115878999 6.946710154933 1
5.833723604266 7.999241996590 1
1.093823175800 -8.630761101584 1
1.458430901067 -7.578229259927 1
1.823038626333 -6.525697418271 1
2.187646351600 -5.473165576614 1
2.552254076866 -4.420633734957 1
2.916861802133 -3.368101893301 1
3.281469527400 -2.315570051644 1
3.646077252666 -1.263038209988 1
4.010684977933 -0.210506368331 1
4.375292703200 0.842025473325 1
4.739900428466 1.894557314982 1
5.104508153733 2.947089156638 1
5.469115878999 3.999620998295 1
5.833723604266 5.052152839951 1
6.198331329533 6.104684681608 1
6.562939054799 7.157216523264 1
6.927546780066 8.209748364921 1
2.187646351600 -8.420254733252 1
2.552254076866 -7.367722891596 1
2.916861802133 -6.315191049939 1
3.281469527400 -5.262659208283 1
3.646077252666 -4.210127366626 1
4.010684977933 -3.157595524970 1
4.375292703200 -2.105063683313 1
4.739900428466 -1.052531841657 1
5.104508153733 0.000000000000 1
5.469115878999 1.052531841657 1
5.833723604266 2.105063683313 1
6.198331329533 3.157595524970 1
6.562939054799 4.210127366626 1
6.927546780066 5.262659208283 1
7.292154505333 6.315191049939 1
7.656762230599 7.367722891596 1
8.021369955866 8.420254733252 1
3.281469527400 -8.209748364921 1
3.646077252666 -7.157216523264 1
4.010684977933 -6.104684681608 1
4.375292703200 -5.052152839951 1
4.739900428466 -3.999620998295 1
5.104508153733 -2.947089156638 1
5.469115878999 -1.894557314982 1
5.833723604266 -0.842025473325 1
6.198331329533 0.210506368331 1
6.562939054799 1.263038209988 1
6.927546780066 2.315570051644 1
7.292154505333 3.368101893301 1
7.656762230599 4.420633734957 1
8.021369955866 5.473165576614 1
8.385977681133 6.525697418271 1
8.750585406399 7.578229259927 1
9.115193131666 8.630761101584 1
4.375292703200 -7.999241996590 1
4.739900428466 -6.946710154933 1
5.104508153733 -5.894178313277 1
5.469115878999 -4.841646471620 1
5.833723604266 -3.789114629964 1
6.198331329533 -2.736582788307 1
6.562939054799 -1.684050946650 1
6.927546780066 -0.631519104994 1
7.292154505333 0.421012736663 1
7.656762230599 1.473544578319 1
8.021369955866 2.526076419976 1
8.385977681133 3.578608261632 1
8.750585406399 4.631140103289 1
9.115193131666 5.683671944945 1
9.479800856932 6.736203786602 1
9.844408582199 7.788735628258 1
5.104508153733 -8.841267469915 1
5.469115878999 -7.788735628258 1
5.833723604266 -6.736203786602 1
6.198331329533 -5.683671944945 1
6.562939054799 -4.631140103289 1
6.927546780066 -3.578608261632 1
7.292154505333 -2.526076419976 1
7.656762230599 -1.473544578319 1
8.021369955866 -0.421012736663 1
8.385977681133 0.631519104994 1
8.750585406399 1.684050946650 1
9.115193131666 2.736582788307 1
9.479800856932 3.789114629964 1
9.844408582199 4.841646471620 1
10.209016307466 5.894178313277 1
10.573624032732 6.946710154933 1
10.938231757999 7.999241996590 1
6.198331329533 -8.630761101584 1
6.562939054799 -7.578229259927 1
6.927546780066 -6.525697418271 1
7.292154505333 -5.473165576614 1
7.656762230599 -4.420633734957 1
8.021369955866 -3.368101893301 1
8.385977681133 -2.315570051644 1
8.750585406399 -1.263038209988 1
9.115193131666 -0.210506368331 1
9.479800856932 0.842025473325 1
9.844408582199 1.894557314982 1
10.209016307466 2.947089156638 1
10.573624032732 3.999620998295 1
10.938231757999 5.052152839951 1
11.302839483266 6.104684681608 1
11.667447208532 7.157216523264 1
12.032054933799 8.209748364921 1
7.292154505333 -8.420254733252 1
7.656762230599 -7.367722891596 1
8.021369955866 -6.315191049939 1
8.385977681133 -5.262659208283 1
8.750585406399 -4.210127366626 1
9.115193131666 -3.157595524970 1
9.479800856932 -2.105063683313 1
9.844408582199 -1.052531841657 1
10.209016307466 0.000000000000 1
10.573624032732 1.052531841657 1
10.938231757999 2.105063683313 1
11.302839483266 3.157595524970 1
11.667447208532 4.210127366626 1
12.032054933799 5.262659208283 1
12.396662659065 6.315191049939 1
12.761270384332 7.367722891596 1
13.125878109599 8.420254733252 1
8.385977681133 -8.209748364921 1
8.750585406399 -7.157216523264 1
9.115193131666 -6.104684681608 1
9.479800856932 -5.052152839951 1
9.844408582199 -3.999620998295 1
10.209016307466 -2.947089156638 1
10.573624032732 -1.894557314982 1
10.938231757999 -0.842025473325 1
11.302839483266 0.210506368331 1
11.667447208532 1.263038209988 1
12.032054933799 2.315570051644 1
12.396662659065 3.368101893301 1
12.761270384332 4.420633734957 1
13.125878109599 5.473165576614 1
13.490485834865 6.525697418271 1
13.855093560132 7.578229259927 1
14.219701285399 8.630761101584 1
9.479800856932 -7.999241996590 1
9.844408582199 -6.946710154933 1
10.209016307466 -5.894178313277 1
10.573624032732 -4.841646471620 1
10.938231757999 -3.789114629964 1
11.302839483266 -2.736582788307 1
11.667447208532 -1.684050946650 1
12.032054933799 -0.631519104994 1
12.396662659065 0.421012736663 1
12.761270384332 1.473544578319 1
13.125878109599 2.526076419976 1
13.490485834865 3.578608261632 1
13.855093560132 4.631140103289 1
14.219701285399 5.683671944945 1
14.584309010665 6.736203786602 1
14.948916735932 7.788735628258 1
10.209016307466 -8.841267469915 1
10.573624032732 -7.788735628258 1
10.938231757999 -6.736203786602 1
11.302839483266 -5.683671944945 1
11.667447208532 -4.631140103289 1
12.032054933799 -3.578608261632 1
12.396662659065 -2.526076419976 1
12.761270384332 -1.473544578319 1
13.125878109599 -0.421012736663 1
13.490485834865 0.631519104994 1
13.855093560132 1.684050946650 1
14.219701285399 2.736582788307 1
14.584309010665 3.789114629964 1
14.948916735932 4.841646471620 1
15.313524461199 5.894178313277 1
15.678132186465 6.946710154933 1
16.042739911732 7.999241996590 1
11.302839483266 -8.630761101584 1
11.667447208532 -7.578229259927 1
12.032054933799 -6.525697418271 1
12.396662659065 -5.473165576614 1
12.761270384332 -4.420633734957 1
13.125878109599 -3.368101893301 1
13.490485834865 -2.315570051644 1
13.855093560132 -1.263038209988 1
14.219701285399 -0.210506368331 1
14.584309010665 0.842025473325 1
14.948916735932 1.894557314982 1
15.313524461199 2.947089156638 1
15.678132186465 3.999620998295 1
16.042739911732 5.052152839951 1
16.407347636998 6.104684681608 1
16.771955362265 7.157216523264 1
17.136563087532 8.209748364921 1
12.396662659065 -8.420254733252 1
12.761270384332 -7.367722891596 1
13.125878109599 -6.315191049939 1
13.490485834865 -5.262659208283 1
13.855093560132 -4.210127366626 1
14.219701285399 -3.157595524970 1
14.584309010665 -2.105063683313 1
14.948916735932 -1.052531841657 1
15.313524461199 0.000000000000 1
15.678132186465 1.052531841657 1
16.042739911732 2.105063683313 1
16.407347636998 3.157595524970 1
16.771955362265 4.210127366626 1
17.136563087532 5.262659208283 1
17.501170812798 6.315191049939 1
17.865778538065 7.367722891596 1
18.230386263332 8.420254733252 1
13.490485834865 -8.209748364921 1
13.855093560132 -7.157216523264 1
14.219701285399 -6.104684681608 1
14.584309010665 -5.052152839951 1
14.948916735932 -3.999620998295 1
15.313524461199 -2.947089156638 1
15.678132186465 -1.894557314982 1
16.042739911732 -0.842025473325 1
16.407347636998 0.210506368331 1
16.771955362265 1.263038209988 1
17.136563087532 2.315570051644 1
17.501170812798 3.368101893301 1
17.865778538065 4.420633734957 1
18.230386263332 5.473165576614 1
18.594993988598 6.525697418271 1
18.959601713865 7.578229259927 1
19.324209439131 8.630761101584 1
14.584309010665 -7.999241996590 1
14.948916735932 -6.946710154933 1
15.313524461199 -5.894178313277 1
15.678132186465 -4.841646471620 1
16.042739911732 -3.789114629964 1
16.407347636998 -2.736582788307 1
16.771955362265 -1.684050946650 1
17.136563087532 -0.631519104994 1
17.501170812798 0.421012736663 1
17.865778538065 1.473544578319 1
18.230386263332 2.526076419976 1
18.594993988598 3.578608261632 1
18.959601713865 4.631140103289 1
19.324209439131 5.683671944945 1
19.688817164398 6.736203786602 1
20.053424889665 7.788735628258 1
15.313524461199 -8.841267469915 1
15.678132186465 -7.788735628258 1
16.042739911732 -6.736203786602 1
16.407347636998 -5.683671944945 1
16.771955362265 -4.631140103289 1
17.136563087532 -3.578608261632 1
17.501170812798 -2.526076419976 1
17.865778538065 -1.473544578319 1
18.230386263332 -0.421012736663 1
18.594993988598 0.631519104994 1
18.959601713865 1.684050946650 1
19.324209439131 2.736582788307 1
19.688817164398 3.789114629964 1
20.053424889665 4.841646471620 1
20.418032614931 5.894178313277 1
20.782640340198 6.946710154933 1
21.147248065465 7.999241996590 1
16.407347636998 -8.630761101584 1
16.771955362265 -7.578229259927 1
17.136563087532 -6.525697418271 1
17.501170812798 -5.473165576614 1
17.865778538065 -4.420633734957 1
18.230386263332 -3.368101893301 1
18.594993988598 -2.315570051644 1
18.959601713865 -1.263038209988 1
19.324209439131 -0.210506368331 1
19.688817164398 0.842025473325 1
20.053424889665 1.894557314982 1
20.418032614931 2.947089156638 1
20.782640340198 3.999620998295 1
21.147248065465 5.052152839951 1
21.511855790731 6.104684681608 1
21.876463515998 7.157216523264 1
22.241071241264 8.209748364921 1
17.501170812798 -8.420254733252 1
17.865778538065 -7.367722891596 1
18.230386263332 -6.315191049939 1
18.594993988598 -5.262659208283 1
18.959601713865 -4.210127366626 1
19.324209439131 -3.157595524970 1
19.688817164398 -2.105063683313 1
20.053424889665 -1.052531841657 1
20.418032614931 0.000000000000 1
20.782640340198 1.052531841657 1
21.147248065465 2.105063683313 1
21.511855790731 3.157595524970 1
21.876463515998 4.210127366626 1
22.241071241264 5.262659208283 1
22.605678966531 6.315191049939 1
22.970286691798 7.367722891596 1
23.334894417064 8.420254733252 1
18.594993988598 -8.209748364921 1
18.959601713865 -7.157216523264 1
19.324209439131 -6.104684681608 1
19.688817164398 -5.052152839951 1
20.053424889665 -3.999620998295 1
20.418032614931 -2.947089156638 1
20.782640340198 -1.894557314982 1
21.147248065465 -0.842025473325 1
21.511855790731 0.210506368331 1
21.876463515998 1.263038209988 1
22.241071241264 2.315570051644 1
22.605678966531 3.368101893301 1
22.970286691798 4.420633734957 1
23.334894417064 5.473165576614 1
23.699502142331 6.525697418271 1
24.064109867598 7.578229259927 1
24.428717592864 8.630761101584 1
19.688817164398 -7.999241996590 1
20.053424889665 -6.946710154933 1
20.418032614931 -5.894178313277 1
20.782640340198 -4.841646471620 1
21.147248065465 -3.789114629964 1
21.511855790731 -2.736582788307 1
21.876463515998 -1.684050946650 1
22.241071241264 -0.631519104994 1
22.605678966531 0.421012736663 1
22.970286691798 1.473544578319 1
23.334894417064 2.526076419976 1
23.699502142331 3.578608261632 1
24.064109867598 4.631140103289 1
24.428717592864 5.683671944945 1
24.793325318131 6.736203786602 1
25.157933043398 7.788735628258 1
20.418032614931 -8.841267469915 1
20.782640340198 -7.788735628258 1
21.147248065465 -6.736203786602 1
21.511855790731 -5.683671944945 1
21.876463515998 -4.631140103289 1
22.241071241264 -3.578608261632 1
22.605678966531 -2.526076419976 1
22.970286691798 -1.473544578319 1
23.334894417064 -0.421012736663 1
23.699502142331 0.631519104994 1
24.064109867598 1.684050946650 1
24.428717592864 2.736582788307 1
24.793325318131 3.789114629964 1
25.157933043398 4.841646471620 1
25.522540768664 5.894178313277 1
25.887148493931 6.946710154933 1
26.251756219197 7.999241996590 1
21.511855790731 -8.630761101584 1
21.876463515998 -7.578229259927 1
22.241071241264 -6.525697418271 1
22.605678966531 -5.473165576614 1
22.970286691798 -4.420633734957 1
23.334894417064 -3.368101893301 1
23.699502142331 -2.315570051644 1
24.064109867598 -1.263038209988 1
24.428717592864 -0.210506368331 1
24.793325318131 0.842025473325 1
25.157933043398 1.894557314982 1
25.522540768664 2.947089156638 1
25.887148493931 3.999620998295 1
26.251756219197 5.052152839951 1
26.616363944464 6.104684681608 1
26.980971669731 7.157216523264 1
27.345579394997 8.209748364921 1
22.605678966531 -8.420254733252 1
22.970286691798 -7.367722891596 1
23.334894417064 -6.315191049939 1
23.699502142331 -5.262659208283 1
24.064109867598 -4.210127366626 1
24.428717592864 -3.157595524970 1
24.793325318131 -2.105063683313 1
25.157933043398 -1.052531841657 1
25.522540768664 0.000000000000 1
25.887148493931 1.052531841657 1
26.251756219197 2.105063683313 1
26.616363944464 3.157595524970 1
26.980971669731 4.210127366626 1
27.345579394997 5.262659208283 1
27.710187120264 6.315191049939 1
28.074794845531 7.367722891596 1
28.439402570797 8.420254733252 1
23.699502142331 -8.209748364921 1
24.064109867598 -7.157216523264 1
24.428717592864 -6.104684681608 1
24.793325318131 -5.052152839951 1
25.157933043398 -3.999620998295 1
25.522540768664 -2.947089156638 1
25.887148493931 -1.894557314982 1
26.251756219197 -0.842025473325 1
26.616363944464 0.210506368331 1
26.980971669731 1.263038209988 1
27.345579394997 2.315570051644 1
27.710187120264 3.368101893301 1
28.074794845531 4.420633734957 1
28.439402570797 5.473165576614 1
28.804010296064 6.525697418271 1
29.168618021331 7.578229259927 1
29.533225746597 8.630761101584 1
24.793325318131 -7.999241996590 1
25.157933043398 -6.946710154933 1
25.522540768664 -5.894178313277 1
25.887148493931 -4.841646471620 1
26.251756219197 -3.789114629964 1
26.616363944464 -2.736582788307 1
26.980971669731 -1.684050946650 1
27.345579394997 -0.631519104994 1
27.710187120264 0.421012736663 1
28.074794845531 1.473544578319 1
28.439402570797 2.526076419976 1
28.804010296064 3.578608261632 1
29.168618021330 4.631140103289 1
29.533225746597 5.683671944945 1
29.897833471864 6.736203786602 1
30.262441197130 7.788735628258 1
25.522540768664 -8.841267469915 1
25.887148493931 -7.788735628258 1
26.251756219197 -6.736203786602 1
26.616363944464 -5.683671944945 1
26.980971669731 -4.631140103289 1
27.345579394997 -3.578608261632 1
27.710187120264 -2.526076419976 1
28.074794845531 -1.473544578319 1
28.439402570797 -0.421012736663 1
28.804010296064 0.631519104994 1
29.168618021331 1.684050946650 1
29.533225746597 2.736582788307 1
29.897833471864 3.789114629964 1
30.262441197130 4.841646471620 1
30.627048922397 5.894178313277 1
30.991656647664 6.946710154933 1
31.356264372930 7.999241996590 1
26.616363944464 -8.630761101584 1
26.980971669731 -7.578229259927 1
27.345579394997 -6.525697418271 1
27.710187120264 -5.473165576614 1
28.074794845531 -4.420633734957 1
28.439402570797 -3.368101893301 1
28.804010296064 -2.315570051644 1
29.168618021331 -1.263038209988 1
29.533225746597 -0.210506368331 1
29.897833471864 0.842025473325 1
30.262441197130 1.894557314982 1
30.627048922397 2.947089156638 1
30.991656647664 3.999620998295 1
31.356264372930 5.052152839951 1
31.720872098197 6.104684681608 1
32.085479823464 7.157216523264 1
32.450087548730 8.209748364921 1
27.710187120264 -8.420254733252 1
28.074794845531 -7.367722891596 1
28.439402570797 -6.315191049939 1
28.804010296064 -5.262659208283 1
29.168618021330 -4.210127366626 1
29.533225746597 -3.157595524970 1
29.897833471864 -2.105063683313 1
30.262441197130 -1.052531841657 1
30.627048922397 0.000000000000 1
30.991656647664 1.052531841657 1
31.356264372930 2.105063683313 1
31.720872098197 3.157595524970 1
32.085479823464 4.210127366626 1
32.450087548730 5.262659208283 1
32.814695273997 6.315191049939 1
33.179302999263 7.367722891596 1
33.543910724530 8.420254733252 1
28.804010296064 -8.209748364921 1
29.168618021331 -7.157216523264 1
29.533225746597 -6.104684681608 1
29.897833471864 -5.052152839951 1
30.262441197130 -3.999620998295 1
30.627048922397 -2.947089156638 1
30.991656647664 -1.894557314982 1
31.356264372930 -0.842025473325 1
31.720872098197 0.210506368331 1
32.085479823464 1.263038209988 1
32.450087548730 2.315570051644 1
32.814695273997 3.368101893301 1
33.179302999263 4.420633734957 1
33.543910724530 5.473165576614 1
33.908518449797 6.525697418271 1
34.273126175063 7.578229259927 1
34.637733900330 8.630761101584 1
29.897833471864 -7.999241996590 1
30.262441197130 -6.946710154933 1
30.627048922397 -5.894178313277 1
30.991656647664 -4.841646471620 1
31.356264372930 -3.789114629964 1
31.720872098197 -2.736582788307 1
32.085479823464 -1.684050946650 1
32.450087548730 -0.631519104994 1
32.814695273997 0.421012736663 1
33.179302999263 1.473544578319 1
33.543910724530 2.526076419976 1
33.908518449797 3.578608261632 1
34.273126175063 4.631140103289 1
34.637733900330 5.683671944945 1
35.002341625597 6.736203786602 1
35.366949350863 7.788735628258 1
30.627048922397 -8.841267469915 1
30.991656647664 -7.788735628258 1
31.356264372930 -6.736203786602 1
31.720872098197 -5.683671944945 1
32.085479823464 -4.631140103289 1
32.450087548730 -3.578608261632 1
32.814695273997 -2.526076419976 1
33.179302999263 -1.473544578319 1
33.543910724530 -0.421012736663 1
33.908518449797 0.631519104994 1
34.273126175063 1.684050946650 1
34.637733900330 2.736582788307 1
35.002341625597 3.789114629964 1
35.366949350863 4.841646471620 1
31.720872098197 -8.630761101584 1
32.085479823464 -7.578229259927 1
32.450087548730 -6.525697418271 1
32.814695273997 -5.473165576614 1
33.179302999263 -4.420633734957 1
33.543910724530 -3.368101893301 1
33.908518449797 -2.315570051644 1
34.273126175063 -1.263038209988 1
34.637733900330 -0.210506368331 1
35.002341625597 0.842025473325 1
35.366949350863 1.894557314982 1
32.814695273997 -8.420254733252 1
33.179302999263 -7.367722891596 1
33.543910724530 -6.315191049939 1
33.908518449797 -5.262659208283 1
34.273126175063 -4.210127366626 1
34.637733900330 -3.157595524970 1
35.002341625597 -2.105063683313 1
35.366949350863 -1.052531841657 1
33.908518449797 -8.209748364921 1
34.273126175063 -7.157216523264 1
34.637733900330 -6.104684681608 1
35.002341625597 -5.052152839951 1
35.366949350863 -3.999620998295 1
35.002341625597 -7.999241996590 1
35.366949350863 -6.946710154933 1
