# type     = perfect (single grain)
# theta_GB = 32.2042 deg, Sigma = 39, Sigma_true = 13
# rotation = +16.102114 deg (this grain)
# label    = deep plateau     (Sigma=39,  S_true=13)
# a        = 1.113895000000
# box_ax   = 69.562720454260  box_ay = 0.000000000000
# box_bx   = 0.000000000000  box_by = 24.097233227898
# origin_x = -34.781360227130  origin_y = -12.048616613949
# N_atoms  = 1560
# E_per_atom = -3.147363941585
# density    = 0.930638166127
# Columns: x y grain   (grain = 1 for all atoms)
-34.781360227130 8.032411075966 1
-34.513811302306 9.113697182346 1
-34.246262377482 10.194983288726 1
-33.978713452658 11.276269395106 1
-34.781360227130 4.016205537983 1
-34.513811302306 5.097491644363 1
-34.246262377482 6.178777750743 1
-33.978713452658 7.260063857123 1
-33.711164527834 8.341349963503 1
-33.443615603010 9.422636069883 1
-33.176066678185 10.503922176263 1
-32.908517753361 11.585208282643 1
-34.781360227130 0.000000000000 1
-34.513811302306 1.081286106380 1
-34.246262377482 2.162572212760 1
-33.978713452658 3.243858319140 1
-33.711164527834 4.325144425520 1
-33.443615603010 5.406430531900 1
-33.176066678185 6.487716638280 1
-32.908517753361 7.569002744660 1
-32.640968828537 8.650288851040 1
-32.373419903713 9.731574957420 1
-32.105870978889 10.812861063800 1
-31.838322054065 11.894147170180 1
-34.781360227130 -4.016205537983 1
-34.513811302306 -2.934919431603 1
-34.246262377482 -1.853633325223 1
-33.978713452658 -0.772347218843 1
-33.711164527834 0.308938887537 1
-33.443615603010 1.390224993917 1
-33.176066678185 2.471511100297 1
-32.908517753361 3.552797206677 1
-32.640968828537 4.634083313057 1
-32.373419903713 5.715369419437 1
-32.105870978889 6.796655525817 1
-31.838322054065 7.877941632197 1
-31.570773129241 8.959227738577 1
-31.303224204417 10.040513844957 1
-31.035675279593 11.121799951337 1
-34.781360227130 -8.032411075966 1
-34.513811302306 -6.951124969586 1
-34.246262377482 -5.869838863206 1
-33.978713452658 -4.788552756826 1
-33.711164527834 -3.707266650446 1
-33.443615603010 -2.625980544066 1
-33.176066678185 -1.544694437686 1
-32.908517753361 -0.463408331306 1
-32.640968828537 0.617877775074 1
-32.373419903713 1.699163881454 1
-32.105870978889 2.780449987834 1
-31.838322054065 3.861736094214 1
-31.570773129241 4.943022200594 1
-31.303224204417 6.024308306974 1
-31.035675279593 7.105594413354 1
-30.768126354769 8.186880519734 1
-30.500577429945 9.268166626115 1
-30.233028505121 10.349452732495 1
-29.965479580297 11.430738838875 1
-34.781360227130 -12.048616613949 1
-34.513811302306 -10.967330507569 1
-34.246262377482 -9.886044401189 1
-33.978713452658 -8.804758294809 1
-33.711164527834 -7.723472188429 1
-33.443615603010 -6.642186082049 1
-33.176066678185 -5.560899975669 1
-32.908517753361 -4.479613869289 1
-32.640968828537 -3.398327762909 1
-32.373419903713 -2.317041656529 1
-32.105870978889 -1.235755550149 1
-31.838322054065 -0.154469443769 1
-31.570773129241 0.926816662611 1
-31.303224204417 2.008102768991 1
-31.035675279593 3.089388875372 1
-30.768126354769 4.170674981752 1
-30.500577429945 5.251961088132 1
-30.233028505121 6.333247194512 1
-29.965479580297 7.414533300892 1
-29.697930655472 8.495819407272 1
-29.430381730648 9.577105513652 1
-29.162832805824 10.658391620032 1
-28.895283881000 11.739677726412 1
-33.711164527834 -11.739677726412 1
-33.443615603010 -10.658391620032 1
-33.176066678185 -9.577105513652 1
-32.908517753361 -8.495819407272 1
-32.640968828537 -7.414533300892 1
-32.373419903713 -6.333247194512 1
-32.105870978889 -5.251961088132 1
-31.838322054065 -4.170674981752 1
-31.570773129241 -3.089388875372 1
-31.303224204417 -2.008102768991 1
-31.035675279593 -0.926816662611 1
-30.768126354769 0.154469443769 1
-30.500577429945 1.235755550149 1
-30.233028505121 2.317041656529 1
-29.965479580297 3.398327762909 1
-29.697930655472 4.479613869289 1
-29.430381730648 5.560899975669 1
-29.162832805824 6.642186082049 1
-28.895283881000 7.723472188429 1
-28.627734956176 8.804758294809 1
-28.360186031352 9.886044401189 1
-28.092637106528 10.967330507569 1
-32.640968828537 -11.430738838875 1
-32.373419903713 -10.349452732495 1
-32.105870978889 -9.268166626115 1
-31.838322054065 -8.186880519734 1
-31.570773129241 -7.105594413354 1
-31.303224204417 -6.024308306974 1
-31.035675279593 -4.943022200594 1
-30.768126354769 -3.861736094214 1
-30.500577429945 -2.780449987834 1
-30.233028505121 -1.699163881454 1
-29.965479580297 -0.617877775074 1
-29.697930655472 0.463408331306 1
-29.430381730648 1.544694437686 1
-29.162832805824 2.625980544066 1
-28.895283881000 3.707266650446 1
-28.627734956176 4.788552756826 1
-28.360186031352 5.869838863206 1
-28.092637106528 6.951124969586 1
-27.825088181704 8.032411075966 1
-27.557539256880 9.113697182346 1
-27.289990332056 10.194983288726 1
-27.022441407232 11.276269395106 1
-31.570773129241 -11.121799951337 1
-31.303224204417 -10.040513844957 1
-31.035675279593 -8.959227738577 1
-30.768126354769 -7.877941632197 1
-30.500577429945 -6.796655525817 1
-30.233028505121 -5.715369419437 1
-29.965479580297 -4.634083313057 1
-29.697930655472 -3.552797206677 1
-29.430381730648 -2.471511100297 1
-29.162832805824 -1.390224993917 1
-28.895283881000 -0.308938887537 1
-28.627734956176 0.772347218843 1
-28.360186031352 1.853633325223 1
-28.092637106528 2.934919431603 1
-27.825088181704 4.016205537983 1
-27.557539256880 5.097491644363 1
-27.289990332056 6.178777750743 1
-27.022441407232 7.260063857123 1
-26.754892482408 8.341349963503 1
-26.487343557584 9.422636069883 1
-26.219794632759 10.503922176263 1
-25.952245707935 11.585208282643 1
-30.768126354769 -11.894147170180 1
-30.500577429945 -10.812861063800 1
-30.233028505121 -9.731574957420 1
-29.965479580297 -8.650288851040 1
-29.697930655472 -7.569002744660 1
-29.430381730648 -6.487716638280 1
-29.162832805824 -5.406430531900 1
-28.895283881000 -4.325144425520 1
-28.627734956176 -3.243858319140 1
-28.360186031352 -2.162572212760 1
-28.092637106528 -1.081286106380 1
-27.825088181704 0.000000000000 1
-27.557539256880 1.081286106380 1
-27.289990332056 2.162572212760 1
-27.022441407232 3.243858319140 1
-26.754892482408 4.325144425520 1
-26.487343557584 5.406430531900 1
-26.219794632759 6.487716638280 1
-25.952245707935 7.569002744660 1
-25.684696783111 8.650288851040 1
-25.417147858287 9.731574957420 1
-25.149598933463 10.812861063800 1
-24.882050008639 11.894147170180 1
-29.697930655472 -11.585208282643 1
-29.430381730648 -10.503922176263 1
-29.162832805824 -9.422636069883 1
-28.895283881000 -8.341349963503 1
-28.627734956176 -7.260063857123 1
-28.360186031352 -6.178777750743 1
-28.092637106528 -5.097491644363 1
-27.825088181704 -4.016205537983 1
-27.557539256880 -2.934919431603 1
-27.289990332056 -1.853633325223 1
-27.022441407232 -0.772347218843 1
-26.754892482408 0.308938887537 1
-26.487343557584 1.390224993917 1
-26.219794632759 2.471511100297 1
-25.952245707935 3.552797206677 1
-25.684696783111 4.634083313057 1
-25.417147858287 5.715369419437 1
-25.149598933463 6.796655525817 1
-24.882050008639 7.877941632197 1
-24.614501083815 8.959227738577 1
-24.346952158991 10.040513844957 1
-24.079403234167 11.121799951337 1
-28.627734956176 -11.276269395106 1
-28.360186031352 -10.194983288726 1
-28.092637106528 -9.113697182346 1
-27.825088181704 -8.032411075966 1
-27.557539256880 -6.951124969586 1
-27.289990332056 -5.869838863206 1
-27.022441407232 -4.788552756826 1
-26.754892482408 -3.707266650446 1
-26.487343557584 -2.625980544066 1
-26.219794632759 -1.544694437686 1
-25.952245707935 -0.463408331306 1
-25.684696783111 0.617877775074 1
-25.417147858287 1.699163881454 1
-25.149598933463 2.780449987834 1
-24.882050008639 3.861736094214 1
-24.614501083815 4.943022200594 1
-24.346952158991 6.024308306974 1
-24.079403234167 7.105594413354 1
-23.811854309343 8.186880519734 1
-23.544305384519 9.268166626115 1
-23.276756459695 10.349452732495 1
-23.009207534871 11.430738838875 1
-27.825088181704 -12.048616613949 1
-27.557539256880 -10.967330507569 1
-27.289990332056 -9.886044401189 1
-27.022441407232 -8.804758294809 1
-26.754892482408 -7.723472188429 1
-26.487343557584 -6.642186082049 1
-26.219794632759 -5.560899975669 1
-25.952245707935 -4.479613869289 1
-25.684696783111 -3.398327762909 1
-25.417147858287 -2.317041656529 1
-25.149598933463 -1.235755550149 1
-24.882050008639 -0.154469443769 1
-24.614501083815 0.926816662611 1
-24.346952158991 2.008102768991 1
-24.079403234167 3.089388875372 1
-23.811854309343 4.170674981752 1
-23.544305384519 5.251961088132 1
-23.276756459695 6.333247194512 1
-23.009207534871 7.414533300892 1
-22.741658610046 8.495819407272 1
-22.474109685222 9.577105513652 1
-22.206560760398 10.658391620032 1
-21.939011835574 11.739677726412 1
-26.754892482408 -11.739677726412 1
-26.487343557584 -10.658391620032 1
-26.219794632759 -9.577105513652 1
-25.952245707935 -8.495819407272 1
-25.684696783111 -7.414533300892 1
-25.417147858287 -6.333247194512 1
-25.149598933463 -5.251961088132 1
-24.882050008639 -4.170674981752 1
-24.614501083815 -3.089388875372 1
-24.346952158991 -2.008102768991 1
-24.079403234167 -0.926816662611 1
-23.811854309343 0.154469443769 1
-23.544305384519 1.235755550149 1
-23.276756459695 2.317041656529 1
-23.009207534871 3.398327762909 1
-22.741658610046 4.479613869289 1
-22.474109685222 5.560899975669 1
-22.206560760398 6.642186082049 1
-21.939011835574 7.723472188429 1
-21.671462910750 8.804758294809 1
-21.403913985926 9.886044401189 1
-21.136365061102 10.967330507569 1
-25.684696783111 -11.430738838875 1
-25.417147858287 -10.349452732495 1
-25.149598933463 -9.268166626115 1
-24.882050008639 -8.186880519734 1
-24.614501083815 -7.105594413354 1
-24.346952158991 -6.024308306974 1
-24.079403234167 -4.943022200594 1
-23.811854309343 -3.861736094214 1
-23.544305384519 -2.780449987834 1
-23.276756459695 -1.699163881454 1
-23.009207534871 -0.617877775074 1
-22.741658610046 0.463408331306 1
-22.474109685222 1.544694437686 1
-22.206560760398 2.625980544066 1
-21.939011835574 3.707266650446 1
-21.671462910750 4.788552756826 1
-21.403913985926 5.869838863206 1
-21.136365061102 6.951124969586 1
-20.868816136278 8.032411075966 1
-20.601267211454 9.113697182346 1
-20.333718286630 10.194983288726 1
-20.066169361806 11.276269395106 1
-24.614501083815 -11.121799951337 1
-24.346952158991 -10.040513844957 1
-24.079403234167 -8.959227738577 1
-23.811854309343 -7.877941632197 1
-23.544305384519 -6.796655525817 1
-23.276756459695 -5.715369419437 1
-23.009207534871 -4.634083313057 1
-22.741658610046 -3.552797206677 1
-22.474109685222 -2.471511100297 1
-22.206560760398 -1.390224993917 1
-21.939011835574 -0.308938887537 1
-21.671462910750 0.772347218843 1
-21.403913985926 1.853633325223 1
-21.136365061102 2.934919431603 1
-20.868816136278 4.016205537983 1
-20.601267211454 5.097491644363 1
-20.333718286630 6.178777750743 1
-20.066169361806 7.260063857123 1
-19.798620436982 8.341349963503 1
-19.531071512158 9.422636069883 1
-19.263522587333 10.503922176263 1
-18.995973662509 11.585208282643 1
-23.811854309343 -11.894147170180 1
-23.544305384519 -10.812861063800 1
-23.276756459695 -9.731574957420 1
-23.009207534871 -8.650288851040 1
-22.741658610046 -7.569002744660 1
-22.474109685222 -6.487716638280 1
-22.206560760398 -5.406430531900 1
-21.939011835574 -4.325144425520 1
-21.671462910750 -3.243858319140 1
-21.403913985926 -2.162572212760 1
-21.136365061102 -1.081286106380 1
-20.868816136278 0.000000000000 1
-20.601267211454 1.081286106380 1
-20.333718286630 2.162572212760 1
-20.066169361806 3.243858319140 1
-19.798620436982 4.325144425520 1
-19.531071512158 5.406430531900 1
-19.263522587333 6.487716638280 1
-18.995973662509 7.569002744660 1
-18.728424737685 8.650288851040 1
-18.460875812861 9.731574957420 1
-18.193326888037 10.812861063800 1
-17.925777963213 11.894147170180 1
-22.741658610046 -11.585208282643 1
-22.474109685222 -10.503922176263 1
-22.206560760398 -9.422636069883 1
-21.939011835574 -8.341349963503 1
-21.671462910750 -7.260063857123 1
-21.403913985926 -6.178777750743 1
-21.136365061102 -5.097491644363 1
-20.868816136278 -4.016205537983 1
-20.601267211454 -2.934919431603 1
-20.333718286630 -1.853633325223 1
-20.066169361806 -0.772347218843 1
-19.798620436982 0.308938887537 1
-19.531071512158 1.390224993917 1
-19.263522587333 2.471511100297 1
-18.995973662509 3.552797206677 1
-18.728424737685 4.634083313057 1
-18.460875812861 5.715369419437 1
-18.193326888037 6.796655525817 1
-17.925777963213 7.877941632197 1
-17.658229038389 8.959227738577 1
-17.390680113565 10.040513844957 1
-17.123131188741 11.121799951337 1
-21.671462910750 -11.276269395106 1
-21.403913985926 -10.194983288726 1
-21.136365061102 -9.113697182346 1
-20.868816136278 -8.032411075966 1
-20.601267211454 -6.951124969586 1
-20.333718286630 -5.869838863206 1
-20.066169361806 -4.788552756826 1
-19.798620436982 -3.707266650446 1
-19.531071512158 -2.625980544066 1
-19.263522587333 -1.544694437686 1
-18.995973662509 -0.463408331306 1
-18.728424737685 0.617877775074 1
-18.460875812861 1.699163881454 1
-18.193326888037 2.780449987834 1
-17.925777963213 3.861736094214 1
-17.658229038389 4.943022200594 1
-17.390680113565 6.024308306974 1
-17.123131188741 7.105594413354 1
-16.855582263917 8.186880519734 1
-16.588033339093 9.268166626115 1
-16.320484414269 10.349452732495 1
-16.052935489445 11.430738838875 1
-20.868816136278 -12.048616613949 1
-20.601267211454 -10.967330507569 1
-20.333718286630 -9.886044401189 1
-20.066169361806 -8.804758294809 1
-19.798620436982 -7.723472188429 1
-19.531071512158 -6.642186082049 1
-19.263522587333 -5.560899975669 1
-18.995973662509 -4.479613869289 1
-18.728424737685 -3.398327762909 1
-18.460875812861 -2.317041656529 1
-18.193326888037 -1.235755550149 1
-17.925777963213 -0.154469443769 1
-17.658229038389 0.926816662611 1
-17.390680113565 2.008102768991 1
-17.123131188741 3.089388875372 1
-16.855582263917 4.170674981752 1
-16.588033339093 5.251961088132 1
-16.320484414269 6.333247194512 1
-16.052935489445 7.414533300892 1
-15.785386564621 8.495819407272 1
-15.517837639796 9.577105513652 1
-15.250288714972 10.658391620032 1
-14.982739790148 11.739677726412 1
-19.798620436982 -11.739677726412 1
-19.531071512158 -10.658391620032 1
-19.263522587333 -9.577105513652 1
-18.995973662509 -8.495819407272 1
-18.728424737685 -7.414533300892 1
-18.460875812861 -6.333247194512 1
-18.193326888037 -5.251961088132 1
-17.925777963213 -4.170674981752 1
-17.658229038389 -3.089388875372 1
-17.390680113565 -2.008102768991 1
-17.123131188741 -0.926816662611 1
-16.855582263917 0.154469443769 1
-16.588033339093 1.235755550149 1
-16.320484414269 2.317041656529 1
-16.052935489445 3.398327762909 1
-15.785386564621 4.479613869289 1
-15.517837639796 5.560899975669 1
-15.250288714972 6.642186082049 1
-14.982739790148 7.723472188429 1
-14.715190865324 8.804758294809 1
-14.447641940500 9.886044401189 1
-14.180093015676 10.967330507569 1
-18.728424737685 -11.430738838875 1
-18.460875812861 -10.349452732495 1
-18.193326888037 -9.268166626115 1
-17.925777963213 -8.186880519734 1
-17.658229038389 -7.105594413354 1
-17.390680113565 -6.024308306974 1
-17.123131188741 -4.943022200594 1
-16.855582263917 -3.861736094214 1
-16.588033339093 -2.780449987834 1
-16.320484414269 -1.699163881454 1
-16.052935489445 -0.617877775074 1
-15.785386564621 0.463408331306 1
-15.517837639796 1.544694437686 1
-15.250288714972 2.625980544066 1
-14.982739790148 3.707266650446 1
-14.715190865324 4.788552756826 1
-14.447641940500 5.869838863206 1
-14.180093015676 6.951124969586 1
-13.912544090852 8.032411075966 1
-13.644995166028 9.113697182346 1
-13.377446241204 10.194983288726 1
-13.109897316380 11.276269395106 1
-17.658229038389 -11.121799951337 1
-17.390680113565 -10.040513844957 1
-17.123131188741 -8.959227738577 1
-16.855582263917 -7.877941632197 1
-16.588033339093 -6.796655525817 1
-16.320484414269 -5.715369419437 1
-16.052935489445 -4.634083313057 1
-15.785386564621 -3.552797206677 1
-15.517837639796 -2.471511100297 1
-15.250288714972 -1.390224993917 1
-14.982739790148 -0.308938887537 1
-14.715190865324 0.772347218843 1
-14.447641940500 1.853633325223 1
-14.180093015676 2.934919431603 1
-13.912544090852 4.016205537983 1
-13.644995166028 5.097491644363 1
-13.377446241204 6.178777750743 1
-13.109897316380 7.260063857123 1
-12.842348391556 8.341349963503 1
-12.574799466732 9.422636069883 1
-12.307250541908 10.503922176263 1
-12.039701617083 11.585208282643 1
-16.855582263917 -11.894147170180 1
-16.588033339093 -10.812861063800 1
-16.320484414269 -9.731574957420 1
-16.052935489445 -8.650288851040 1
-15.785386564621 -7.569002744660 1
-15.517837639796 -6.487716638280 1
-15.250288714972 -5.406430531900 1
-14.982739790148 -4.325144425520 1
-14.715190865324 -3.243858319140 1
-14.447641940500 -2.162572212760 1
-14.180093015676 -1.081286106380 1
-13.912544090852 0.000000000000 1
-13.644995166028 1.081286106380 1
-13.377446241204 2.162572212760 1
-13.109897316380 3.243858319140 1
-12.842348391556 4.325144425520 1
-12.574799466732 5.406430531900 1
-12.307250541908 6.487716638280 1
-12.039701617083 7.569002744660 1
-11.772152692259 8.650288851040 1
-11.504603767435 9.731574957420 1
-11.237054842611 10.812861063800 1
-10.969505917787 11.894147170180 1
-15.785386564621 -11.585208282643 1
-15.517837639796 -10.503922176263 1
-15.250288714972 -9.422636069883 1
-14.982739790148 -8.341349963503 1
-14.715190865324 -7.260063857123 1
-14.447641940500 -6.178777750743 1
-14.180093015676 -5.097491644363 1
-13.912544090852 -4.016205537983 1
-13.644995166028 -2.934919431603 1
-13.377446241204 -1.853633325223 1
-13.109897316380 -0.772347218843 1
-12.842348391556 0.308938887537 1
-12.574799466732 1.390224993917 1
-12.307250541908 2.471511100297 1
-12.039701617083 3.552797206677 1
-11.772152692259 4.634083313057 1
-11.504603767435 5.715369419437 1
-11.237054842611 6.796655525817 1
-10.969505917787 7.877941632197 1
-10.701956992963 8.959227738577 1
-10.434408068139 10.040513844957 1
-10.166859143315 11.121799951337 1
-14.715190865324 -11.276269395106 1
-14.447641940500 -10.194983288726 1
-14.180093015676 -9.113697182346 1
-13.912544090852 -8.032411075966 1
-13.644995166028 -6.951124969586 1
-13.377446241204 -5.869838863206 1
-13.109897316380 -4.788552756826 1
-12.842348391556 -3.707266650446 1
-12.574799466732 -2.625980544066 1
-12.307250541908 -1.544694437686 1
-12.039701617083 -0.463408331306 1
-11.772152692259 0.617877775074 1
-11.504603767435 1.699163881454 1
-11.237054842611 2.780449987834 1
-10.969505917787 3.861736094214 1
-10.701956992963 4.943022200594 1
-10.434408068139 6.024308306974 1
-10.166859143315 7.105594413354 1
-9.899310218491 8.186880519734 1
-9.631761293667 9.268166626115 1
-9.364212368843 10.349452732495 1
-9.096663444019 11.430738838875 1
-13.912544090852 12.048616613949 1
-13.644995166028 -10.967330507569 1
-13.377446241204 -9.886044401189 1
-13.109897316380 -8.804758294809 1
-12.842348391556 -7.723472188429 1
-12.574799466732 -6.642186082049 1
-12.307250541908 -5.560899975669 1
-12.039701617083 -4.479613869289 1
-11.772152692259 -3.398327762909 1
-11.504603767435 -2.317041656529 1
-11.237054842611 -1.235755550149 1
-10.969505917787 -0.154469443769 1
-10.701956992963 0.926816662611 1
-10.434408068139 2.008102768991 1
-10.166859143315 3.089388875372 1
-9.899310218491 4.170674981752 1
-9.631761293667 5.251961088132 1
-9.364212368843 6.333247194512 1
-9.096663444019 7.414533300892 1
-8.829114519195 8.495819407272 1
-8.561565594370 9.577105513652 1
-8.294016669546 10.658391620032 1
-8.026467744722 11.739677726412 1
-12.842348391556 -11.739677726412 1
-12.574799466732 -10.658391620032 1
-12.307250541908 -9.577105513652 1
-12.039701617083 -8.495819407272 1
-11.772152692259 -7.414533300892 1
-11.504603767435 -6.333247194512 1
-11.237054842611 -5.251961088132 1
-10.969505917787 -4.170674981752 1
-10.701956992963 -3.089388875372 1
-10.434408068139 -2.008102768991 1
-10.166859143315 -0.926816662611 1
-9.899310218491 0.154469443769 1
-9.631761293667 1.235755550149 1
-9.364212368843 2.317041656529 1
-9.096663444019 3.398327762909 1
-8.829114519195 4.479613869289 1
-8.561565594370 5.560899975669 1
-8.294016669546 6.642186082049 1
-8.026467744722 7.723472188429 1
-7.758918819898 8.804758294809 1
-7.491369895074 9.886044401189 1
-7.223820970250 10.967330507569 1
-11.772152692259 -11.430738838875 1
-11.504603767435 -10.349452732495 1
-11.237054842611 -9.268166626115 1
-10.969505917787 -8.186880519734 1
-10.701956992963 -7.105594413354 1
-10.434408068139 -6.024308306974 1
-10.166859143315 -4.943022200594 1
-9.899310218491 -3.861736094214 1
-9.631761293667 -2.780449987834 1
-9.364212368843 -1.699163881454 1
-9.096663444019 -0.617877775074 1
-8.829114519195 0.463408331306 1
-8.561565594370 1.544694437686 1
-8.294016669546 2.625980544066 1
-8.026467744722 3.707266650446 1
-7.758918819898 4.788552756826 1
-7.491369895074 5.869838863206 1
-7.223820970250 6.951124969586 1
-6.956272045426 8.032411075966 1
-6.688723120602 9.113697182346 1
-6.421174195778 10.194983288726 1
-6.153625270954 11.276269395106 1
-10.701956992963 -11.121799951337 1
-10.434408068139 -10.040513844957 1
-10.166859143315 -8.959227738577 1
-9.899310218491 -7.877941632197 1
-9.631761293667 -6.796655525817 1
-9.364212368843 -5.715369419437 1
-9.096663444019 -4.634083313057 1
-8.829114519195 -3.552797206677 1
-8.561565594370 -2.471511100297 1
-8.294016669546 -1.390224993917 1
-8.026467744722 -0.308938887537 1
-7.758918819898 0.772347218843 1
-7.491369895074 1.853633325223 1
-7.223820970250 2.934919431603 1
-6.956272045426 4.016205537983 1
-6.688723120602 5.097491644363 1
-6.421174195778 6.178777750743 1
-6.153625270954 7.260063857123 1
-5.886076346130 8.341349963503 1
-5.618527421306 9.422636069883 1
-5.350978496482 10.503922176263 1
-5.083429571657 11.585208282643 1
-9.899310218491 -11.894147170180 1
-9.631761293667 -10.812861063800 1
-9.364212368843 -9.731574957420 1
-9.096663444019 -8.650288851040 1
-8.829114519195 -7.569002744660 1
-8.561565594370 -6.487716638280 1
-8.294016669546 -5.406430531900 1
-8.026467744722 -4.325144425520 1
-7.758918819898 -3.243858319140 1
-7.491369895074 -2.162572212760 1
-7.223820970250 -1.081286106380 1
-6.956272045426 0.000000000000 1
-6.688723120602 1.081286106380 1
-6.421174195778 2.162572212760 1
-6.153625270954 3.243858319140 1
-5.886076346130 4.325144425520 1
-5.618527421306 5.406430531900 1
-5.350978496482 6.487716638280 1
-5.083429571657 7.569002744660 1
-4.815880646833 8.650288851040 1
-4.548331722009 9.731574957420 1
-4.280782797185 10.812861063800 1
-4.013233872361 11.894147170180 1
-8.829114519195 -11.585208282643 1
-8.561565594370 -10.503922176263 1
-8.294016669546 -9.422636069883 1
-8.026467744722 -8.341349963503 1
-7.758918819898 -7.260063857123 1
-7.491369895074 -6.178777750743 1
-7.223820970250 -5.097491644363 1
-6.956272045426 -4.016205537983 1
-6.688723120602 -2.934919431603 1
-6.421174195778 -1.853633325223 1
-6.153625270954 -0.772347218843 1
-5.886076346130 0.308938887537 1
-5.618527421306 1.390224993917 1
-5.350978496482 2.471511100297 1
-5.083429571657 3.552797206677 1
-4.815880646833 4.634083313057 1
-4.548331722009 5.715369419437 1
-4.280782797185 6.796655525817 1
-4.013233872361 7.877941632197 1
-3.745684947537 8.959227738577 1
-3.478136022713 10.040513844957 1
-3.210587097889 11.121799951337 1
-7.758918819898 -11.276269395106 1
-7.491369895074 -10.194983288726 1
-7.223820970250 -9.113697182346 1
-6.956272045426 -8.032411075966 1
-6.688723120602 -6.951124969586 1
-6.421174195778 -5.869838863206 1
-6.153625270954 -4.788552756826 1
-5.886076346130 -3.707266650446 1
-5.618527421306 -2.625980544066 1
-5.350978496482 -1.544694437686 1
-5.083429571657 -0.463408331306 1
-4.815880646833 0.617877775074 1
-4.548331722009 1.699163881454 1
-4.280782797185 2.780449987834 1
-4.013233872361 3.861736094214 1
-3.745684947537 4.943022200594 1
-3.478136022713 6.024308306974 1
-3.210587097889 7.105594413354 1
-2.943038173065 8.186880519734 1
-2.675489248241 9.268166626115 1
-2.407940323417 10.349452732495 1
-2.140391398593 11.430738838875 1
-6.956272045426 12.048616613949 1
-6.688723120602 -10.967330507569 1
-6.421174195778 -9.886044401189 1
-6.153625270954 -8.804758294809 1
-5.886076346130 -7.723472188429 1
-5.618527421306 -6.642186082049 1
-5.350978496482 -5.560899975669 1
-5.083429571657 -4.479613869289 1
-4.815880646833 -3.398327762909 1
-4.548331722009 -2.317041656529 1
-4.280782797185 -1.235755550149 1
-4.013233872361 -0.154469443769 1
-3.745684947537 0.926816662611 1
-3.478136022713 2.008102768991 1
-3.210587097889 3.089388875372 1
-2.943038173065 4.170674981752 1
-2.675489248241 5.251961088132 1
-2.407940323417 6.333247194512 1
-2.140391398593 7.414533300892 1
-1.872842473769 8.495819407272 1
-1.605293548944 9.577105513652 1
-1.337744624120 10.658391620032 1
-1.070195699296 11.739677726412 1
-5.886076346130 -11.739677726412 1
-5.618527421306 -10.658391620032 1
-5.350978496482 -9.577105513652 1
-5.083429571657 -8.495819407272 1
-4.815880646833 -7.414533300892 1
-4.548331722009 -6.333247194512 1
-4.280782797185 -5.251961088132 1
-4.013233872361 -4.170674981752 1
-3.745684947537 -3.089388875372 1
-3.478136022713 -2.008102768991 1
-3.210587097889 -0.926816662611 1
-2.943038173065 0.154469443769 1
-2.675489248241 1.235755550149 1
-2.407940323417 2.317041656529 1
-2.140391398593 3.398327762909 1
-1.872842473769 4.479613869289 1
-1.605293548944 5.560899975669 1
-1.337744624120 6.642186082049 1
-1.070195699296 7.723472188429 1
-0.802646774472 8.804758294809 1
-0.535097849648 9.886044401189 1
-0.267548924824 10.967330507569 1
-4.815880646833 -11.430738838875 1
-4.548331722009 -10.349452732495 1
-4.280782797185 -9.268166626115 1
-4.013233872361 -8.186880519735 1
-3.745684947537 -7.105594413354 1
-3.478136022713 -6.024308306974 1
-3.210587097889 -4.943022200594 1
-2.943038173065 -3.861736094214 1
-2.675489248241 -2.780449987834 1
-2.407940323417 -1.699163881454 1
-2.140391398593 -0.617877775074 1
-1.872842473769 0.463408331306 1
-1.605293548944 1.544694437686 1
-1.337744624120 2.625980544066 1
-1.070195699296 3.707266650446 1
-0.802646774472 4.788552756826 1
-0.535097849648 5.869838863206 1
-0.267548924824 6.951124969586 1
0.000000000000 8.032411075966 1
0.267548924824 9.113697182346 1
0.535097849648 10.194983288726 1
0.802646774472 11.276269395106 1
-3.745684947537 -11.121799951337 1
-3.478136022713 -10.040513844957 1
-3.210587097889 -8.959227738577 1
-2.943038173065 -7.877941632197 1
-2.675489248241 -6.796655525817 1
-2.407940323417 -5.715369419437 1
-2.140391398593 -4.634083313057 1
-1.872842473769 -3.552797206677 1
-1.605293548944 -2.471511100297 1
-1.337744624120 -1.390224993917 1
-1.070195699296 -0.308938887537 1
-0.802646774472 0.772347218843 1
-0.535097849648 1.853633325223 1
-0.267548924824 2.934919431603 1
0.000000000000 4.016205537983 1
0.267548924824 5.097491644363 1
0.535097849648 6.178777750743 1
0.802646774472 7.260063857123 1
1.070195699296 8.341349963503 1
1.337744624120 9.422636069883 1
1.605293548944 10.503922176263 1
1.872842473769 11.585208282643 1
-2.943038173065 -11.894147170180 1
-2.675489248241 -10.812861063800 1
-2.407940323417 -9.731574957420 1
-2.140391398593 -8.650288851040 1
-1.872842473769 -7.569002744660 1
-1.605293548944 -6.487716638280 1
-1.337744624120 -5.406430531900 1
-1.070195699296 -4.325144425520 1
-0.802646774472 -3.243858319140 1
-0.535097849648 -2.162572212760 1
-0.267548924824 -1.081286106380 1
0.000000000000 0.000000000000 1
0.267548924824 1.081286106380 1
0.535097849648 2.162572212760 1
0.802646774472 3.243858319140 1
1.070195699296 4.325144425520 1
1.337744624120 5.406430531900 1
1.605293548944 6.487716638280 1
1.872842473769 7.569002744660 1
2.140391398593 8.650288851040 1
2.407940323417 9.731574957420 1
2.675489248241 10.812861063800 1
2.943038173065 11.894147170180 1
-1.872842473769 -11.585208282643 1
-1.605293548944 -10.503922176263 1
-1.337744624120 -9.422636069883 1
-1.070195699296 -8.341349963503 1
-0.802646774472 -7.260063857123 1
-0.535097849648 -6.178777750743 1
-0.267548924824 -5.097491644363 1
-0.000000000000 -4.016205537983 1
0.267548924824 -2.934919431603 1
0.535097849648 -1.853633325223 1
0.802646774472 -0.772347218843 1
1.070195699296 0.308938887537 1
1.337744624120 1.390224993917 1
1.605293548944 2.471511100297 1
1.872842473769 3.552797206677 1
2.140391398593 4.634083313057 1
2.407940323417 5.715369419437 1
2.675489248241 6.796655525817 1
2.943038173065 7.877941632197 1
3.210587097889 8.959227738577 1
3.478136022713 10.040513844957 1
3.745684947537 11.121799951337 1
-0.802646774472 -11.276269395106 1
-0.535097849648 -10.194983288726 1
-0.267548924824 -9.113697182346 1
-0.000000000000 -8.032411075966 1
0.267548924824 -6.951124969586 1
0.535097849648 -5.869838863206 1
0.802646774472 -4.788552756826 1
1.070195699296 -3.707266650446 1
1.337744624120 -2.625980544066 1
1.605293548944 -1.544694437686 1
1.872842473769 -0.463408331306 1
2.140391398593 0.617877775074 1
2.407940323417 1.699163881454 1
2.675489248241 2.780449987834 1
2.943038173065 3.861736094214 1
3.210587097889 4.943022200594 1
3.478136022713 6.024308306974 1
3.745684947537 7.105594413354 1
4.013233872361 8.186880519734 1
4.280782797185 9.268166626115 1
4.548331722009 10.349452732495 1
4.815880646833 11.430738838875 1
-0.000000000000 12.048616613949 1
0.267548924824 -10.967330507569 1
0.535097849648 -9.886044401189 1
0.802646774472 -8.804758294809 1
1.070195699296 -7.723472188429 1
1.337744624120 -6.642186082049 1
1.605293548944 -5.560899975669 1
1.872842473769 -4.479613869289 1
2.140391398593 -3.398327762909 1
2.407940323417 -2.317041656529 1
2.675489248241 -1.235755550149 1
2.943038173065 -0.154469443769 1
3.210587097889 0.926816662611 1
3.478136022713 2.008102768991 1
3.745684947537 3.089388875372 1
4.013233872361 4.170674981752 1
4.280782797185 5.251961088132 1
4.548331722009 6.333247194512 1
4.815880646833 7.414533300892 1
5.083429571657 8.495819407272 1
5.350978496482 9.577105513652 1
5.618527421306 10.658391620032 1
5.886076346130 11.739677726412 1
1.070195699296 -11.739677726412 1
1.337744624120 -10.658391620032 1
1.605293548944 -9.577105513652 1
1.872842473769 -8.495819407272 1
2.140391398593 -7.414533300892 1
2.407940323417 -6.333247194512 1
2.675489248241 -5.251961088132 1
2.943038173065 -4.170674981752 1
3.210587097889 -3.089388875372 1
3.478136022713 -2.008102768991 1
3.745684947537 -0.926816662611 1
4.013233872361 0.154469443769 1
4.280782797185 1.235755550149 1
4.548331722009 2.317041656529 1
4.815880646833 3.398327762909 1
5.083429571657 4.479613869289 1
5.350978496482 5.560899975669 1
5.618527421306 6.642186082049 1
5.886076346130 7.723472188429 1
6.153625270954 8.804758294809 1
6.421174195778 9.886044401189 1
6.688723120602 10.967330507569 1
2.140391398593 -11.430738838875 1
2.407940323417 -10.349452732495 1
2.675489248241 -9.268166626115 1
2.943038173065 -8.186880519734 1
3.210587097889 -7.105594413354 1
3.478136022713 -6.024308306974 1
3.745684947537 -4.943022200594 1
4.013233872361 -3.861736094214 1
4.280782797185 -2.780449987834 1
4.548331722009 -1.699163881454 1
4.815880646833 -0.617877775074 1
5.083429571657 0.463408331306 1
5.350978496482 1.544694437686 1
5.618527421306 2.625980544066 1
5.886076346130 3.707266650446 1
6.153625270954 4.788552756826 1
6.421174195778 5.869838863206 1
6.688723120602 6.951124969586 1
6.956272045426 8.032411075966 1
7.223820970250 9.113697182346 1
7.491369895074 10.194983288726 1
7.758918819898 11.276269395106 1
3.210587097889 -11.121799951337 1
3.478136022713 -10.040513844957 1
3.745684947537 -8.959227738577 1
4.013233872361 -7.877941632197 1
4.280782797185 -6.796655525817 1
4.548331722009 -5.715369419437 1
4.815880646833 -4.634083313057 1
5.083429571657 -3.552797206677 1
5.350978496482 -2.471511100297 1
5.618527421306 -1.390224993917 1
5.886076346130 -0.308938887537 1
6.153625270954 0.772347218843 1
6.421174195778 1.853633325223 1
6.688723120602 2.934919431603 1
6.956272045426 4.016205537983 1
7.223820970250 5.097491644363 1
7.491369895074 6.178777750743 1
7.758918819898 7.260063857123 1
8.026467744722 8.341349963503 1
8.294016669546 9.422636069883 1
8.561565594370 10.503922176263 1
8.829114519195 11.585208282643 1
4.013233872361 -11.894147170180 1
4.280782797185 -10.812861063800 1
4.548331722009 -9.731574957420 1
4.815880646833 -8.650288851040 1
5.083429571657 -7.569002744660 1
5.350978496482 -6.487716638280 1
5.618527421306 -5.406430531900 1
5.886076346130 -4.325144425520 1
6.153625270954 -3.243858319140 1
6.421174195778 -2.162572212760 1
6.688723120602 -1.081286106380 1
6.956272045426 -0.000000000000 1
7.223820970250 1.081286106380 1
7.491369895074 2.162572212760 1
7.758918819898 3.243858319140 1
8.026467744722 4.325144425520 1
8.294016669546 5.406430531900 1
8.561565594370 6.487716638280 1
8.829114519195 7.569002744660 1
9.096663444019 8.650288851040 1
9.364212368843 9.731574957420 1
9.631761293667 10.812861063800 1
9.899310218491 11.894147170180 1
5.083429571657 -11.585208282643 1
5.350978496482 -10.503922176263 1
5.618527421306 -9.422636069883 1
5.886076346130 -8.341349963503 1
6.153625270954 -7.260063857123 1
6.421174195778 -6.178777750743 1
6.688723120602 -5.097491644363 1
6.956272045426 -4.016205537983 1
7.223820970250 -2.934919431603 1
7.491369895074 -1.853633325223 1
7.758918819898 -0.772347218843 1
8.026467744722 0.308938887537 1
8.294016669546 1.390224993917 1
8.561565594370 2.471511100297 1
8.829114519195 3.552797206677 1
9.096663444019 4.634083313057 1
9.364212368843 5.715369419437 1
9.631761293667 6.796655525817 1
9.899310218491 7.877941632197 1
10.166859143315 8.959227738577 1
10.434408068139 10.040513844957 1
10.701956992963 11.121799951337 1
6.153625270954 -11.276269395106 1
6.421174195778 -10.194983288726 1
6.688723120602 -9.113697182346 1
6.956272045426 -8.032411075966 1
7.223820970250 -6.951124969586 1
7.491369895074 -5.869838863206 1
7.758918819898 -4.788552756826 1
8.026467744722 -3.707266650446 1
8.294016669546 -2.625980544066 1
8.561565594370 -1.544694437686 1
8.829114519195 -0.463408331306 1
9.096663444019 0.617877775074 1
9.364212368843 1.699163881454 1
9.631761293667 2.780449987834 1
9.899310218491 3.861736094214 1
10.166859143315 4.943022200594 1
10.434408068139 6.024308306974 1
10.701956992963 7.105594413354 1
10.969505917787 8.186880519734 1
11.237054842611 9.268166626115 1
11.504603767435 10.349452732495 1
11.772152692259 11.430738838875 1
6.956272045426 12.048616613949 1
7.223820970250 -10.967330507569 1
7.491369895074 -9.886044401189 1
7.758918819898 -8.804758294809 1
8.026467744722 -7.723472188429 1
8.294016669546 -6.642186082049 1
8.561565594370 -5.560899975669 1
8.829114519195 -4.479613869289 1
9.096663444019 -3.398327762909 1
9.364212368843 -2.317041656529 1
9.631761293667 -1.235755550149 1
9.899310218491 -0.154469443769 1
10.166859143315 0.926816662611 1
10.434408068139 2.008102768991 1
10.701956992963 3.089388875372 1
10.969505917787 4.170674981752 1
11.237054842611 5.251961088132 1
11.504603767435 6.333247194512 1
11.772152692259 7.414533300892 1
12.039701617083 8.495819407272 1
12.307250541908 9.577105513652 1
12.574799466732 10.658391620032 1
12.842348391556 11.739677726412 1
8.026467744722 -11.739677726412 1
8.294016669546 -10.658391620032 1
8.561565594370 -9.577105513652 1
8.829114519195 -8.495819407272 1
9.096663444019 -7.414533300892 1
9.364212368843 -6.333247194512 1
9.631761293667 -5.251961088132 1
9.899310218491 -4.170674981752 1
10.166859143315 -3.089388875372 1
10.434408068139 -2.008102768991 1
10.701956992963 -0.926816662611 1
10.969505917787 0.154469443769 1
11.237054842611 1.235755550149 1
11.504603767435 2.317041656529 1
11.772152692259 3.398327762909 1
12.039701617083 4.479613869289 1
12.307250541908 5.560899975669 1
12.574799466732 6.642186082049 1
12.842348391556 7.723472188429 1
13.109897316380 8.804758294809 1
13.377446241204 9.886044401189 1
13.644995166028 10.967330507569 1
9.096663444019 -11.430738838875 1
9.364212368843 -10.349452732495 1
9.631761293667 -9.268166626115 1
9.899310218491 -8.186880519735 1
10.166859143315 -7.105594413354 1
10.434408068139 -6.024308306974 1
10.701956992963 -4.943022200594 1
10.969505917787 -3.861736094214 1
11.237054842611 -2.780449987834 1
11.504603767435 -1.699163881454 1
11.772152692259 -0.617877775074 1
12.039701617083 0.463408331306 1
12.307250541908 1.544694437686 1
12.574799466732 2.625980544066 1
12.842348391556 3.707266650446 1
13.109897316380 4.788552756826 1
13.377446241204 5.869838863206 1
13.644995166028 6.951124969586 1
13.912544090852 8.032411075966 1
14.180093015676 9.113697182346 1
14.447641940500 10.194983288726 1
14.715190865324 11.276269395106 1
10.166859143315 -11.121799951337 1
10.434408068139 -10.040513844957 1
10.701956992963 -8.959227738577 1
10.969505917787 -7.877941632197 1
11.237054842611 -6.796655525817 1
11.504603767435 -5.715369419437 1
11.772152692259 -4.634083313057 1
12.039701617083 -3.552797206677 1
12.307250541908 -2.471511100297 1
12.574799466732 -1.390224993917 1
12.842348391556 -0.308938887537 1
13.109897316380 0.772347218843 1
13.377446241204 1.853633325223 1
13.644995166028 2.934919431603 1
13.912544090852 4.016205537983 1
14.180093015676 5.097491644363 1
14.447641940500 6.178777750743 1
14.715190865324 7.260063857123 1
14.982739790148 8.341349963503 1
15.250288714972 9.422636069883 1
15.517837639796 10.503922176263 1
15.785386564621 11.585208282643 1
10.969505917787 -11.894147170180 1
11.237054842611 -10.812861063800 1
11.504603767435 -9.731574957420 1
11.772152692259 -8.650288851040 1
12.039701617083 -7.569002744660 1
12.307250541908 -6.487716638280 1
12.574799466732 -5.406430531900 1
12.842348391556 -4.325144425520 1
13.109897316380 -3.243858319140 1
13.377446241204 -2.162572212760 1
13.644995166028 -1.081286106380 1
13.912544090852 -0.000000000000 1
14.180093015676 1.081286106380 1
14.447641940500 2.162572212760 1
14.715190865324 3.243858319140 1
14.982739790148 4.325144425520 1
15.250288714972 5.406430531900 1
15.517837639796 6.487716638280 1
15.785386564621 7.569002744660 1
16.052935489445 8.650288851040 1
16.320484414269 9.731574957420 1
16.588033339093 10.812861063800 1
16.855582263917 11.894147170180 1
12.039701617083 -11.585208282643 1
12.307250541908 -10.503922176263 1
12.574799466732 -9.422636069883 1
12.842348391556 -8.341349963503 1
13.109897316380 -7.260063857123 1
13.377446241204 -6.178777750743 1
13.644995166028 -5.097491644363 1
13.912544090852 -4.016205537983 1
14.180093015676 -2.934919431603 1
14.447641940500 -1.853633325223 1
14.715190865324 -0.772347218843 1
14.982739790148 0.308938887537 1
15.250288714972 1.390224993917 1
15.517837639796 2.471511100297 1
15.785386564621 3.552797206677 1
16.052935489445 4.634083313057 1
16.320484414269 5.715369419437 1
16.588033339093 6.796655525817 1
16.855582263917 7.877941632197 1
17.123131188741 8.959227738577 1
17.390680113565 10.040513844957 1
17.658229038389 11.121799951337 1
13.109897316380 -11.276269395106 1
13.377446241204 -10.194983288726 1
13.644995166028 -9.113697182346 1
13.912544090852 -8.032411075966 1
14.180093015676 -6.951124969586 1
14.447641940500 -5.869838863206 1
14.715190865324 -4.788552756826 1
14.982739790148 -3.707266650446 1
15.250288714972 -2.625980544066 1
15.517837639796 -1.544694437686 1
15.785386564621 -0.463408331306 1
16.052935489445 0.617877775074 1
16.320484414269 1.699163881454 1
16.588033339093 2.780449987834 1
16.855582263917 3.861736094214 1
17.123131188741 4.943022200594 1
17.390680113565 6.024308306974 1
17.658229038389 7.105594413354 1
17.925777963213 8.186880519734 1
18.193326888037 9.268166626115 1
18.460875812861 10.349452732495 1
18.728424737685 11.430738838875 1
13.912544090852 12.048616613949 1
14.180093015676 -10.967330507569 1
14.447641940500 -9.886044401189 1
14.715190865324 -8.804758294809 1
14.982739790148 -7.723472188429 1
15.250288714972 -6.642186082049 1
15.517837639796 -5.560899975669 1
15.785386564621 -4.479613869289 1
16.052935489445 -3.398327762909 1
16.320484414269 -2.317041656529 1
16.588033339093 -1.235755550149 1
16.855582263917 -0.154469443769 1
17.123131188741 0.926816662611 1
17.390680113565 2.008102768991 1
17.658229038389 3.089388875372 1
17.925777963213 4.170674981752 1
18.193326888037 5.251961088132 1
18.460875812861 6.333247194512 1
18.728424737685 7.414533300892 1
18.995973662509 8.495819407272 1
19.263522587333 9.577105513652 1
19.531071512158 10.658391620032 1
19.798620436982 11.739677726412 1
14.982739790148 -11.739677726412 1
15.250288714972 -10.658391620032 1
15.517837639796 -9.577105513652 1
15.785386564621 -8.495819407272 1
16.052935489445 -7.414533300892 1
16.320484414269 -6.333247194512 1
16.588033339093 -5.251961088132 1
16.855582263917 -4.170674981752 1
17.123131188741 -3.089388875372 1
17.390680113565 -2.008102768991 1
17.658229038389 -0.926816662611 1
17.925777963213 0.154469443769 1
18.193326888037 1.235755550149 1
18.460875812861 2.317041656529 1
18.728424737685 3.398327762909 1
18.995973662509 4.479613869289 1
19.263522587333 5.560899975669 1
19.531071512158 6.642186082049 1
19.798620436982 7.723472188429 1
20.066169361806 8.804758294809 1
20.333718286630 9.886044401189 1
20.601267211454 10.967330507569 1
16.052935489445 -11.430738838875 1
16.320484414269 -10.349452732495 1
16.588033339093 -9.268166626115 1
16.855582263917 -8.186880519735 1
17.123131188741 -7.105594413354 1
17.390680113565 -6.024308306974 1
17.658229038389 -4.943022200594 1
17.925777963213 -3.861736094214 1
18.193326888037 -2.780449987834 1
18.460875812861 -1.699163881454 1
18.728424737685 -0.617877775074 1
18.995973662509 0.463408331306 1
19.263522587333 1.544694437686 1
19.531071512158 2.625980544066 1
19.798620436982 3.707266650446 1
20.066169361806 4.788552756826 1
20.333718286630 5.869838863206 1
20.601267211454 6.951124969586 1
20.868816136278 8.032411075966 1
21.136365061102 9.113697182346 1
21.403913985926 10.194983288726 1
21.671462910750 11.276269395106 1
17.123131188741 -11.121799951337 1
17.390680113565 -10.040513844957 1
17.658229038389 -8.959227738577 1
17.925777963213 -7.877941632197 1
18.193326888037 -6.796655525817 1
18.460875812861 -5.715369419437 1
18.728424737685 -4.634083313057 1
18.995973662509 -3.552797206677 1
19.263522587333 -2.471511100297 1
19.531071512158 -1.390224993917 1
19.798620436982 -0.308938887537 1
20.066169361806 0.772347218843 1
20.333718286630 1.853633325223 1
20.601267211454 2.934919431603 1
20.868816136278 4.016205537983 1
21.136365061102 5.097491644363 1
21.403913985926 6.178777750743 1
21.671462910750 7.260063857123 1
21.939011835574 8.341349963503 1
22.206560760398 9.422636069883 1
22.474109685222 10.503922176263 1
22.741658610046 11.585208282643 1
17.925777963213 -11.894147170180 1
18.193326888037 -10.812861063800 1
18.460875812861 -9.731574957420 1
18.728424737685 -8.650288851040 1
18.995973662509 -7.569002744660 1
19.263522587333 -6.487716638280 1
19.531071512158 -5.406430531900 1
19.798620436982 -4.325144425520 1
20.066169361806 -3.243858319140 1
20.333718286630 -2.162572212760 1
20.601267211454 -1.081286106380 1
20.868816136278 -0.000000000000 1
21.136365061102 1.081286106380 1
21.403913985926 2.162572212760 1
21.671462910750 3.243858319140 1
21.939011835574 4.325144425520 1
22.206560760398 5.406430531900 1
22.474109685222 6.487716638280 1
22.741658610046 7.569002744660 1
23.009207534871 8.650288851040 1
23.276756459695 9.731574957420 1
23.544305384519 10.812861063800 1
23.811854309343 11.894147170180 1
18.995973662509 -11.585208282643 1
19.263522587333 -10.503922176263 1
19.531071512158 -9.422636069883 1
19.798620436982 -8.341349963503 1
20.066169361806 -7.260063857123 1
20.333718286630 -6.178777750743 1
20.601267211454 -5.097491644363 1
20.868816136278 -4.016205537983 1
21.136365061102 -2.934919431603 1
21.403913985926 -1.853633325223 1
21.671462910750 -0.772347218843 1
21.939011835574 0.308938887537 1
22.206560760398 1.390224993917 1
22.474109685222 2.471511100297 1
22.741658610046 3.552797206677 1
23.009207534871 4.634083313057 1
23.276756459695 5.715369419437 1
23.544305384519 6.796655525817 1
23.811854309343 7.877941632197 1
24.079403234167 8.959227738577 1
24.346952158991 10.040513844957 1
24.614501083815 11.121799951337 1
20.066169361806 -11.276269395106 1
20.333718286630 -10.194983288726 1
20.601267211454 -9.113697182346 1
20.868816136278 -8.032411075966 1
21.136365061102 -6.951124969586 1
21.403913985926 -5.869838863206 1
21.671462910750 -4.788552756826 1
21.939011835574 -3.707266650446 1
22.206560760398 -2.625980544066 1
22.474109685222 -1.544694437686 1
22.741658610046 -0.463408331306 1
23.009207534871 0.617877775074 1
23.276756459695 1.699163881454 1
23.544305384519 2.780449987834 1
23.811854309343 3.861736094214 1
24.079403234167 4.943022200594 1
24.346952158991 6.024308306974 1
24.614501083815 7.105594413354 1
24.882050008639 8.186880519734 1
25.149598933463 9.268166626115 1
25.417147858287 10.349452732495 1
25.684696783111 11.430738838875 1
20.868816136278 12.048616613949 1
21.136365061102 -10.967330507569 1
21.403913985926 -9.886044401189 1
21.671462910750 -8.804758294809 1
21.939011835574 -7.723472188429 1
22.206560760398 -6.642186082049 1
22.474109685222 -5.560899975669 1
22.741658610046 -4.479613869289 1
23.009207534871 -3.398327762909 1
23.276756459695 -2.317041656529 1
23.544305384519 -1.235755550149 1
23.811854309343 -0.154469443769 1
24.079403234167 0.926816662611 1
24.346952158991 2.008102768991 1
24.614501083815 3.089388875372 1
24.882050008639 4.170674981752 1
25.149598933463 5.251961088132 1
25.417147858287 6.333247194512 1
25.684696783111 7.414533300892 1
25.952245707935 8.495819407272 1
26.219794632759 9.577105513652 1
26.487343557584 10.658391620032 1
26.754892482408 11.739677726412 1
21.939011835574 -11.739677726412 1
22.206560760398 -10.658391620032 1
22.474109685222 -9.577105513652 1
22.741658610046 -8.495819407272 1
23.009207534871 -7.414533300892 1
23.276756459695 -6.333247194512 1
23.544305384519 -5.251961088132 1
23.811854309343 -4.170674981752 1
24.079403234167 -3.089388875372 1
24.346952158991 -2.008102768991 1
24.614501083815 -0.926816662611 1
24.882050008639 0.154469443769 1
25.149598933463 1.235755550149 1
25.417147858287 2.317041656529 1
25.684696783111 3.398327762909 1
25.952245707935 4.479613869289 1
26.219794632759 5.560899975669 1
26.487343557584 6.642186082049 1
26.754892482408 7.723472188429 1
27.022441407232 8.804758294809 1
27.289990332056 9.886044401189 1
27.557539256880 10.967330507569 1
23.009207534871 -11.430738838875 1
23.276756459695 -10.349452732495 1
23.544305384519 -9.268166626115 1
23.811854309343 -8.186880519735 1
24.079403234167 -7.105594413354 1
24.346952158991 -6.024308306974 1
24.614501083815 -4.943022200594 1
24.882050008639 -3.861736094214 1
25.149598933463 -2.780449987834 1
25.417147858287 -1.699163881454 1
25.684696783111 -0.617877775074 1
25.952245707935 0.463408331306 1
26.219794632759 1.544694437686 1
26.487343557584 2.625980544066 1
26.754892482408 3.707266650446 1
27.022441407232 4.788552756826 1
27.289990332056 5.869838863206 1
27.557539256880 6.951124969586 1
27.825088181704 8.032411075966 1
28.092637106528 9.113697182346 1
28.360186031352 10.194983288726 1
28.627734956176 11.276269395106 1
24.079403234167 -11.121799951337 1
24.346952158991 -10.040513844957 1
24.614501083815 -8.959227738577 1
24.882050008639 -7.877941632197 1
25.149598933463 -6.796655525817 1
25.417147858287 -5.715369419437 1
25.684696783111 -4.634083313057 1
25.952245707935 -3.552797206677 1
26.219794632759 -2.471511100297 1
26.487343557584 -1.390224993917 1
26.754892482408 -0.308938887537 1
27.022441407232 0.772347218843 1
27.289990332056 1.853633325223 1
27.557539256880 2.934919431603 1
27.825088181704 4.016205537983 1
28.092637106528 5.097491644363 1
28.360186031352 6.178777750743 1
28.627734956176 7.260063857123 1
28.895283881000 8.341349963503 1
29.162832805824 9.422636069883 1
29.430381730648 10.503922176263 1
29.697930655472 11.585208282643 1
24.882050008639 -11.894147170180 1
25.149598933463 -10.812861063800 1
25.417147858287 -9.731574957420 1
25.684696783111 -8.650288851040 1
25.952245707935 -7.569002744660 1
26.219794632759 -6.487716638280 1
26.487343557584 -5.406430531900 1
26.754892482408 -4.325144425520 1
27.022441407232 -3.243858319140 1
27.289990332056 -2.162572212760 1
27.557539256880 -1.081286106380 1
27.825088181704 -0.000000000000 1
28.092637106528 1.081286106380 1
28.360186031352 2.162572212760 1
28.627734956176 3.243858319140 1
28.895283881000 4.325144425520 1
29.162832805824 5.406430531900 1
29.430381730648 6.487716638280 1
29.697930655472 7.569002744660 1
29.965479580297 8.650288851040 1
30.233028505121 9.731574957420 1
30.500577429945 10.812861063800 1
30.768126354769 11.894147170180 1
25.952245707935 -11.585208282643 1
26.219794632759 -10.503922176263 1
26.487343557584 -9.422636069883 1
26.754892482408 -8.341349963503 1
27.022441407232 -7.260063857123 1
27.289990332056 -6.178777750743 1
27.557539256880 -5.097491644363 1
27.825088181704 -4.016205537983 1
28.092637106528 -2.934919431603 1
28.360186031352 -1.853633325223 1
28.627734956176 -0.772347218843 1
28.895283881000 0.308938887537 1
29.162832805824 1.390224993917 1
29.430381730648 2.471511100297 1
29.697930655472 3.552797206677 1
29.965479580297 4.634083313057 1
30.233028505121 5.715369419437 1
30.500577429945 6.796655525817 1
30.768126354769 7.877941632197 1
31.035675279593 8.959227738577 1
31.303224204417 10.040513844957 1
31.570773129241 11.121799951337 1
27.022441407232 -11.276269395106 1
27.289990332056 -10.194983288726 1
27.557539256880 -9.113697182346 1
27.825088181704 -8.032411075966 1
28.092637106528 -6.951124969586 1
28.360186031352 -5.869838863206 1
28.627734956176 -4.788552756826 1
28.895283881000 -3.707266650446 1
29.162832805824 -2.625980544066 1
29.430381730648 -1.544694437686 1
29.697930655472 -0.463408331306 1
29.965479580297 0.617877775074 1
30.233028505121 1.699163881454 1
30.500577429945 2.780449987834 1
30.768126354769 3.861736094214 1
31.035675279593 4.943022200594 1
31.303224204417 6.024308306974 1
31.570773129241 7.105594413354 1
31.838322054065 8.186880519734 1
32.105870978889 9.268166626115 1
32.373419903713 10.349452732495 1
32.640968828537 11.430738838875 1
27.825088181704 12.048616613949 1
28.092637106528 -10.967330507569 1
28.360186031352 -9.886044401189 1
28.627734956176 -8.804758294809 1
28.895283881000 -7.723472188429 1
29.162832805824 -6.642186082049 1
29.430381730648 -5.560899975669 1
29.697930655472 -4.479613869289 1
29.965479580297 -3.398327762909 1
30.233028505121 -2.317041656529 1
30.500577429945 -1.235755550149 1
30.768126354769 -0.154469443769 1
31.035675279593 0.926816662611 1
31.303224204417 2.008102768991 1
31.570773129241 3.089388875372 1
31.838322054065 4.170674981752 1
32.105870978889 5.251961088132 1
32.373419903713 6.333247194512 1
32.640968828537 7.414533300892 1
32.908517753361 8.495819407272 1
33.176066678185 9.577105513652 1
33.443615603010 10.658391620032 1
33.711164527834 11.739677726412 1
28.895283881000 -11.739677726412 1
29.162832805824 -10.658391620032 1
29.430381730648 -9.577105513652 1
29.697930655472 -8.495819407272 1
29.965479580297 -7.414533300892 1
30.233028505121 -6.333247194512 1
30.500577429945 -5.251961088132 1
30.768126354769 -4.170674981752 1
31.035675279593 -3.089388875372 1
31.303224204417 -2.008102768991 1
31.570773129241 -0.926816662611 1
31.838322054065 0.154469443769 1
32.105870978889 1.235755550149 1
32.373419903713 2.317041656529 1
32.640968828537 3.398327762909 1
32.908517753361 4.479613869289 1
33.176066678185 5.560899975669 1
33.443615603010 6.642186082049 1
33.711164527834 7.723472188429 1
33.978713452658 8.804758294809 1
34.246262377482 9.886044401189 1
34.513811302306 10.967330507569 1
29.965479580297 -11.430738838875 1
30.233028505121 -10.349452732495 1
30.500577429945 -9.268166626115 1
30.768126354769 -8.186880519735 1
31.035675279593 -7.105594413354 1
31.303224204417 -6.024308306974 1
31.570773129241 -4.943022200594 1
31.838322054065 -3.861736094214 1
32.105870978889 -2.780449987834 1
32.373419903713 -1.699163881454 1
32.640968828537 -0.617877775074 1
32.908517753361 0.463408331306 1
33.176066678185 1.544694437686 1
33.443615603010 2.625980544066 1
33.711164527834 3.707266650446 1
33.978713452658 4.788552756826 1
34.246262377482 5.869838863206 1
34.513811302306 6.951124969586 1
31.035675279593 -11.121799951337 1
31.303224204417 -10.040513844957 1
31.570773129241 -8.959227738577 1
31.838322054065 -7.877941632197 1
32.105870978889 -6.796655525817 1
32.373419903713 -5.715369419437 1
32.640968828537 -4.634083313057 1
32.908517753361 -3.552797206677 1
33.176066678185 -2.471511100297 1
33.443615603010 -1.390224993917 1
33.711164527834 -0.308938887537 1
33.978713452658 0.772347218843 1
34.246262377482 1.853633325223 1
34.513811302306 2.934919431603 1
31.838322054065 -11.894147170180 1
32.105870978889 -10.812861063800 1
32.373419903713 -9.731574957420 1
32.640968828537 -8.650288851040 1
32.908517753361 -7.569002744660 1
33.176066678185 -6.487716638280 1
33.443615603010 -5.406430531900 1
33.711164527834 -4.325144425520 1
33.978713452658 -3.243858319140 1
34.246262377482 -2.162572212760 1
34.513811302306 -1.081286106380 1
32.908517753361 -11.585208282643 1
33.176066678185 -10.503922176263 1
33.443615603010 -9.422636069883 1
33.711164527834 -8.341349963503 1
33.978713452658 -7.260063857123 1
34.246262377482 -6.178777750743 1
34.513811302306 -5.097491644363 1
33.978713452658 -11.276269395106 1
34.246262377482 -10.194983288726 1
34.513811302306 -9.113697182346 1
