# Layer profile at T = 0.300000
# input   = perfect_Sigma21_theta21.7868deg.dat
# seed    = 1000032
# n_samples = 1000
# Lx = 73.894851  Ly = 18.284234
# columns : x rho coord psi6 psi4
0.615790 0.86861866 5.999591 0.910817 0.074478
1.847371 0.87106109 5.999184 0.911094 0.075072
3.078952 0.86977326 5.999081 0.910622 0.075529
4.310533 0.87270418 5.999491 0.911150 0.075209
5.542114 0.86488839 5.999281 0.911263 0.074958
6.773695 0.87057260 5.999388 0.911643 0.075041
8.005276 0.87754465 5.999292 0.912618 0.074553
9.236856 0.86484398 5.999384 0.911193 0.074520
10.468437 0.86999530 5.999183 0.911526 0.074735
11.700018 0.87132754 5.999286 0.910504 0.075036
12.931599 0.87425846 5.999441 0.910903 0.074599
14.163180 0.86733083 5.999181 0.911402 0.073906
15.394761 0.86937359 5.999336 0.911944 0.074295
16.626342 0.87443609 5.999289 0.912302 0.074771
17.857922 0.86959563 5.999183 0.911796 0.074342
19.089503 0.86639826 5.999282 0.911655 0.074882
20.321084 0.86999530 5.999439 0.911937 0.074630
21.552665 0.87550188 5.999442 0.911546 0.074520
22.784246 0.86959563 5.999285 0.911050 0.074846
24.015827 0.86586537 5.999487 0.912618 0.074407
25.247408 0.87048379 5.999337 0.910734 0.074637
26.478988 0.87590155 5.999392 0.911517 0.074656
27.710569 0.86924037 5.999438 0.910283 0.074734
28.942150 0.86590977 5.999333 0.912101 0.074544
30.173731 0.87461372 5.999086 0.912316 0.074582
31.405312 0.87292622 5.999084 0.910947 0.074528
32.636893 0.86693116 5.999283 0.910242 0.074929
33.868474 0.86750846 5.999130 0.911217 0.075096
35.100054 0.87665649 5.999190 0.912149 0.074560
36.331635 0.87052820 5.999337 0.910724 0.074710
37.563216 0.86417787 5.999640 0.910496 0.075418
38.794797 0.87186043 5.999389 0.911035 0.074666
40.026378 0.87683412 5.999443 0.911285 0.074312
41.257959 0.86781931 5.999591 0.911885 0.074028
42.489540 0.86755287 5.999130 0.911149 0.074744
43.721120 0.87159399 5.999236 0.912537 0.074703
44.952701 0.87403642 5.998933 0.913134 0.074119
46.184282 0.86675352 5.998924 0.912002 0.074622
47.415863 0.86990649 5.998979 0.910491 0.074933
48.647444 0.87274859 5.999186 0.911780 0.074759
49.879025 0.87101668 5.999439 0.912242 0.074218
51.110606 0.86653149 5.999385 0.911328 0.074655
52.342186 0.87137195 5.999337 0.911668 0.074731
53.573767 0.87514662 5.998985 0.912059 0.074725
54.805348 0.87154958 5.999185 0.911472 0.074806
56.036929 0.86484398 5.999127 0.910258 0.075172
57.268510 0.87043938 5.998623 0.910698 0.074874
58.500091 0.87292622 5.999084 0.910682 0.074751
59.731672 0.86999530 5.999132 0.910998 0.074483
60.963252 0.86493280 5.999384 0.911274 0.075073
62.194833 0.87363675 5.998933 0.910064 0.075360
63.426414 0.87376997 5.999492 0.910353 0.075360
64.657995 0.86746405 5.999386 0.911267 0.074961
65.889576 0.86706438 5.998976 0.911276 0.074810
67.121157 0.87416964 5.999086 0.911539 0.074690
68.352738 0.87079464 5.999082 0.911652 0.074851
69.584318 0.86790813 5.999284 0.909352 0.075234
70.815899 0.86870747 5.999233 0.910584 0.075112
72.047480 0.87319267 5.998830 0.911426 0.074856
73.279061 0.87057260 5.999439 0.910979 0.074962
