# Layer profile at T = 0.400000
# input   = bicrystal_Sigma21_theta21.7868deg.dat
# seed    = 6000824
# n_samples = 1000
# Lx = 79.957645  Ly = 19.784386
# columns : x rho coord psi6 psi4
0.666314 0.73043211 5.652872 0.626544 0.183756
1.998941 0.72773917 5.643717 0.628548 0.183486
3.331569 0.73642486 5.670169 0.635303 0.181216
4.664196 0.73964880 5.684324 0.639616 0.178038
5.996823 0.73733515 5.695679 0.643198 0.176662
7.329451 0.74139352 5.697959 0.645498 0.175317
8.662078 0.73991430 5.699969 0.649084 0.174113
9.994706 0.74397268 5.704257 0.652251 0.174453
11.327333 0.74249346 5.717460 0.653296 0.171045
12.659960 0.74598290 5.731137 0.653447 0.170301
13.992588 0.74768970 5.731446 0.656738 0.169563
15.325215 0.75205151 5.734719 0.655325 0.170249
16.657843 0.74575533 5.740667 0.650218 0.169922
17.990470 0.74628633 5.728654 0.650402 0.171115
19.323098 0.74287275 5.724446 0.657370 0.171208
20.655725 0.74662769 5.725781 0.654493 0.170331
21.988352 0.74719662 5.726599 0.651676 0.170754
23.320980 0.74423818 5.725614 0.649462 0.172512
24.653607 0.74207624 5.719499 0.650545 0.171817
25.986235 0.74723455 5.721740 0.648404 0.173327
27.318862 0.73949709 5.703442 0.647187 0.174791
28.651489 0.73505942 5.682095 0.641221 0.178323
29.984117 0.73422499 5.677136 0.642592 0.177428
31.316744 0.73399741 5.669078 0.639079 0.178248
32.649372 0.73399741 5.669750 0.634860 0.180820
33.981999 0.73938330 5.678260 0.639239 0.178719
35.314627 0.74006602 5.688961 0.637007 0.179886
36.647254 0.73555249 5.685557 0.640902 0.177957
37.979881 0.73980052 5.695975 0.642256 0.176871
39.312509 0.74048323 5.693541 0.640823 0.178383
40.645136 0.74351753 5.694588 0.636869 0.178083
41.977764 0.74127974 5.710244 0.643806 0.173952
43.310391 0.74351753 5.713003 0.642404 0.175225
44.643018 0.74734834 5.717672 0.644383 0.173662
45.975646 0.74135559 5.727054 0.648308 0.173017
47.308273 0.74875170 5.738109 0.649800 0.169409
48.640901 0.74727248 5.730332 0.650701 0.171678
49.973528 0.74693112 5.721322 0.653579 0.170735
51.306156 0.74010395 5.713063 0.651400 0.172580
52.638783 0.74226589 5.713286 0.650560 0.173765
53.971410 0.74727248 5.713785 0.647345 0.174407
55.304038 0.74059702 5.694049 0.643201 0.176247
56.636665 0.72990111 5.676886 0.642459 0.178346
57.969293 0.73301127 5.664493 0.638040 0.180788
59.301920 0.73809372 5.671737 0.639642 0.180082
60.634547 0.73596971 5.677747 0.642984 0.178580
61.967175 0.72982525 5.676385 0.641310 0.178222
63.299802 0.72845982 5.671457 0.641474 0.178348
64.632430 0.73316298 5.669684 0.640603 0.178718
65.965057 0.73505942 5.674252 0.640905 0.177741
67.297684 0.73593178 5.665413 0.645400 0.178456
68.630312 0.73122862 5.657970 0.647067 0.177937
69.962939 0.73263198 5.658366 0.644771 0.178703
71.295567 0.73236648 5.661039 0.643171 0.179710
72.628194 0.73107690 5.681816 0.641696 0.177149
73.960822 0.74306239 5.685417 0.640827 0.177673
75.293449 0.73873851 5.703496 0.642681 0.176454
76.626076 0.74389682 5.699383 0.638882 0.177259
77.958704 0.73801786 5.679361 0.637818 0.179692
79.291331 0.73657657 5.678424 0.633485 0.178774
