# Layer profile at T = 0.340000
# input   = bicrystal_Sigma21_theta21.7868deg.dat
# seed    = 3000815
# n_samples = 1000
# Lx = 74.366662  Ly = 18.400977
# columns : x rho coord psi6 psi4
0.619722 0.83917266 5.856419 0.854675 0.108809
1.859167 0.84382036 5.897948 0.863297 0.102217
3.098611 0.83904112 5.913514 0.868388 0.099642
4.338055 0.84925729 5.920956 0.867923 0.098505
5.577500 0.85171268 5.912021 0.863810 0.100244
6.816944 0.83969882 5.911023 0.863103 0.100095
8.056388 0.84702113 5.912569 0.864198 0.100330
9.295833 0.85022191 5.914187 0.867269 0.099514
10.535277 0.85114268 5.913662 0.866715 0.099676
11.774722 0.83790112 5.898535 0.869082 0.100427
13.014166 0.84623190 5.921295 0.873322 0.096239
14.253610 0.86271808 5.963814 0.881150 0.090151
15.493055 0.85543961 5.976576 0.884765 0.087041
16.732499 0.85381730 5.984029 0.884514 0.086571
17.971943 0.86061346 5.984869 0.884162 0.086604
19.211388 0.86561193 5.983842 0.883603 0.087179
20.450832 0.85241422 5.976699 0.876914 0.089532
21.690276 0.85245806 5.971814 0.872588 0.090337
22.929721 0.85864038 5.975438 0.875905 0.089492
24.169165 0.86254269 5.979972 0.878005 0.088405
25.408610 0.85346653 5.981968 0.878991 0.088404
26.648054 0.85697422 5.981018 0.877615 0.089301
27.887498 0.85925423 5.978007 0.875053 0.090287
29.126943 0.85820192 5.972973 0.872776 0.090681
30.366387 0.85079191 5.973201 0.873778 0.090747
31.605831 0.85872807 5.979729 0.878348 0.089188
32.845276 0.86416500 5.984423 0.880270 0.088021
34.084720 0.85517653 5.977492 0.876273 0.089701
35.324165 0.84798575 5.970683 0.873383 0.090580
36.563609 0.85912269 5.971012 0.873997 0.090317
37.803053 0.86280577 5.978809 0.879798 0.087822
39.042498 0.85522038 5.988362 0.884337 0.086428
40.281942 0.85688653 5.994883 0.886514 0.085348
41.521386 0.86508577 5.995945 0.886920 0.084807
42.760831 0.86381423 5.997411 0.886662 0.084300
44.000275 0.85771961 5.997035 0.887292 0.084460
45.239719 0.85714961 5.996726 0.888200 0.084628
46.479164 0.86434039 5.997565 0.889050 0.084706
47.718608 0.86482270 5.997161 0.888140 0.083613
48.958053 0.85215114 5.997427 0.887063 0.084358
50.197497 0.85951731 5.997653 0.887985 0.084591
51.436941 0.86526116 5.997618 0.887537 0.083889
52.676386 0.86017500 5.996738 0.886504 0.084764
53.915830 0.85675499 5.996725 0.886590 0.084565
55.155274 0.86197269 5.997558 0.888157 0.083970
56.394719 0.86469116 5.996450 0.886100 0.084567
57.634163 0.85754423 5.997801 0.887399 0.083939
58.873608 0.85745653 5.997034 0.888327 0.084563
60.113052 0.86451577 5.997312 0.886873 0.084626
61.352496 0.86157808 5.997099 0.886749 0.084464
62.591941 0.85657961 5.996878 0.886018 0.084679
63.831385 0.85771961 5.996371 0.885248 0.084462
65.070829 0.86320039 5.983898 0.884482 0.086605
66.310274 0.85657961 5.966421 0.882442 0.088727
67.549718 0.85263345 5.958398 0.881561 0.090738
68.789162 0.85508884 5.959850 0.878561 0.090847
70.028607 0.85627269 5.948743 0.870971 0.094418
71.268051 0.84653883 5.911742 0.861932 0.100631
72.507496 0.83044727 5.856125 0.849952 0.109400
73.746940 0.83220111 5.825395 0.846066 0.113730
