# Layer profile at T = 0.440000
# input   = bicrystal_Sigma21_theta21.7868deg.dat
# seed    = 8000830
# n_samples = 1000
# Lx = 96.156831  Ly = 23.792645
# columns : x rho coord psi6 psi4
0.801307 0.54977098 6.179984 0.464357 0.180238
2.403921 0.55286562 6.199658 0.468255 0.178668
4.006535 0.55257714 6.074086 0.474397 0.183772
5.609148 0.51274018 5.885581 0.483527 0.191603
7.211762 0.45147677 5.673424 0.499470 0.205966
8.814376 0.39393741 5.406032 0.518954 0.219603
10.416990 0.34180056 5.183074 0.531999 0.230057
12.019604 0.30442883 5.074862 0.548084 0.240338
13.622218 0.28604456 4.998900 0.550949 0.242935
15.224832 0.28544137 4.989893 0.556122 0.242218
16.827445 0.30046874 5.088505 0.550621 0.236301
18.430059 0.32247217 5.181522 0.547899 0.230807
20.032673 0.34124982 5.205964 0.538988 0.230029
21.635287 0.35848016 5.197308 0.533569 0.231536
23.237901 0.37911985 5.308038 0.519674 0.225767
24.840515 0.41302978 5.488920 0.512138 0.214327
26.443129 0.44374016 5.680260 0.499273 0.204261
28.045742 0.47636503 5.823993 0.492110 0.196226
29.648356 0.50033539 5.957281 0.487954 0.188476
31.250970 0.53605490 6.051566 0.479828 0.183268
32.853584 0.55693062 6.156574 0.473845 0.178368
34.456198 0.57329551 6.217612 0.465818 0.175389
36.058812 0.56631945 6.216912 0.469628 0.175552
37.661425 0.56545400 6.245350 0.471570 0.173439
39.264039 0.58572652 6.315125 0.468751 0.169868
40.866653 0.59272881 6.350161 0.466515 0.167450
42.469267 0.58785081 6.322061 0.465835 0.168999
44.071881 0.57337418 6.265837 0.462993 0.173076
45.674495 0.56490326 6.248375 0.466027 0.173716
47.277109 0.56524419 6.245209 0.467988 0.173215
48.879722 0.57227270 6.278493 0.466848 0.171818
50.482336 0.57801615 6.266425 0.469377 0.172938
52.084950 0.57174818 6.274712 0.465188 0.171323
53.687564 0.56634567 6.229590 0.468651 0.172940
55.290178 0.55942207 6.196803 0.472620 0.174953
56.892792 0.55194772 6.193338 0.474332 0.174935
58.495406 0.56125787 6.169478 0.476215 0.177150
60.098019 0.56427384 6.170664 0.474710 0.175822
61.700633 0.56062845 6.185012 0.474542 0.175784
63.303247 0.54701728 6.153227 0.478631 0.175963
64.905861 0.54373905 6.138234 0.486181 0.175574
66.508475 0.54274247 6.133221 0.481629 0.176283
68.111089 0.54827611 6.166412 0.480225 0.174666
69.713702 0.56414271 6.204779 0.476794 0.172846
71.316316 0.57481660 6.249247 0.470085 0.173309
72.918930 0.57822595 6.294494 0.465776 0.171219
74.521544 0.57751786 6.317243 0.467666 0.169937
76.124158 0.57421341 6.302718 0.468087 0.171190
77.726772 0.58069117 6.279514 0.470827 0.170865
79.329386 0.58008798 6.302862 0.464381 0.169085
80.931999 0.58066495 6.294115 0.470019 0.169310
82.534613 0.56810280 6.248454 0.472211 0.172466
84.137227 0.55184282 6.212622 0.474760 0.175066
85.739841 0.53775958 6.185028 0.474343 0.176897
87.342455 0.52302069 6.161911 0.475320 0.178284
88.945069 0.51352696 6.134263 0.477993 0.180004
90.547683 0.50801954 6.085747 0.478421 0.182892
92.150296 0.51287131 6.059879 0.478987 0.185202
93.752910 0.51995227 6.080954 0.475780 0.185190
95.355524 0.53678922 6.130985 0.469382 0.180924
