# Layer profile at T = 0.300000
# input   = bicrystal_Sigma21_theta21.7868deg.dat
# seed    = 1000809
# n_samples = 1000
# Lx = 74.059288  Ly = 18.324921
# columns : x rho coord psi6 psi4
0.617161 0.84363287 5.843779 0.825821 0.116479
1.851482 0.82882221 5.797994 0.795139 0.128371
3.085804 0.82992749 5.784626 0.791915 0.131652
4.320125 0.83465805 5.811166 0.803899 0.124405
5.554447 0.83987494 5.886614 0.846709 0.106597
6.788768 0.85892985 5.950381 0.882146 0.090043
8.023089 0.87281208 5.985361 0.901508 0.080595
9.257411 0.86463306 5.996881 0.908629 0.076596
10.491732 0.86211304 5.999026 0.909816 0.076382
11.726054 0.87334261 5.999190 0.910462 0.075139
12.960375 0.87259103 5.999088 0.910082 0.075583
14.194697 0.86175935 5.998923 0.911019 0.075370
15.429018 0.86790467 5.998981 0.911157 0.075353
16.663340 0.87303314 5.999291 0.910647 0.075637
17.897661 0.86728572 5.999439 0.910539 0.074970
19.131983 0.86507517 5.999591 0.911442 0.074938
20.366304 0.87073417 5.999594 0.910896 0.074871
21.600626 0.86790467 5.999592 0.911057 0.075708
22.834947 0.86945205 5.999339 0.910340 0.075257
24.069268 0.86671098 5.999592 0.910282 0.074700
25.303590 0.87183944 5.999442 0.911330 0.075172
26.537911 0.87281208 5.999392 0.911042 0.074957
27.772233 0.86242252 5.999539 0.910845 0.074973
29.006554 0.86560570 5.999847 0.910992 0.075046
30.240876 0.87652580 5.999546 0.911811 0.075012
31.475197 0.87060154 5.999187 0.912272 0.074776
32.709519 0.86224567 5.999282 0.909856 0.075397
33.943840 0.87307735 5.998937 0.909401 0.075641
35.178162 0.87024785 5.991872 0.905631 0.077705
36.412483 0.85976986 5.968530 0.893012 0.083835
37.646805 0.85601193 5.944427 0.877666 0.090261
38.881126 0.85808985 5.928178 0.870780 0.095217
40.115447 0.84995503 5.907516 0.856751 0.101046
41.349769 0.84672764 5.882884 0.844861 0.106210
42.584090 0.84814239 5.889543 0.846653 0.104345
43.818412 0.85212137 5.923991 0.867038 0.096230
45.052733 0.85791300 5.945993 0.879243 0.090732
46.287055 0.85910670 5.958007 0.883583 0.088078
47.521376 0.86264357 5.967251 0.888110 0.085347
48.755698 0.86410253 5.964953 0.887579 0.085545
49.990019 0.85950459 5.965177 0.890512 0.085494
51.224341 0.85804563 5.957234 0.886821 0.086432
52.458662 0.85976986 5.955212 0.884416 0.087465
53.692984 0.85477403 5.948847 0.881311 0.089127
54.927305 0.85906249 5.945294 0.880297 0.088672
56.161626 0.87144154 5.970118 0.895413 0.082754
57.395948 0.86803730 5.992462 0.907683 0.077566
58.630269 0.86432359 5.998721 0.911126 0.075081
59.864591 0.86954047 5.999085 0.911026 0.075088
61.098912 0.87360788 5.999494 0.911087 0.075119
62.333234 0.86560570 5.999336 0.910809 0.075257
63.567555 0.86573834 5.999438 0.910065 0.075279
64.801877 0.87316577 5.999595 0.912598 0.074803
66.036198 0.87228155 5.999645 0.911680 0.075106
67.270520 0.85985828 5.999023 0.909748 0.075933
68.504841 0.87144154 5.999036 0.909401 0.076003
69.739163 0.87630475 5.998083 0.908932 0.076235
70.973484 0.86268778 5.989853 0.906344 0.078556
72.207805 0.85808985 5.965428 0.892788 0.085478
73.442127 0.85234242 5.907983 0.863078 0.099391
