# Layer profile at T = 0.360000
# input   = bicrystal_Sigma21_theta21.7868deg.dat
# seed    = 4000818
# n_samples = 1000
# Lx = 75.019295  Ly = 18.562462
# columns : x rho coord psi6 psi4
0.625161 0.82200706 5.839553 0.792344 0.125947
1.875482 0.81946495 5.837058 0.788209 0.128297
3.125804 0.82640190 5.852294 0.797457 0.125181
4.376126 0.82890092 5.872024 0.806992 0.120609
5.626447 0.83049513 5.885603 0.815417 0.117703
6.876769 0.83114143 5.891654 0.824439 0.114516
8.127090 0.83540701 5.904379 0.828139 0.111312
9.377412 0.83687195 5.920404 0.835852 0.107677
10.627734 0.84100827 5.938880 0.844496 0.103304
11.878055 0.84398125 5.947825 0.850540 0.101288
13.128377 0.84230087 5.954627 0.856052 0.098883
14.378698 0.84613558 5.962318 0.858912 0.097336
15.629020 0.84639410 5.966809 0.857286 0.097039
16.879341 0.84604941 5.969087 0.857063 0.096688
18.129663 0.84587706 5.976314 0.860177 0.094817
19.379985 0.85109055 5.984357 0.865326 0.093044
20.630306 0.84592015 5.988591 0.866864 0.092293
21.880628 0.84928091 5.991375 0.868735 0.091674
23.130949 0.85264167 5.994290 0.871571 0.090518
24.381271 0.85535612 5.994509 0.871915 0.089624
25.631593 0.84613558 5.995264 0.871636 0.090118
26.881914 0.85169376 5.994334 0.871048 0.089709
28.132236 0.85272784 5.994189 0.872499 0.090103
29.382557 0.85173685 5.991552 0.868601 0.091261
30.632879 0.84630793 5.989563 0.866771 0.091912
31.883201 0.85221080 5.983872 0.866599 0.093559
33.133522 0.84540311 5.973192 0.862503 0.095127
34.383844 0.84333495 5.951872 0.852191 0.100209
35.634165 0.83777677 5.918844 0.834690 0.108082
36.884487 0.82881475 5.882460 0.815811 0.117368
38.134808 0.82571251 5.858693 0.802142 0.122625
39.385130 0.82127459 5.845549 0.794007 0.127478
40.635452 0.82493695 5.844197 0.790270 0.126903
41.885773 0.82045594 5.848178 0.787812 0.127894
43.136095 0.82769450 5.856897 0.794955 0.124729
44.386416 0.82769450 5.876471 0.806395 0.120142
45.636738 0.83476071 5.895737 0.822243 0.114864
46.887060 0.83545009 5.913925 0.831963 0.110172
48.137381 0.83437293 5.922231 0.838173 0.108043
49.387703 0.84057740 5.917730 0.843903 0.105683
50.638024 0.83247711 5.922571 0.846635 0.105039
51.888346 0.84251630 5.941137 0.851206 0.101566
53.138668 0.84561854 5.958575 0.856300 0.098257
54.388989 0.84492916 5.969658 0.859502 0.096392
55.639311 0.84691114 5.971866 0.860746 0.095516
56.889632 0.85005647 5.975417 0.859453 0.095510
58.139954 0.84544619 5.977321 0.861875 0.094072
59.390275 0.84643719 5.974497 0.867822 0.093510
60.640597 0.84966869 5.965720 0.866104 0.094722
61.890919 0.84544619 5.965447 0.867661 0.095200
63.141240 0.84432594 5.969994 0.866257 0.093513
64.391562 0.84945325 5.976718 0.866253 0.093996
65.641883 0.85065968 5.974219 0.862123 0.094517
66.892205 0.84260248 5.969063 0.861460 0.095891
68.142527 0.84492916 5.962264 0.855390 0.098002
69.392848 0.84501533 5.954467 0.849305 0.101097
70.643170 0.84182692 5.943034 0.842884 0.102789
71.893491 0.83351119 5.929026 0.833781 0.107692
73.143813 0.83493305 5.900815 0.821939 0.113989
74.394135 0.82881475 5.871803 0.809170 0.120482
