# Layer profile at T = 0.360000
# input   = perfect_Sigma21_theta21.7868deg.dat
# seed    = 4000041
# n_samples = 1000
# Lx = 74.630356  Ly = 18.466224
# columns : x rho coord psi6 psi4
0.621920 0.85393303 5.994392 0.873733 0.089119
1.865759 0.85737245 5.993805 0.873070 0.089465
3.109598 0.85327998 5.992908 0.871353 0.089618
4.353437 0.85127728 5.993198 0.873055 0.089808
5.597277 0.85467316 5.994855 0.874477 0.089247
6.841116 0.85193033 5.993612 0.872721 0.089413
8.084955 0.85253985 5.993719 0.873212 0.089415
9.328794 0.85132081 5.994221 0.873816 0.088798
10.572634 0.85449901 5.993326 0.875234 0.089302
11.816473 0.85515206 5.994094 0.873916 0.089524
13.060312 0.85240924 5.994075 0.873600 0.089154
14.304151 0.85201741 5.993153 0.874317 0.089494
15.547991 0.85380242 5.994034 0.873657 0.089343
16.791830 0.85275753 5.993261 0.874485 0.089174
18.035669 0.85245277 5.994484 0.873545 0.089657
19.279509 0.85384596 5.993932 0.874656 0.089228
20.523348 0.85136435 5.994119 0.873413 0.089616
21.767187 0.85580512 5.994608 0.873992 0.088983
23.011026 0.85132081 5.994375 0.872374 0.089514
24.254866 0.85179972 5.993100 0.873334 0.089877
25.498705 0.85415071 5.994087 0.872932 0.089651
26.742544 0.85397657 5.993882 0.873536 0.088955
27.986383 0.85188679 5.993867 0.874681 0.089551
29.230223 0.85423779 5.994598 0.874426 0.089636
30.474062 0.85267046 5.995558 0.875471 0.089264
31.717901 0.85615341 5.995017 0.875068 0.089153
32.961740 0.84997117 5.993290 0.874036 0.089388
34.205580 0.85497792 5.993838 0.874443 0.089575
35.449419 0.85341059 5.994490 0.873278 0.089439
36.693258 0.85040654 5.993754 0.874035 0.089204
37.937097 0.85563097 5.993538 0.873053 0.089390
39.180937 0.85371535 5.993676 0.873708 0.089736
40.424776 0.85280107 5.994589 0.874291 0.089241
41.668615 0.85314937 5.993417 0.874473 0.089737
42.912454 0.85550036 5.993791 0.874575 0.088854
44.156294 0.85493438 5.994551 0.874216 0.089140
45.400133 0.85071130 5.994268 0.875377 0.089004
46.643972 0.85375888 5.993983 0.876358 0.088590
47.887812 0.85319290 5.994693 0.875218 0.088718
49.131651 0.85619695 5.995068 0.875721 0.088487
50.375490 0.85349766 5.994797 0.874235 0.089299
51.619329 0.85306229 5.995356 0.874008 0.088899
52.863169 0.85502145 5.994450 0.875367 0.088556
54.107008 0.85415071 5.994342 0.875548 0.088704
55.350847 0.85175618 5.994173 0.874798 0.089095
56.594686 0.85406364 5.994291 0.875333 0.088814
57.838526 0.85550036 5.993537 0.874126 0.089515
59.082365 0.85384596 5.995309 0.872496 0.089739
60.326204 0.85301875 5.993824 0.873436 0.089303
61.570043 0.85023239 5.994111 0.872897 0.089503
62.813883 0.85663232 5.994206 0.874349 0.089646
64.057722 0.85079837 5.993757 0.875549 0.089071
65.301561 0.85375888 5.993320 0.873161 0.089187
66.545400 0.85284461 5.993619 0.872619 0.089728
67.789240 0.85580512 5.994251 0.872969 0.089463
69.033079 0.84940519 5.993952 0.873860 0.089630
70.276918 0.85375888 5.994442 0.873057 0.089731
71.520757 0.85489084 5.994398 0.873038 0.089895
72.764597 0.85519560 5.993891 0.873902 0.089187
74.008436 0.84718481 5.993730 0.874212 0.089127
