# Layer profile at T = 0.380000
# input   = perfect_Sigma21_theta21.7868deg.dat
# seed    = 5000044
# n_samples = 1000
# Lx = 75.047911  Ly = 18.569542
# columns : x rho coord psi6 psi4
0.625399 0.84148645 5.989153 0.857902 0.094997
1.876198 0.84635153 5.988453 0.857061 0.095573
3.126996 0.84432800 5.990312 0.857575 0.095103
4.377795 0.84260585 5.990036 0.859353 0.094927
5.628593 0.84303638 5.989020 0.857345 0.094954
6.879392 0.84833200 5.988073 0.856437 0.095677
8.130190 0.83864490 5.989579 0.856839 0.095772
9.380989 0.84424189 5.989801 0.855269 0.096406
10.631787 0.84441411 5.988681 0.854924 0.096417
11.882586 0.84523213 5.988030 0.856798 0.095960
13.133384 0.84316555 5.988409 0.854304 0.096364
14.384183 0.84131423 5.988076 0.855354 0.096074
15.634981 0.84579183 5.987020 0.855137 0.095784
16.885780 0.84471548 5.987156 0.854065 0.096191
18.136578 0.84053926 5.986273 0.853427 0.096617
19.387377 0.84338081 5.986931 0.854912 0.096001
20.638175 0.84359608 5.988313 0.855798 0.096084
21.888974 0.84273501 5.988148 0.855026 0.096095
23.139772 0.84096980 5.988174 0.853928 0.096784
24.390571 0.84320860 5.988614 0.855071 0.096188
25.641369 0.84596404 5.989923 0.853531 0.095812
26.892168 0.84234752 5.988142 0.857544 0.095920
28.142967 0.84170172 5.987980 0.859025 0.094917
29.393765 0.84940835 5.988697 0.857936 0.095497
30.644564 0.83937681 5.987895 0.855589 0.095765
31.895362 0.84109896 5.987561 0.854191 0.096138
33.146161 0.84531824 5.987827 0.855441 0.095703
34.396959 0.84497380 5.988179 0.856151 0.096209
35.647758 0.84251974 5.989167 0.856337 0.095363
36.898556 0.84346692 5.987903 0.855810 0.096402
38.149355 0.84325165 5.988767 0.856985 0.095613
39.400153 0.84557656 5.988697 0.858177 0.095454
40.650952 0.84295028 5.989019 0.858575 0.094647
41.901750 0.84480159 5.988584 0.855173 0.096148
43.152549 0.84286417 5.987536 0.855186 0.095614
44.403347 0.84652374 5.988811 0.856745 0.095763
45.654146 0.84432800 5.989190 0.857970 0.095541
46.904944 0.84333776 5.988871 0.856718 0.095786
48.155743 0.84217531 5.989520 0.855424 0.095822
49.406541 0.84264890 5.989475 0.856530 0.094866
50.657340 0.84742787 5.990042 0.857058 0.095492
51.908138 0.84432800 5.987813 0.855125 0.095438
53.158937 0.84350998 5.988465 0.858280 0.095458
54.409735 0.84338081 5.988514 0.857893 0.095186
55.660534 0.84712649 5.988666 0.856037 0.095544
56.911332 0.84096980 5.987150 0.854513 0.095728
58.162131 0.84592099 5.988956 0.857553 0.094848
59.412929 0.84850422 5.989953 0.859341 0.094209
60.663728 0.84161561 5.990536 0.858392 0.095008
61.914526 0.84454327 5.988479 0.858338 0.094594
63.165325 0.84424189 5.989138 0.857462 0.095391
64.416123 0.84389746 5.989898 0.858003 0.095360
65.666922 0.84540434 5.990171 0.857050 0.095085
66.917720 0.84002262 5.988776 0.857324 0.095001
68.168519 0.84738482 5.989280 0.858724 0.094690
69.419317 0.84058232 5.989398 0.855719 0.095617
70.670116 0.84480159 5.989705 0.856054 0.095549
71.920914 0.84359608 5.989282 0.857890 0.094692
73.171713 0.84557656 5.989613 0.858765 0.095678
74.422511 0.84570572 5.989920 0.857980 0.094522
