# Layer profile at T = 0.400000
# input   = perfect_Sigma21_theta21.7868deg.dat
# seed    = 6000047
# n_samples = 1000
# Lx = 75.518851  Ly = 18.686070
# columns : x rho coord psi6 psi4
0.629324 0.83089648 5.979378 0.834770 0.103136
1.887971 0.83055634 5.976503 0.834297 0.103875
3.146619 0.83344759 5.981022 0.832452 0.104007
4.405266 0.83297989 5.980195 0.834939 0.103283
5.663914 0.83502078 5.979683 0.834627 0.102989
6.922561 0.83047130 5.979623 0.836059 0.103031
8.181209 0.83366019 5.982047 0.837770 0.102301
9.439856 0.83408537 5.979813 0.834352 0.103134
10.698504 0.83306493 5.978155 0.832651 0.104687
11.957151 0.83034374 5.981207 0.834287 0.103303
13.215799 0.83340508 5.980154 0.834243 0.103447
14.474446 0.83540345 5.978776 0.832704 0.103815
15.733094 0.83149174 5.980671 0.833710 0.103476
16.991742 0.83527589 5.978315 0.833752 0.103494
18.250389 0.83034374 5.979569 0.833071 0.104347
19.509037 0.83400033 5.977211 0.832183 0.104697
20.767684 0.83327752 5.979182 0.832372 0.103669
22.026332 0.83323500 5.979538 0.834362 0.103875
23.284979 0.83102404 5.978358 0.832533 0.103215
24.543627 0.83293737 5.979684 0.832589 0.103458
25.802274 0.83225708 5.977726 0.834575 0.103412
27.060922 0.83212952 5.977773 0.834860 0.102905
28.319569 0.83429796 5.979054 0.833482 0.103270
29.578217 0.83072641 5.979732 0.833717 0.103505
30.836864 0.83272478 5.978453 0.833599 0.104493
32.095512 0.83383026 5.981796 0.836282 0.102301
33.354159 0.83497826 5.980293 0.837191 0.102646
34.612807 0.83489322 5.980291 0.837460 0.102253
35.871454 0.83195945 5.980631 0.835396 0.102917
37.130102 0.83263974 5.979115 0.834428 0.103114
38.388749 0.83548848 5.977863 0.829912 0.104367
39.647397 0.82911071 5.977077 0.830690 0.104653
40.906044 0.83314996 5.979025 0.834146 0.103651
42.164692 0.83536093 5.979590 0.833786 0.103824
43.423339 0.83170434 5.982925 0.834721 0.102560
44.681987 0.83455308 5.983391 0.835647 0.101676
45.940635 0.83633885 5.981901 0.837018 0.102086
47.199282 0.83306493 5.980912 0.835989 0.102396
48.457930 0.83357515 5.978373 0.835547 0.102556
49.716577 0.83408537 5.977316 0.836093 0.103227
50.975225 0.83268226 5.978911 0.834606 0.102768
52.233872 0.83170434 5.980267 0.834294 0.103299
53.492520 0.83748685 5.982078 0.833864 0.102775
54.751167 0.83468063 5.980490 0.835910 0.102754
56.009815 0.83451056 5.979773 0.836692 0.102605
57.268462 0.83225708 5.983294 0.836772 0.102047
58.527110 0.83361767 5.981791 0.836280 0.101865
59.785757 0.83650893 5.980838 0.837334 0.102693
61.044405 0.83357515 5.982045 0.838399 0.102512
62.303052 0.83531841 5.980200 0.836482 0.102709
63.561700 0.83340508 5.981123 0.835655 0.102218
64.820347 0.83374522 5.981590 0.835211 0.103097
66.078995 0.83582863 5.980873 0.837859 0.101886
67.337642 0.83446804 5.980383 0.839105 0.102068
68.596290 0.83229959 5.981507 0.837296 0.102204
69.854937 0.83272478 5.979832 0.834243 0.102785
71.113585 0.83217204 5.979052 0.834560 0.104006
72.372232 0.83629633 5.979308 0.834949 0.102802
73.630880 0.83085397 5.979888 0.836573 0.103053
74.889528 0.83582863 5.978889 0.834692 0.102867
