# Layer profile at T = 0.280000
# input   = bicrystal_Sigma21_theta21.7868deg.dat
# seed    = 806
# n_samples = 1000
# Lx = 73.792797  Ly = 18.258982
# columns : x rho coord psi6 psi4
0.614940 0.86478857 5.938877 0.883246 0.089001
1.844820 0.86607996 5.938712 0.886296 0.088198
3.074700 0.85677302 5.936383 0.881920 0.088912
4.304580 0.86086985 5.939220 0.885862 0.087904
5.534460 0.86959790 5.949662 0.889764 0.085862
6.764340 0.86545653 5.951531 0.892886 0.085043
7.994220 0.85254259 5.929486 0.881581 0.090358
9.224100 0.85499179 5.904219 0.862597 0.097950
10.453980 0.86652527 5.910735 0.872872 0.093815
11.683860 0.86162688 5.951367 0.893901 0.084199
12.913740 0.86336358 5.984217 0.912910 0.075917
14.143620 0.88509462 5.999044 0.919576 0.071968
15.373499 0.88099779 5.999747 0.920126 0.071224
16.603379 0.86331905 5.999742 0.919756 0.071653
17.833259 0.86977602 5.999846 0.919458 0.071165
19.063139 0.88607430 5.999849 0.921474 0.070429
20.293019 0.87449629 5.999644 0.920853 0.070775
21.522899 0.86790572 5.999743 0.921060 0.070713
22.752779 0.87556503 5.999847 0.920076 0.071170
23.982659 0.88291261 5.999849 0.919995 0.071315
25.212539 0.86919712 5.999795 0.920460 0.071047
26.442419 0.86763854 6.000000 0.920370 0.071141
27.672299 0.88224465 5.999899 0.920956 0.070732
28.902179 0.87966186 5.999443 0.921659 0.070805
30.132059 0.86621355 5.998355 0.919505 0.071317
31.361939 0.87186897 5.990040 0.915525 0.073464
32.591819 0.87903843 5.979635 0.907663 0.076835
33.821699 0.86465497 5.970438 0.902878 0.080052
35.051579 0.85565975 5.946916 0.888169 0.086948
36.281459 0.86260656 5.908936 0.864520 0.096981
37.511339 0.85062777 5.871270 0.848143 0.105463
38.741219 0.84621921 5.868021 0.843528 0.108200
39.971099 0.85125120 5.876439 0.848857 0.105386
41.200979 0.85004886 5.873435 0.848148 0.105458
42.430859 0.84746608 5.891230 0.853634 0.101249
43.660738 0.86256203 5.931182 0.881696 0.090687
44.890618 0.87373926 5.969879 0.900810 0.080567
46.120498 0.87293771 5.987196 0.913019 0.075120
47.350378 0.86928618 5.998207 0.918487 0.072358
48.580258 0.87774704 5.999645 0.920340 0.070935
49.810138 0.87520878 5.999746 0.920572 0.071142
51.040018 0.87387285 5.999541 0.920489 0.071335
52.269898 0.87106741 5.999591 0.921003 0.070792
53.499778 0.87721267 5.999695 0.920253 0.071074
54.729658 0.87471894 5.999542 0.921175 0.070520
55.959538 0.87347208 5.999796 0.920788 0.070248
57.189418 0.87405098 5.999847 0.919999 0.071056
58.419298 0.87770251 5.999696 0.920561 0.071221
59.649178 0.87534237 5.999644 0.920416 0.071104
60.879058 0.86950883 5.999437 0.920704 0.071292
62.108938 0.87721267 5.999797 0.919796 0.071428
63.338818 0.87636658 5.999949 0.920683 0.071075
64.568698 0.87298224 5.999694 0.920722 0.071609
65.798578 0.87186897 5.998621 0.918943 0.071922
67.028458 0.87663377 5.993092 0.915690 0.073717
68.258338 0.87155725 5.974402 0.907001 0.077820
69.488218 0.86220578 5.956461 0.893295 0.083106
70.718098 0.86612449 5.942982 0.887466 0.087339
71.947978 0.86140422 5.928815 0.875965 0.090291
73.177857 0.85312149 5.931465 0.878662 0.090995
