# Layer profile at T = 0.420000
# input   = perfect_Sigma21_theta21.7868deg.dat
# seed    = 7000050
# n_samples = 1000
# Lx = 82.603885  Ly = 20.439161
# columns : x rho coord psi6 psi4
0.688366 0.69266275 5.646709 0.591666 0.189692
2.065097 0.70417692 5.645016 0.595081 0.190755
3.441829 0.69589667 5.659075 0.594671 0.187859
4.818560 0.69710495 5.652070 0.591997 0.189078
6.195291 0.68747427 5.627552 0.595165 0.191396
7.572023 0.69045942 5.632714 0.593669 0.190174
8.948754 0.68519986 5.635237 0.595189 0.189497
10.325486 0.69888183 5.637700 0.593506 0.190907
11.702217 0.69124125 5.639967 0.594175 0.190161
13.078949 0.69170324 5.626079 0.595129 0.191533
14.455680 0.69195200 5.635150 0.596081 0.190747
15.832411 0.70222236 5.658553 0.597394 0.188414
17.209143 0.70620256 5.679901 0.595770 0.188186
18.585874 0.70243558 5.683851 0.598127 0.184787
19.962606 0.70911665 5.688083 0.601384 0.183614
21.339337 0.70161822 5.700755 0.598902 0.183714
22.716068 0.70712654 5.695949 0.603809 0.184822
24.092800 0.70673563 5.691356 0.602848 0.183003
25.469531 0.70908111 5.684960 0.603979 0.183207
26.846263 0.70005457 5.681811 0.601622 0.185377
28.222994 0.70012564 5.675803 0.597565 0.185041
29.599726 0.70698439 5.681713 0.600155 0.184987
30.976457 0.70975632 5.694723 0.603209 0.183123
32.353188 0.70367940 5.682996 0.597558 0.183430
33.729920 0.70463891 5.678182 0.598103 0.186849
35.106651 0.70151161 5.687285 0.599230 0.184836
36.483383 0.70328848 5.670541 0.593954 0.186011
37.860114 0.70463891 5.678283 0.597918 0.185656
39.236846 0.69394210 5.662570 0.601968 0.186168
40.613577 0.69770909 5.647074 0.601706 0.186974
41.990308 0.69749586 5.651653 0.600266 0.186929
43.367040 0.69873968 5.653748 0.600180 0.188393
44.743771 0.70261327 5.677204 0.598756 0.185563
46.120503 0.70648687 5.676610 0.599897 0.186372
47.497234 0.69937935 5.676270 0.599982 0.185483
48.873966 0.70296865 5.668925 0.596118 0.186791
50.250697 0.69991242 5.661640 0.598604 0.187166
51.627428 0.70136946 5.657732 0.595693 0.187798
53.004160 0.69639420 5.629210 0.599285 0.190974
54.380891 0.68871808 5.626058 0.595020 0.190988
55.757623 0.68655029 5.624877 0.595694 0.189851
57.134354 0.68914453 5.638769 0.599217 0.190798
58.511085 0.69778016 5.651133 0.600011 0.188735
59.887817 0.69607436 5.635983 0.594891 0.190786
61.264548 0.68765195 5.637726 0.596235 0.190288
62.641280 0.68527094 5.629674 0.600368 0.188828
64.018011 0.68580400 5.614261 0.597745 0.189816
65.394743 0.68246347 5.590919 0.597732 0.192656
66.771474 0.67414768 5.599262 0.599068 0.192247
68.148205 0.67510719 5.605148 0.594233 0.193099
69.524937 0.67734606 5.607398 0.594146 0.191659
70.901668 0.68054444 5.609243 0.595143 0.192290
72.278400 0.69536361 5.627281 0.597069 0.189895
73.655131 0.69973473 5.644236 0.597976 0.188829
75.031863 0.69841984 5.656388 0.596893 0.189145
76.408594 0.70286203 5.656891 0.599848 0.188849
77.785325 0.70478106 5.657473 0.595433 0.187728
79.162057 0.69308920 5.656104 0.597366 0.187805
80.538788 0.69827769 5.650059 0.594982 0.187684
81.915520 0.69006851 5.645535 0.593209 0.189789
