# Layer profile at T = 0.320000
# input   = perfect_Sigma21_theta21.7868deg.dat
# seed    = 2000035
# n_samples = 1000
# Lx = 74.076331  Ly = 18.329138
# columns : x rho coord psi6 psi4
0.617303 0.86891945 5.998322 0.901010 0.078722
1.851908 0.86343981 5.998209 0.901584 0.079129
3.086514 0.86432362 5.998108 0.900667 0.079548
4.321119 0.86838916 5.998473 0.899879 0.079004
5.555725 0.86984745 5.997917 0.900649 0.079665
6.790330 0.86127447 5.997896 0.900300 0.078881
8.024936 0.86640058 5.998827 0.899169 0.079302
9.259541 0.86564934 5.998673 0.900401 0.079128
10.494147 0.87121736 5.998529 0.901241 0.078683
11.728752 0.86198152 5.998257 0.899755 0.078991
12.963358 0.86379334 5.998926 0.901841 0.078493
14.197963 0.86953811 5.998526 0.901115 0.078157
15.432569 0.86940554 5.998933 0.901375 0.079113
16.667174 0.86304210 5.998771 0.899987 0.078993
17.901780 0.86861011 5.998575 0.900918 0.078571
19.136385 0.86397010 5.998466 0.900372 0.078923
20.370991 0.86587030 5.998877 0.900364 0.079475
21.605597 0.86666573 5.998878 0.900615 0.078710
22.840202 0.86891945 5.998678 0.901488 0.079142
24.074808 0.86308629 5.998413 0.902056 0.078929
25.309413 0.86949392 5.998679 0.899940 0.079255
26.544019 0.86617963 5.998980 0.900414 0.079057
27.778624 0.86640058 5.998827 0.900959 0.079391
29.013230 0.86472134 5.998416 0.901290 0.079113
30.247835 0.86525163 5.998774 0.901411 0.078904
31.482441 0.86436782 5.998620 0.900088 0.079526
32.717046 0.86865430 5.998270 0.901228 0.079607
33.951652 0.86679830 5.998624 0.900994 0.079383
35.186257 0.86290953 5.998566 0.899971 0.079230
36.420863 0.86595868 5.998520 0.900495 0.078865
37.655468 0.87139412 5.998834 0.900792 0.079115
38.890074 0.86525163 5.998723 0.900116 0.079099
40.124679 0.86100933 5.998409 0.902192 0.078933
41.359285 0.87174764 5.998631 0.902473 0.078668
42.593890 0.86790306 5.998523 0.899735 0.079408
43.828496 0.85955104 5.998406 0.899409 0.079494
45.063101 0.86617963 5.998163 0.900250 0.078887
46.297707 0.87002421 5.999137 0.901618 0.078873
47.532312 0.86834497 5.999084 0.901696 0.078839
48.766918 0.86123028 5.998922 0.901084 0.078956
50.001523 0.86635639 5.999031 0.898980 0.078790
51.236129 0.86821240 5.998524 0.899715 0.079268
52.470734 0.86542839 5.998672 0.900949 0.079623
53.705340 0.86379334 5.998465 0.900540 0.079399
54.939945 0.86617963 5.998418 0.900149 0.079593
56.174551 0.86896364 5.998525 0.900354 0.079562
57.409156 0.86485391 5.998672 0.900795 0.079263
58.643762 0.86286534 5.998464 0.901720 0.078746
59.878367 0.86763792 5.997912 0.900140 0.079333
61.112973 0.86706344 5.998369 0.899725 0.079399
62.347578 0.86361658 5.998414 0.899587 0.079929
63.582184 0.86626801 5.999082 0.900776 0.079126
64.816790 0.86701925 5.998930 0.900825 0.079076
66.051395 0.86494229 5.999183 0.900937 0.078700
67.286001 0.86662154 5.998623 0.901362 0.078563
68.520606 0.86914040 5.998576 0.900243 0.078920
69.755212 0.86609125 5.998571 0.899774 0.079514
70.989817 0.86246762 5.998565 0.899811 0.079258
72.224423 0.86587030 5.998316 0.900707 0.079421
73.459028 0.86701925 5.998420 0.900897 0.079290
