# Layer profile at T = 0.440000
# input   = perfect_Sigma21_theta21.7868deg.dat
# seed    = 8000053
# n_samples = 1000
# Lx = 96.913839  Ly = 23.979956
# columns : x rho coord psi6 psi4
0.807615 0.53563923 6.012291 0.493153 0.182775
2.422846 0.53907298 6.002155 0.497909 0.180883
4.038077 0.53842754 6.021865 0.497580 0.181456
5.653307 0.53254111 6.001988 0.501243 0.179803
7.268538 0.51903847 6.000149 0.499566 0.180190
8.883769 0.51955482 5.954582 0.502979 0.184189
10.498999 0.51668906 5.882876 0.503354 0.187490
12.114230 0.50375440 5.817241 0.507439 0.191794
13.729461 0.47982142 5.765886 0.505916 0.194982
15.344691 0.46915873 5.714066 0.510576 0.198305
16.959922 0.46892637 5.693443 0.505650 0.201038
18.575152 0.46443409 5.684029 0.515502 0.200688
20.190383 0.45730841 5.702027 0.515731 0.198949
21.805614 0.44569046 5.703122 0.510366 0.202140
23.420844 0.46234286 5.725151 0.514492 0.198989
25.036075 0.48475260 5.813432 0.511342 0.190953
26.651306 0.50535510 5.889343 0.509418 0.186595
28.266536 0.50953756 5.940363 0.503916 0.184767
29.881767 0.52017444 5.968980 0.502082 0.183216
31.496998 0.52066498 5.997025 0.499200 0.182947
33.112228 0.51947737 5.962079 0.498001 0.183787
34.727459 0.51346185 5.864491 0.502289 0.189780
36.342690 0.49231718 5.825738 0.502707 0.191834
37.957920 0.47388336 5.799128 0.501584 0.197477
39.573151 0.45694697 5.754336 0.504929 0.199269
41.188382 0.44202435 5.691373 0.509483 0.204158
42.803612 0.44251489 5.671120 0.510344 0.204091
44.418843 0.43027731 5.641966 0.513590 0.205460
46.034073 0.40838393 5.579403 0.519576 0.206291
47.649304 0.40776430 5.523933 0.521702 0.206719
49.264535 0.41966625 5.512458 0.530894 0.209242
50.879765 0.43115511 5.598623 0.529898 0.200996
52.494996 0.43982985 5.690362 0.527705 0.194257
54.110227 0.44964057 5.768431 0.523495 0.189344
55.725457 0.46975253 5.782852 0.523810 0.188316
57.340688 0.49977848 5.857837 0.515850 0.184606
58.955919 0.52541543 5.983932 0.504154 0.179597
60.571149 0.55841042 6.104212 0.495043 0.174053
62.186380 0.57364284 6.197084 0.490307 0.168635
63.801611 0.57650860 6.234617 0.487657 0.168063
65.416841 0.57152579 6.226634 0.486123 0.169360
67.032072 0.57534681 6.235495 0.487446 0.168797
68.647303 0.57875474 6.226391 0.490663 0.167991
70.262533 0.57002837 6.217628 0.488788 0.169391
71.877764 0.56804041 6.201209 0.486398 0.172728
73.492994 0.56749824 6.198444 0.488883 0.172370
75.108225 0.56390958 6.177914 0.484823 0.172647
76.723456 0.55510575 6.122180 0.490336 0.177325
78.338686 0.54591466 6.085221 0.490477 0.178392
79.953917 0.54359107 6.051959 0.491820 0.180789
81.569148 0.53584577 6.040183 0.489569 0.181525
83.184378 0.52564779 6.031974 0.486250 0.182669
84.799609 0.52288530 6.022515 0.490248 0.183575
86.414840 0.51893520 6.022040 0.488887 0.182796
88.030070 0.52112970 5.990785 0.491227 0.185110
89.645301 0.51405566 5.985385 0.488034 0.187606
91.260532 0.51485600 5.976181 0.489881 0.186228
92.875762 0.51139644 5.971729 0.490662 0.187114
94.490993 0.51501091 5.955685 0.495598 0.186470
96.106224 0.51836721 5.972507 0.495876 0.184882
