# Layer profile at T = 0.320000
# input   = bicrystal_Sigma21_theta21.7868deg.dat
# seed    = 2000812
# n_samples = 1000
# Lx = 74.140670  Ly = 18.345058
# columns : x rho coord psi6 psi4
0.617839 0.86128017 5.963737 0.877584 0.089415
1.853517 0.85951561 5.971258 0.883335 0.087040
3.089195 0.86216244 5.975645 0.886230 0.086209
4.324872 0.86291238 5.973263 0.883881 0.086767
5.560550 0.85920681 5.965703 0.878874 0.089525
6.796228 0.85713346 5.947658 0.870733 0.093459
8.031906 0.85281029 5.930219 0.860357 0.097715
9.267584 0.85333966 5.916667 0.855080 0.100306
10.503262 0.84659023 5.912459 0.854389 0.101575
11.738939 0.84795776 5.909479 0.848833 0.103183
12.974617 0.85400137 5.909913 0.853296 0.102203
14.210295 0.85497187 5.927558 0.864737 0.097256
15.445973 0.85179567 5.942928 0.878902 0.091936
16.681651 0.85903036 5.960253 0.886344 0.088406
17.917329 0.86313295 5.958959 0.889541 0.087514
19.153006 0.85506010 5.944229 0.889319 0.088612
20.388684 0.84685491 5.939782 0.890704 0.089082
21.624362 0.85633941 5.943179 0.889042 0.088735
22.860040 0.86388289 5.952612 0.886672 0.088497
24.095718 0.85426605 5.959360 0.882368 0.089796
25.331396 0.85470719 5.936619 0.870424 0.095194
26.567074 0.85488365 5.919397 0.855404 0.100322
27.802751 0.85042814 5.919494 0.852311 0.101191
29.038429 0.85064871 5.934709 0.861823 0.097094
30.274107 0.85545713 5.955858 0.873274 0.092281
31.509785 0.86577978 5.957964 0.874465 0.091533
32.745463 0.85691289 5.957272 0.871087 0.092421
33.981141 0.85585415 5.952941 0.873145 0.092148
35.216818 0.85276618 5.936682 0.867525 0.095507
36.452496 0.85144276 5.922646 0.858892 0.098637
37.688174 0.85122219 5.923922 0.858370 0.099186
38.923852 0.85783928 5.919109 0.869217 0.096950
40.159530 0.84945763 5.922673 0.883587 0.094119
41.395208 0.86317706 5.941739 0.891159 0.089016
42.630885 0.86145662 5.978083 0.895679 0.083531
43.866563 0.86467694 5.984593 0.895877 0.082326
45.102241 0.86569156 5.990369 0.897879 0.081295
46.337919 0.86829428 5.991261 0.897471 0.081237
47.573597 0.86154485 5.987762 0.898293 0.081109
48.809275 0.86516219 5.985570 0.898108 0.081983
50.044952 0.86754434 5.983677 0.898649 0.081466
51.280630 0.86207422 5.983574 0.899282 0.081521
52.516308 0.86410346 5.990606 0.899909 0.080088
53.751986 0.87032352 5.997973 0.900120 0.080063
54.987664 0.86692675 5.998728 0.900411 0.080073
56.223342 0.86763257 5.998831 0.898765 0.079627
57.459019 0.86595624 5.999083 0.899984 0.079052
58.694697 0.86688263 5.999288 0.900322 0.078991
59.930375 0.86767668 5.998373 0.899435 0.079887
61.166053 0.86939713 5.998376 0.899641 0.079198
62.401731 0.86454460 5.997704 0.897926 0.080127
63.637409 0.86772080 5.998983 0.898554 0.080306
64.873087 0.86692675 5.999237 0.900183 0.079286
66.108764 0.86533865 5.998726 0.900149 0.079532
67.344442 0.86851485 5.999187 0.900831 0.079454
68.580120 0.86988238 5.999189 0.900094 0.079087
69.815798 0.86661795 5.999186 0.899526 0.079629
71.051476 0.86542687 5.998471 0.898304 0.080404
72.287154 0.86622092 5.990833 0.894893 0.082201
73.522831 0.86392700 5.973703 0.886067 0.086102
