# Layer profile at T = 0.420000
# input   = bicrystal_Sigma21_theta21.7868deg.dat
# seed    = 7000827
# n_samples = 1000
# Lx = 81.751894  Ly = 20.228348
# columns : x rho coord psi6 psi4
0.681266 0.72560672 5.711236 0.596341 0.183708
2.043797 0.71983785 5.671673 0.595672 0.187382
3.406329 0.70746564 5.659777 0.598570 0.186864
4.768861 0.70086229 5.645287 0.598254 0.189640
6.131392 0.71033193 5.640668 0.596974 0.189080
7.493924 0.71530259 5.650723 0.591982 0.189174
8.856455 0.71011424 5.641631 0.588396 0.192559
10.218987 0.70739308 5.636149 0.590264 0.191004
11.581518 0.70361973 5.632290 0.593126 0.190780
12.944050 0.70325691 5.636021 0.596021 0.189937
14.306582 0.70764705 5.642945 0.593296 0.189317
15.669113 0.70938860 5.653437 0.592339 0.189301
17.031645 0.71526630 5.672821 0.592954 0.187502
18.394176 0.71853170 5.676631 0.595364 0.187607
19.756708 0.71842285 5.692086 0.594486 0.186443
21.119239 0.72564300 5.717000 0.595836 0.182534
22.481771 0.72506248 5.723929 0.601047 0.181415
23.844303 0.72673146 5.720469 0.596282 0.183559
25.206834 0.72462710 5.707340 0.595894 0.183976
26.569366 0.72219619 5.690379 0.593138 0.185409
27.931897 0.70819128 5.668528 0.592261 0.188288
29.294429 0.69400496 5.649571 0.590445 0.189916
30.656960 0.71069475 5.640188 0.590057 0.191007
32.019492 0.71512117 5.665094 0.589180 0.190425
33.382024 0.71588310 5.679895 0.588529 0.188004
34.744555 0.71686272 5.680484 0.588157 0.186327
36.107087 0.71142040 5.670594 0.591075 0.188283
37.469618 0.71305309 5.671806 0.589123 0.188305
38.832150 0.71809631 5.690784 0.587727 0.184909
40.194681 0.72038209 5.693881 0.588963 0.186776
41.557213 0.71980157 5.687535 0.590142 0.187395
42.919745 0.71639105 5.676982 0.590546 0.187289
44.282276 0.70256755 5.646302 0.587987 0.190067
45.644808 0.69219086 5.619038 0.591249 0.191552
47.007339 0.68562379 5.602900 0.598677 0.191591
48.369871 0.68649456 5.612494 0.593551 0.193194
49.732402 0.68874405 5.610599 0.590715 0.192035
51.094934 0.69719779 5.603507 0.594086 0.193716
52.457466 0.70234986 5.628319 0.591225 0.190998
53.819997 0.70525243 5.658864 0.586596 0.189039
55.182529 0.71145668 5.658473 0.594279 0.188267
56.545060 0.70655859 5.622009 0.594668 0.190691
57.907592 0.68442648 5.602311 0.593355 0.191971
59.270123 0.66338283 5.573890 0.597702 0.196001
60.632655 0.66069795 5.530093 0.598714 0.197146
61.995187 0.65177254 5.552383 0.597467 0.196296
63.357718 0.67546479 5.572971 0.594851 0.195903
64.720250 0.69799600 5.597983 0.594821 0.192797
66.082781 0.70151537 5.629997 0.589579 0.191873
67.445313 0.70202332 5.641118 0.591961 0.191243
68.807844 0.71316194 5.650285 0.591829 0.190515
70.170376 0.71454066 5.656596 0.593467 0.189342
71.532908 0.71171065 5.659717 0.590119 0.189625
72.895439 0.70898949 5.661839 0.593750 0.188104
74.257971 0.71388758 5.664109 0.590484 0.189806
75.620502 0.72339351 5.697663 0.595346 0.185147
76.983034 0.71903965 5.713493 0.591997 0.183533
78.345565 0.72284927 5.710485 0.593001 0.185387
79.708097 0.72560672 5.715436 0.593818 0.184338
81.070629 0.72401030 5.715510 0.597925 0.181815
