# Layer profile at T = 0.340000
# input   = perfect_Sigma21_theta21.7868deg.dat
# seed    = 3000038
# n_samples = 1000
# Lx = 74.488313  Ly = 18.431078
# columns : x rho coord psi6 psi4
0.620736 0.85483291 5.996575 0.887248 0.083788
1.862208 0.85339070 5.996979 0.888040 0.084469
3.103680 0.85837286 5.997047 0.888038 0.083937
4.345152 0.85832916 5.997251 0.888438 0.083792
5.586624 0.85395884 5.997032 0.888081 0.083745
6.828095 0.85408995 5.997186 0.887181 0.084051
8.069567 0.85915951 5.997355 0.887349 0.083604
9.311039 0.85631881 5.998061 0.888928 0.083913
10.552511 0.85636252 5.998214 0.889541 0.082943
11.793983 0.85583808 5.997804 0.889557 0.083613
13.035455 0.85653733 5.997041 0.888976 0.083583
14.276927 0.85867878 5.997201 0.888489 0.084409
15.518399 0.85461439 5.998006 0.887196 0.084243
16.759871 0.85623141 5.996989 0.887967 0.084470
18.001342 0.85850397 5.996233 0.886975 0.084631
19.242814 0.85793583 5.996332 0.887729 0.084060
20.484286 0.85177369 5.997229 0.886717 0.084208
21.725758 0.85771731 5.996994 0.887143 0.084464
22.967230 0.85846026 5.996487 0.888025 0.084502
24.208702 0.85448328 5.995908 0.886358 0.084625
25.450174 0.85710547 5.996635 0.886884 0.084272
26.691646 0.85513883 5.997394 0.887583 0.083315
27.933118 0.85780472 5.996994 0.888086 0.083626
29.174589 0.85457069 5.997085 0.887420 0.084250
30.416061 0.85618770 5.996580 0.887246 0.084023
31.657533 0.85347811 5.995596 0.888874 0.083367
32.899005 0.85784842 5.996383 0.888936 0.084266
34.140477 0.85784842 5.996638 0.888196 0.083832
35.381949 0.85422106 5.997340 0.889989 0.083940
36.623421 0.85557586 5.996578 0.889047 0.083652
37.864893 0.85640622 5.996530 0.887649 0.084090
39.106365 0.86025209 5.997053 0.886865 0.084366
40.347836 0.85426477 5.996265 0.886591 0.084310
41.589308 0.85269145 5.996464 0.886699 0.084682
42.830780 0.85824175 5.996690 0.886288 0.084851
44.072252 0.85719287 5.996788 0.887385 0.084267
45.313724 0.85457069 5.995909 0.886843 0.084288
46.555196 0.85723658 5.996533 0.886962 0.084260
47.796668 0.85920322 5.996592 0.886409 0.084313
49.038140 0.85658103 5.996684 0.888657 0.083798
50.279612 0.85610030 5.996733 0.889184 0.083937
51.521083 0.85531364 5.996832 0.888637 0.083685
52.762555 0.85762991 5.996739 0.888579 0.083876
54.004027 0.85623141 5.996580 0.889178 0.083463
55.245499 0.85653733 5.997398 0.889380 0.083769
56.486971 0.85832916 5.997301 0.889796 0.083080
57.728443 0.85719287 5.996890 0.889601 0.083443
58.969915 0.85907211 5.997762 0.889390 0.083471
60.211387 0.85640622 5.997499 0.888639 0.084027
61.452859 0.85675584 5.997041 0.888382 0.083987
62.694330 0.85330330 5.997439 0.887885 0.083591
63.935802 0.86134467 5.997818 0.887215 0.083693
65.177274 0.85470180 5.997750 0.889149 0.083887
66.418746 0.85548845 5.996679 0.889500 0.083403
67.660218 0.86239354 5.996655 0.889443 0.083867
68.901690 0.85500772 5.996882 0.888905 0.083539
70.143162 0.85811064 5.996842 0.888761 0.084240
71.384634 0.85505142 5.997291 0.888123 0.083854
72.626106 0.85872248 5.996946 0.888535 0.083421
73.867577 0.85915951 5.996083 0.888651 0.083627
