# Layer profile at T = 0.280000
# input   = perfect_Sigma21_theta21.7868deg.dat
# seed    = 29
# n_samples = 1000
# Lx = 73.705005  Ly = 18.237259
# columns : x rho coord psi6 psi4
0.614208 0.87814311 5.999492 0.920896 0.070747
1.842625 0.86805516 5.999640 0.919976 0.070818
3.071042 0.87015309 5.999744 0.920711 0.070655
4.299459 0.88425838 5.999899 0.921566 0.070552
5.527875 0.87680400 5.999695 0.921350 0.070473
6.756292 0.86560012 5.999845 0.921223 0.070677
7.984709 0.87988395 5.999442 0.921636 0.070616
9.213126 0.87957150 5.999645 0.921755 0.070387
10.441542 0.87171539 5.999846 0.920893 0.070866
11.669959 0.86961745 5.999949 0.920675 0.070594
12.898376 0.87827702 5.999898 0.921517 0.070365
14.126793 0.87818775 5.999695 0.919944 0.070946
15.355209 0.87042092 5.999795 0.920132 0.070549
16.583626 0.87421506 5.999796 0.920510 0.070938
17.812043 0.87791993 5.999797 0.921649 0.070642
19.040460 0.87662546 5.999644 0.921305 0.070697
20.268876 0.87046555 5.999692 0.921270 0.070778
21.497293 0.87550953 5.999796 0.922140 0.070491
22.725710 0.87747356 5.999847 0.921185 0.070899
23.954127 0.87684864 5.999847 0.921041 0.070953
25.182543 0.86992991 5.999641 0.921211 0.070512
26.410960 0.87631300 5.999745 0.919980 0.070273
27.639377 0.87809848 5.999695 0.920857 0.070724
28.867793 0.87220640 5.999693 0.920992 0.070991
30.096210 0.87167075 5.999437 0.920239 0.070734
31.324627 0.87644691 5.999694 0.921052 0.070490
32.553044 0.87791993 5.999746 0.921107 0.070611
33.781460 0.87234031 5.999693 0.921088 0.070770
35.009877 0.87055483 5.999282 0.921411 0.070252
36.238294 0.87733965 5.999695 0.921170 0.070483
37.466711 0.88153552 5.999899 0.922246 0.070424
38.695127 0.86823370 5.999794 0.922367 0.070496
39.923544 0.87256349 5.999642 0.921934 0.069837
41.151961 0.88064278 5.999848 0.922231 0.070223
42.380378 0.87832166 5.999644 0.921418 0.070614
43.608794 0.86850153 5.999794 0.921006 0.070472
44.837211 0.87385796 5.999847 0.920571 0.070764
46.065628 0.88033032 5.999797 0.921253 0.070741
47.294045 0.87497389 5.999694 0.921721 0.070464
48.522461 0.87073338 5.999641 0.921902 0.070167
49.750878 0.87475070 5.999439 0.922258 0.070157
50.979295 0.88028569 5.999797 0.921709 0.069690
52.207712 0.87376869 5.999745 0.922056 0.069542
53.436128 0.86966209 5.999538 0.921768 0.070676
54.664545 0.87916976 5.999645 0.921195 0.070741
55.892962 0.87751819 5.999746 0.921289 0.070801
57.121379 0.86943890 5.999897 0.922049 0.070123
58.349795 0.87390260 5.999796 0.921400 0.070601
59.578212 0.87934831 5.999898 0.921082 0.070617
60.806629 0.87573272 5.999490 0.920845 0.070597
62.035046 0.87024237 5.999744 0.920985 0.070807
63.263462 0.87443824 5.999592 0.921425 0.070790
64.491879 0.87983932 5.999797 0.921164 0.070133
65.720296 0.87216176 5.999693 0.921243 0.070137
66.948713 0.87153684 5.999641 0.920166 0.070581
68.177129 0.87577735 5.999745 0.920462 0.070697
69.405546 0.88224971 5.999545 0.920898 0.071043
70.633963 0.87064410 5.999897 0.920646 0.071318
71.862380 0.87019773 5.999590 0.919322 0.071036
73.090796 0.88015178 5.999797 0.921424 0.070972
