# Layer profile at T = 0.380000
# input   = bicrystal_Sigma21_theta21.7868deg.dat
# seed    = 5000821
# n_samples = 1000
# Lx = 74.978474  Ly = 18.552361
# columns : x rho coord psi6 psi4
0.624821 0.84507303 5.939516 0.832094 0.107236
1.874462 0.83942253 5.953497 0.838590 0.104036
3.124103 0.84317515 5.959740 0.842262 0.102640
4.373744 0.84904132 5.963981 0.842974 0.101854
5.623386 0.84584943 5.966650 0.842807 0.100999
6.873027 0.84209681 5.963786 0.842100 0.101945
8.122668 0.84364962 5.949231 0.838908 0.104032
9.372309 0.84382216 5.936871 0.838478 0.105757
10.621950 0.84037147 5.941231 0.837670 0.105443
11.871592 0.84149294 5.939618 0.839352 0.105107
13.121233 0.83946567 5.930685 0.834977 0.107387
14.370874 0.83929313 5.926046 0.832536 0.108665
15.620515 0.83726585 5.921591 0.829093 0.110014
16.870157 0.83817166 5.913545 0.823497 0.111919
18.119798 0.83821479 5.904184 0.822195 0.113782
19.369439 0.83441904 5.910675 0.822749 0.112795
20.619080 0.83441904 5.907728 0.823061 0.112455
21.868722 0.83890493 5.920202 0.829360 0.110258
23.118363 0.84127728 5.924118 0.831839 0.109583
24.368004 0.84050087 5.930052 0.836400 0.107924
25.617645 0.84162234 5.942087 0.836534 0.106420
26.867286 0.84063027 5.945200 0.838613 0.104968
28.116928 0.84188115 5.929962 0.836009 0.107988
29.366569 0.83618751 5.905963 0.828178 0.112708
30.616210 0.82820780 5.887714 0.822228 0.115835
31.865851 0.83312503 5.884908 0.811117 0.117390
33.115493 0.83416024 5.881483 0.808281 0.119147
34.365134 0.82790587 5.884808 0.809998 0.117809
35.614775 0.83045075 5.891082 0.811667 0.117058
36.864416 0.83623065 5.909630 0.817851 0.114403
38.114058 0.83722272 5.926121 0.823355 0.111083
39.363699 0.83976760 5.935333 0.826449 0.108498
40.613340 0.83903433 5.933066 0.828760 0.108686
41.862981 0.83791286 5.933079 0.829975 0.108526
43.112622 0.83903433 5.935482 0.832358 0.107824
44.362264 0.84429663 5.951313 0.836990 0.104577
45.611905 0.84356336 5.959912 0.842756 0.102276
46.861546 0.84865312 5.962084 0.846421 0.101290
48.111187 0.84455543 5.955107 0.846189 0.101054
49.360829 0.83959507 5.938197 0.843428 0.104393
50.610470 0.84037147 5.932711 0.842421 0.105568
51.860111 0.84619450 5.940565 0.844661 0.104463
53.109752 0.84209681 5.947447 0.842808 0.103104
54.359394 0.84183801 5.942819 0.844010 0.103727
55.609035 0.84352022 5.945183 0.847167 0.103558
56.858676 0.84429663 5.942117 0.845729 0.103484
58.108317 0.84218308 5.943252 0.845251 0.102955
59.357959 0.84244188 5.953049 0.847266 0.101985
60.607600 0.84822178 5.968574 0.847478 0.099940
61.857241 0.84757478 5.975369 0.849066 0.099394
63.106882 0.84554750 5.967250 0.847157 0.100380
64.356523 0.84399469 5.960290 0.848611 0.101013
65.606165 0.84727284 5.961615 0.847869 0.100964
66.855806 0.84731598 5.968285 0.851139 0.100045
68.105447 0.84597884 5.964003 0.849925 0.100415
69.355088 0.84231248 5.961747 0.847459 0.100646
70.604730 0.84701404 5.957529 0.843675 0.102961
71.854371 0.84235562 5.957858 0.841883 0.103412
73.104012 0.84382216 5.948934 0.838217 0.104750
74.353653 0.84196741 5.938627 0.832739 0.107351
