# Density profile (accumulated) at T = 0.340000
# columns : x rho
0.620736 0.85483291
1.862208 0.85339070
3.103680 0.85837286
4.345152 0.85832916
5.586624 0.85395884
6.828095 0.85408995
8.069567 0.85915951
9.311039 0.85631881
10.552511 0.85636252
11.793983 0.85583808
13.035455 0.85653733
14.276927 0.85867878
15.518399 0.85461439
16.759871 0.85623141
18.001342 0.85850397
19.242814 0.85793583
20.484286 0.85177369
21.725758 0.85771731
22.967230 0.85846026
24.208702 0.85448328
25.450174 0.85710547
26.691646 0.85513883
27.933118 0.85780472
29.174589 0.85457069
30.416061 0.85618770
31.657533 0.85347811
32.899005 0.85784842
34.140477 0.85784842
35.381949 0.85422106
36.623421 0.85557586
37.864893 0.85640622
39.106365 0.86025209
40.347836 0.85426477
41.589308 0.85269145
42.830780 0.85824175
44.072252 0.85719287
45.313724 0.85457069
46.555196 0.85723658
47.796668 0.85920322
49.038140 0.85658103
50.279612 0.85610030
51.521083 0.85531364
52.762555 0.85762991
54.004027 0.85623141
55.245499 0.85653733
56.486971 0.85832916
57.728443 0.85719287
58.969915 0.85907211
60.211387 0.85640622
61.452859 0.85675584
62.694330 0.85330330
63.935802 0.86134467
65.177274 0.85470180
66.418746 0.85548845
67.660218 0.86239354
68.901690 0.85500772
70.143162 0.85811064
71.384634 0.85505142
72.626106 0.85872248
73.867577 0.85915951
