# Density profile (accumulated) at T = 0.340000
# columns : x rho
0.619722 0.83917266
1.859167 0.84382036
3.098611 0.83904112
4.338055 0.84925729
5.577500 0.85171268
6.816944 0.83969882
8.056388 0.84702113
9.295833 0.85022191
10.535277 0.85114268
11.774722 0.83790112
13.014166 0.84623190
14.253610 0.86271808
15.493055 0.85543961
16.732499 0.85381730
17.971943 0.86061346
19.211388 0.86561193
20.450832 0.85241422
21.690276 0.85245806
22.929721 0.85864038
24.169165 0.86254269
25.408610 0.85346653
26.648054 0.85697422
27.887498 0.85925423
29.126943 0.85820192
30.366387 0.85079191
31.605831 0.85872807
32.845276 0.86416500
34.084720 0.85517653
35.324165 0.84798575
36.563609 0.85912269
37.803053 0.86280577
39.042498 0.85522038
40.281942 0.85688653
41.521386 0.86508577
42.760831 0.86381423
44.000275 0.85771961
45.239719 0.85714961
46.479164 0.86434039
47.718608 0.86482270
48.958053 0.85215114
50.197497 0.85951731
51.436941 0.86526116
52.676386 0.86017500
53.915830 0.85675499
55.155274 0.86197269
56.394719 0.86469116
57.634163 0.85754423
58.873608 0.85745653
60.113052 0.86451577
61.352496 0.86157808
62.591941 0.85657961
63.831385 0.85771961
65.070829 0.86320039
66.310274 0.85657961
67.549718 0.85263345
68.789162 0.85508884
70.028607 0.85627269
71.268051 0.84653883
72.507496 0.83044727
73.746940 0.83220111
