# Density profile (accumulated) at T = 0.420000
# columns : x rho
0.688366 0.69266275
2.065097 0.70417692
3.441829 0.69589667
4.818560 0.69710495
6.195291 0.68747427
7.572023 0.69045942
8.948754 0.68519986
10.325486 0.69888183
11.702217 0.69124125
13.078949 0.69170324
14.455680 0.69195200
15.832411 0.70222236
17.209143 0.70620256
18.585874 0.70243558
19.962606 0.70911665
21.339337 0.70161822
22.716068 0.70712654
24.092800 0.70673563
25.469531 0.70908111
26.846263 0.70005457
28.222994 0.70012564
29.599726 0.70698439
30.976457 0.70975632
32.353188 0.70367940
33.729920 0.70463891
35.106651 0.70151161
36.483383 0.70328848
37.860114 0.70463891
39.236846 0.69394210
40.613577 0.69770909
41.990308 0.69749586
43.367040 0.69873968
44.743771 0.70261327
46.120503 0.70648687
47.497234 0.69937935
48.873966 0.70296865
50.250697 0.69991242
51.627428 0.70136946
53.004160 0.69639420
54.380891 0.68871808
55.757623 0.68655029
57.134354 0.68914453
58.511085 0.69778016
59.887817 0.69607436
61.264548 0.68765195
62.641280 0.68527094
64.018011 0.68580400
65.394743 0.68246347
66.771474 0.67414768
68.148205 0.67510719
69.524937 0.67734606
70.901668 0.68054444
72.278400 0.69536361
73.655131 0.69973473
75.031863 0.69841984
76.408594 0.70286203
77.785325 0.70478106
79.162057 0.69308920
80.538788 0.69827769
81.915520 0.69006851
