# Density profile (accumulated) at T = 0.440000
# columns : x rho
0.807615 0.53563923
2.422846 0.53907298
4.038077 0.53842754
5.653307 0.53254111
7.268538 0.51903847
8.883769 0.51955482
10.498999 0.51668906
12.114230 0.50375440
13.729461 0.47982142
15.344691 0.46915873
16.959922 0.46892637
18.575152 0.46443409
20.190383 0.45730841
21.805614 0.44569046
23.420844 0.46234286
25.036075 0.48475260
26.651306 0.50535510
28.266536 0.50953756
29.881767 0.52017444
31.496998 0.52066498
33.112228 0.51947737
34.727459 0.51346185
36.342690 0.49231718
37.957920 0.47388336
39.573151 0.45694697
41.188382 0.44202435
42.803612 0.44251489
44.418843 0.43027731
46.034073 0.40838393
47.649304 0.40776430
49.264535 0.41966625
50.879765 0.43115511
52.494996 0.43982985
54.110227 0.44964057
55.725457 0.46975253
57.340688 0.49977848
58.955919 0.52541543
60.571149 0.55841042
62.186380 0.57364284
63.801611 0.57650860
65.416841 0.57152579
67.032072 0.57534681
68.647303 0.57875474
70.262533 0.57002837
71.877764 0.56804041
73.492994 0.56749824
75.108225 0.56390958
76.723456 0.55510575
78.338686 0.54591466
79.953917 0.54359107
81.569148 0.53584577
83.184378 0.52564779
84.799609 0.52288530
86.414840 0.51893520
88.030070 0.52112970
89.645301 0.51405566
91.260532 0.51485600
92.875762 0.51139644
94.490993 0.51501091
96.106224 0.51836721
