# Density profile (accumulated) at T = 0.360000
# columns : x rho
0.621920 0.85393303
1.865759 0.85737245
3.109598 0.85327998
4.353437 0.85127728
5.597277 0.85467316
6.841116 0.85193033
8.084955 0.85253985
9.328794 0.85132081
10.572634 0.85449901
11.816473 0.85515206
13.060312 0.85240924
14.304151 0.85201741
15.547991 0.85380242
16.791830 0.85275753
18.035669 0.85245277
19.279509 0.85384596
20.523348 0.85136435
21.767187 0.85580512
23.011026 0.85132081
24.254866 0.85179972
25.498705 0.85415071
26.742544 0.85397657
27.986383 0.85188679
29.230223 0.85423779
30.474062 0.85267046
31.717901 0.85615341
32.961740 0.84997117
34.205580 0.85497792
35.449419 0.85341059
36.693258 0.85040654
37.937097 0.85563097
39.180937 0.85371535
40.424776 0.85280107
41.668615 0.85314937
42.912454 0.85550036
44.156294 0.85493438
45.400133 0.85071130
46.643972 0.85375888
47.887812 0.85319290
49.131651 0.85619695
50.375490 0.85349766
51.619329 0.85306229
52.863169 0.85502145
54.107008 0.85415071
55.350847 0.85175618
56.594686 0.85406364
57.838526 0.85550036
59.082365 0.85384596
60.326204 0.85301875
61.570043 0.85023239
62.813883 0.85663232
64.057722 0.85079837
65.301561 0.85375888
66.545400 0.85284461
67.789240 0.85580512
69.033079 0.84940519
70.276918 0.85375888
71.520757 0.85489084
72.764597 0.85519560
74.008436 0.84718481
