# Density profile (accumulated) at T = 0.380000
# columns : x rho
0.624821 0.84507303
1.874462 0.83942253
3.124103 0.84317515
4.373744 0.84904132
5.623386 0.84584943
6.873027 0.84209681
8.122668 0.84364962
9.372309 0.84382216
10.621950 0.84037147
11.871592 0.84149294
13.121233 0.83946567
14.370874 0.83929313
15.620515 0.83726585
16.870157 0.83817166
18.119798 0.83821479
19.369439 0.83441904
20.619080 0.83441904
21.868722 0.83890493
23.118363 0.84127728
24.368004 0.84050087
25.617645 0.84162234
26.867286 0.84063027
28.116928 0.84188115
29.366569 0.83618751
30.616210 0.82820780
31.865851 0.83312503
33.115493 0.83416024
34.365134 0.82790587
35.614775 0.83045075
36.864416 0.83623065
38.114058 0.83722272
39.363699 0.83976760
40.613340 0.83903433
41.862981 0.83791286
43.112622 0.83903433
44.362264 0.84429663
45.611905 0.84356336
46.861546 0.84865312
48.111187 0.84455543
49.360829 0.83959507
50.610470 0.84037147
51.860111 0.84619450
53.109752 0.84209681
54.359394 0.84183801
55.609035 0.84352022
56.858676 0.84429663
58.108317 0.84218308
59.357959 0.84244188
60.607600 0.84822178
61.857241 0.84757478
63.106882 0.84554750
64.356523 0.84399469
65.606165 0.84727284
66.855806 0.84731598
68.105447 0.84597884
69.355088 0.84231248
70.604730 0.84701404
71.854371 0.84235562
73.104012 0.84382216
74.353653 0.84196741
