# Density profile (accumulated) at T = 0.300000
# columns : x rho
0.617161 0.84363287
1.851482 0.82882221
3.085804 0.82992749
4.320125 0.83465805
5.554447 0.83987494
6.788768 0.85892985
8.023089 0.87281208
9.257411 0.86463306
10.491732 0.86211304
11.726054 0.87334261
12.960375 0.87259103
14.194697 0.86175935
15.429018 0.86790467
16.663340 0.87303314
17.897661 0.86728572
19.131983 0.86507517
20.366304 0.87073417
21.600626 0.86790467
22.834947 0.86945205
24.069268 0.86671098
25.303590 0.87183944
26.537911 0.87281208
27.772233 0.86242252
29.006554 0.86560570
30.240876 0.87652580
31.475197 0.87060154
32.709519 0.86224567
33.943840 0.87307735
35.178162 0.87024785
36.412483 0.85976986
37.646805 0.85601193
38.881126 0.85808985
40.115447 0.84995503
41.349769 0.84672764
42.584090 0.84814239
43.818412 0.85212137
45.052733 0.85791300
46.287055 0.85910670
47.521376 0.86264357
48.755698 0.86410253
49.990019 0.85950459
51.224341 0.85804563
52.458662 0.85976986
53.692984 0.85477403
54.927305 0.85906249
56.161626 0.87144154
57.395948 0.86803730
58.630269 0.86432359
59.864591 0.86954047
61.098912 0.87360788
62.333234 0.86560570
63.567555 0.86573834
64.801877 0.87316577
66.036198 0.87228155
67.270520 0.85985828
68.504841 0.87144154
69.739163 0.87630475
70.973484 0.86268778
72.207805 0.85808985
73.442127 0.85234242
