# Density profile (accumulated) at T = 0.400000
# columns : x rho
0.666314 0.73043211
1.998941 0.72773917
3.331569 0.73642486
4.664196 0.73964880
5.996823 0.73733515
7.329451 0.74139352
8.662078 0.73991430
9.994706 0.74397268
11.327333 0.74249346
12.659960 0.74598290
13.992588 0.74768970
15.325215 0.75205151
16.657843 0.74575533
17.990470 0.74628633
19.323098 0.74287275
20.655725 0.74662769
21.988352 0.74719662
23.320980 0.74423818
24.653607 0.74207624
25.986235 0.74723455
27.318862 0.73949709
28.651489 0.73505942
29.984117 0.73422499
31.316744 0.73399741
32.649372 0.73399741
33.981999 0.73938330
35.314627 0.74006602
36.647254 0.73555249
37.979881 0.73980052
39.312509 0.74048323
40.645136 0.74351753
41.977764 0.74127974
43.310391 0.74351753
44.643018 0.74734834
45.975646 0.74135559
47.308273 0.74875170
48.640901 0.74727248
49.973528 0.74693112
51.306156 0.74010395
52.638783 0.74226589
53.971410 0.74727248
55.304038 0.74059702
56.636665 0.72990111
57.969293 0.73301127
59.301920 0.73809372
60.634547 0.73596971
61.967175 0.72982525
63.299802 0.72845982
64.632430 0.73316298
65.965057 0.73505942
67.297684 0.73593178
68.630312 0.73122862
69.962939 0.73263198
71.295567 0.73236648
72.628194 0.73107690
73.960822 0.74306239
75.293449 0.73873851
76.626076 0.74389682
77.958704 0.73801786
79.291331 0.73657657
