# Density profile (accumulated) at T = 0.280000
# columns : x rho
0.614208 0.87814311
1.842625 0.86805516
3.071042 0.87015309
4.299459 0.88425838
5.527875 0.87680400
6.756292 0.86560012
7.984709 0.87988395
9.213126 0.87957150
10.441542 0.87171539
11.669959 0.86961745
12.898376 0.87827702
14.126793 0.87818775
15.355209 0.87042092
16.583626 0.87421506
17.812043 0.87791993
19.040460 0.87662546
20.268876 0.87046555
21.497293 0.87550953
22.725710 0.87747356
23.954127 0.87684864
25.182543 0.86992991
26.410960 0.87631300
27.639377 0.87809848
28.867793 0.87220640
30.096210 0.87167075
31.324627 0.87644691
32.553044 0.87791993
33.781460 0.87234031
35.009877 0.87055483
36.238294 0.87733965
37.466711 0.88153552
38.695127 0.86823370
39.923544 0.87256349
41.151961 0.88064278
42.380378 0.87832166
43.608794 0.86850153
44.837211 0.87385796
46.065628 0.88033032
47.294045 0.87497389
48.522461 0.87073338
49.750878 0.87475070
50.979295 0.88028569
52.207712 0.87376869
53.436128 0.86966209
54.664545 0.87916976
55.892962 0.87751819
57.121379 0.86943890
58.349795 0.87390260
59.578212 0.87934831
60.806629 0.87573272
62.035046 0.87024237
63.263462 0.87443824
64.491879 0.87983932
65.720296 0.87216176
66.948713 0.87153684
68.177129 0.87577735
69.405546 0.88224971
70.633963 0.87064410
71.862380 0.87019773
73.090796 0.88015178
