# Density profile (accumulated) at T = 0.280000
# columns : x rho
0.614940 0.86478857
1.844820 0.86607996
3.074700 0.85677302
4.304580 0.86086985
5.534460 0.86959790
6.764340 0.86545653
7.994220 0.85254259
9.224100 0.85499179
10.453980 0.86652527
11.683860 0.86162688
12.913740 0.86336358
14.143620 0.88509462
15.373499 0.88099779
16.603379 0.86331905
17.833259 0.86977602
19.063139 0.88607430
20.293019 0.87449629
21.522899 0.86790572
22.752779 0.87556503
23.982659 0.88291261
25.212539 0.86919712
26.442419 0.86763854
27.672299 0.88224465
28.902179 0.87966186
30.132059 0.86621355
31.361939 0.87186897
32.591819 0.87903843
33.821699 0.86465497
35.051579 0.85565975
36.281459 0.86260656
37.511339 0.85062777
38.741219 0.84621921
39.971099 0.85125120
41.200979 0.85004886
42.430859 0.84746608
43.660738 0.86256203
44.890618 0.87373926
46.120498 0.87293771
47.350378 0.86928618
48.580258 0.87774704
49.810138 0.87520878
51.040018 0.87387285
52.269898 0.87106741
53.499778 0.87721267
54.729658 0.87471894
55.959538 0.87347208
57.189418 0.87405098
58.419298 0.87770251
59.649178 0.87534237
60.879058 0.86950883
62.108938 0.87721267
63.338818 0.87636658
64.568698 0.87298224
65.798578 0.87186897
67.028458 0.87663377
68.258338 0.87155725
69.488218 0.86220578
70.718098 0.86612449
71.947978 0.86140422
73.177857 0.85312149
