# Density profile (accumulated) at T = 0.380000
# columns : x rho
0.625399 0.84148645
1.876198 0.84635153
3.126996 0.84432800
4.377795 0.84260585
5.628593 0.84303638
6.879392 0.84833200
8.130190 0.83864490
9.380989 0.84424189
10.631787 0.84441411
11.882586 0.84523213
13.133384 0.84316555
14.384183 0.84131423
15.634981 0.84579183
16.885780 0.84471548
18.136578 0.84053926
19.387377 0.84338081
20.638175 0.84359608
21.888974 0.84273501
23.139772 0.84096980
24.390571 0.84320860
25.641369 0.84596404
26.892168 0.84234752
28.142967 0.84170172
29.393765 0.84940835
30.644564 0.83937681
31.895362 0.84109896
33.146161 0.84531824
34.396959 0.84497380
35.647758 0.84251974
36.898556 0.84346692
38.149355 0.84325165
39.400153 0.84557656
40.650952 0.84295028
41.901750 0.84480159
43.152549 0.84286417
44.403347 0.84652374
45.654146 0.84432800
46.904944 0.84333776
48.155743 0.84217531
49.406541 0.84264890
50.657340 0.84742787
51.908138 0.84432800
53.158937 0.84350998
54.409735 0.84338081
55.660534 0.84712649
56.911332 0.84096980
58.162131 0.84592099
59.412929 0.84850422
60.663728 0.84161561
61.914526 0.84454327
63.165325 0.84424189
64.416123 0.84389746
65.666922 0.84540434
66.917720 0.84002262
68.168519 0.84738482
69.419317 0.84058232
70.670116 0.84480159
71.920914 0.84359608
73.171713 0.84557656
74.422511 0.84570572
