# Density profile (accumulated) at T = 0.420000
# columns : x rho
0.681266 0.72560672
2.043797 0.71983785
3.406329 0.70746564
4.768861 0.70086229
6.131392 0.71033193
7.493924 0.71530259
8.856455 0.71011424
10.218987 0.70739308
11.581518 0.70361973
12.944050 0.70325691
14.306582 0.70764705
15.669113 0.70938860
17.031645 0.71526630
18.394176 0.71853170
19.756708 0.71842285
21.119239 0.72564300
22.481771 0.72506248
23.844303 0.72673146
25.206834 0.72462710
26.569366 0.72219619
27.931897 0.70819128
29.294429 0.69400496
30.656960 0.71069475
32.019492 0.71512117
33.382024 0.71588310
34.744555 0.71686272
36.107087 0.71142040
37.469618 0.71305309
38.832150 0.71809631
40.194681 0.72038209
41.557213 0.71980157
42.919745 0.71639105
44.282276 0.70256755
45.644808 0.69219086
47.007339 0.68562379
48.369871 0.68649456
49.732402 0.68874405
51.094934 0.69719779
52.457466 0.70234986
53.819997 0.70525243
55.182529 0.71145668
56.545060 0.70655859
57.907592 0.68442648
59.270123 0.66338283
60.632655 0.66069795
61.995187 0.65177254
63.357718 0.67546479
64.720250 0.69799600
66.082781 0.70151537
67.445313 0.70202332
68.807844 0.71316194
70.170376 0.71454066
71.532908 0.71171065
72.895439 0.70898949
74.257971 0.71388758
75.620502 0.72339351
76.983034 0.71903965
78.345565 0.72284927
79.708097 0.72560672
81.070629 0.72401030
