# Density profile (accumulated) at T = 0.320000
# columns : x rho
0.617303 0.86891945
1.851908 0.86343981
3.086514 0.86432362
4.321119 0.86838916
5.555725 0.86984745
6.790330 0.86127447
8.024936 0.86640058
9.259541 0.86564934
10.494147 0.87121736
11.728752 0.86198152
12.963358 0.86379334
14.197963 0.86953811
15.432569 0.86940554
16.667174 0.86304210
17.901780 0.86861011
19.136385 0.86397010
20.370991 0.86587030
21.605597 0.86666573
22.840202 0.86891945
24.074808 0.86308629
25.309413 0.86949392
26.544019 0.86617963
27.778624 0.86640058
29.013230 0.86472134
30.247835 0.86525163
31.482441 0.86436782
32.717046 0.86865430
33.951652 0.86679830
35.186257 0.86290953
36.420863 0.86595868
37.655468 0.87139412
38.890074 0.86525163
40.124679 0.86100933
41.359285 0.87174764
42.593890 0.86790306
43.828496 0.85955104
45.063101 0.86617963
46.297707 0.87002421
47.532312 0.86834497
48.766918 0.86123028
50.001523 0.86635639
51.236129 0.86821240
52.470734 0.86542839
53.705340 0.86379334
54.939945 0.86617963
56.174551 0.86896364
57.409156 0.86485391
58.643762 0.86286534
59.878367 0.86763792
61.112973 0.86706344
62.347578 0.86361658
63.582184 0.86626801
64.816790 0.86701925
66.051395 0.86494229
67.286001 0.86662154
68.520606 0.86914040
69.755212 0.86609125
70.989817 0.86246762
72.224423 0.86587030
73.459028 0.86701925
