# Density profile (accumulated) at T = 0.360000
# columns : x rho
0.625161 0.82200706
1.875482 0.81946495
3.125804 0.82640190
4.376126 0.82890092
5.626447 0.83049513
6.876769 0.83114143
8.127090 0.83540701
9.377412 0.83687195
10.627734 0.84100827
11.878055 0.84398125
13.128377 0.84230087
14.378698 0.84613558
15.629020 0.84639410
16.879341 0.84604941
18.129663 0.84587706
19.379985 0.85109055
20.630306 0.84592015
21.880628 0.84928091
23.130949 0.85264167
24.381271 0.85535612
25.631593 0.84613558
26.881914 0.85169376
28.132236 0.85272784
29.382557 0.85173685
30.632879 0.84630793
31.883201 0.85221080
33.133522 0.84540311
34.383844 0.84333495
35.634165 0.83777677
36.884487 0.82881475
38.134808 0.82571251
39.385130 0.82127459
40.635452 0.82493695
41.885773 0.82045594
43.136095 0.82769450
44.386416 0.82769450
45.636738 0.83476071
46.887060 0.83545009
48.137381 0.83437293
49.387703 0.84057740
50.638024 0.83247711
51.888346 0.84251630
53.138668 0.84561854
54.388989 0.84492916
55.639311 0.84691114
56.889632 0.85005647
58.139954 0.84544619
59.390275 0.84643719
60.640597 0.84966869
61.890919 0.84544619
63.141240 0.84432594
64.391562 0.84945325
65.641883 0.85065968
66.892205 0.84260248
68.142527 0.84492916
69.392848 0.84501533
70.643170 0.84182692
71.893491 0.83351119
73.143813 0.83493305
74.394135 0.82881475
