# Density profile (accumulated) at T = 0.320000
# columns : x rho
0.617839 0.86128017
1.853517 0.85951561
3.089195 0.86216244
4.324872 0.86291238
5.560550 0.85920681
6.796228 0.85713346
8.031906 0.85281029
9.267584 0.85333966
10.503262 0.84659023
11.738939 0.84795776
12.974617 0.85400137
14.210295 0.85497187
15.445973 0.85179567
16.681651 0.85903036
17.917329 0.86313295
19.153006 0.85506010
20.388684 0.84685491
21.624362 0.85633941
22.860040 0.86388289
24.095718 0.85426605
25.331396 0.85470719
26.567074 0.85488365
27.802751 0.85042814
29.038429 0.85064871
30.274107 0.85545713
31.509785 0.86577978
32.745463 0.85691289
33.981141 0.85585415
35.216818 0.85276618
36.452496 0.85144276
37.688174 0.85122219
38.923852 0.85783928
40.159530 0.84945763
41.395208 0.86317706
42.630885 0.86145662
43.866563 0.86467694
45.102241 0.86569156
46.337919 0.86829428
47.573597 0.86154485
48.809275 0.86516219
50.044952 0.86754434
51.280630 0.86207422
52.516308 0.86410346
53.751986 0.87032352
54.987664 0.86692675
56.223342 0.86763257
57.459019 0.86595624
58.694697 0.86688263
59.930375 0.86767668
61.166053 0.86939713
62.401731 0.86454460
63.637409 0.86772080
64.873087 0.86692675
66.108764 0.86533865
67.344442 0.86851485
68.580120 0.86988238
69.815798 0.86661795
71.051476 0.86542687
72.287154 0.86622092
73.522831 0.86392700
