# Density profile (accumulated) at T = 0.300000
# columns : x rho
0.615790 0.86861866
1.847371 0.87106109
3.078952 0.86977326
4.310533 0.87270418
5.542114 0.86488839
6.773695 0.87057260
8.005276 0.87754465
9.236856 0.86484398
10.468437 0.86999530
11.700018 0.87132754
12.931599 0.87425846
14.163180 0.86733083
15.394761 0.86937359
16.626342 0.87443609
17.857922 0.86959563
19.089503 0.86639826
20.321084 0.86999530
21.552665 0.87550188
22.784246 0.86959563
24.015827 0.86586537
25.247408 0.87048379
26.478988 0.87590155
27.710569 0.86924037
28.942150 0.86590977
30.173731 0.87461372
31.405312 0.87292622
32.636893 0.86693116
33.868474 0.86750846
35.100054 0.87665649
36.331635 0.87052820
37.563216 0.86417787
38.794797 0.87186043
40.026378 0.87683412
41.257959 0.86781931
42.489540 0.86755287
43.721120 0.87159399
44.952701 0.87403642
46.184282 0.86675352
47.415863 0.86990649
48.647444 0.87274859
49.879025 0.87101668
51.110606 0.86653149
52.342186 0.87137195
53.573767 0.87514662
54.805348 0.87154958
56.036929 0.86484398
57.268510 0.87043938
58.500091 0.87292622
59.731672 0.86999530
60.963252 0.86493280
62.194833 0.87363675
63.426414 0.87376997
64.657995 0.86746405
65.889576 0.86706438
67.121157 0.87416964
68.352738 0.87079464
69.584318 0.86790813
70.815899 0.86870747
72.047480 0.87319267
73.279061 0.87057260
