# Density profile (accumulated) at T = 0.400000
# columns : x rho
0.629324 0.83089648
1.887971 0.83055634
3.146619 0.83344759
4.405266 0.83297989
5.663914 0.83502078
6.922561 0.83047130
8.181209 0.83366019
9.439856 0.83408537
10.698504 0.83306493
11.957151 0.83034374
13.215799 0.83340508
14.474446 0.83540345
15.733094 0.83149174
16.991742 0.83527589
18.250389 0.83034374
19.509037 0.83400033
20.767684 0.83327752
22.026332 0.83323500
23.284979 0.83102404
24.543627 0.83293737
25.802274 0.83225708
27.060922 0.83212952
28.319569 0.83429796
29.578217 0.83072641
30.836864 0.83272478
32.095512 0.83383026
33.354159 0.83497826
34.612807 0.83489322
35.871454 0.83195945
37.130102 0.83263974
38.388749 0.83548848
39.647397 0.82911071
40.906044 0.83314996
42.164692 0.83536093
43.423339 0.83170434
44.681987 0.83455308
45.940635 0.83633885
47.199282 0.83306493
48.457930 0.83357515
49.716577 0.83408537
50.975225 0.83268226
52.233872 0.83170434
53.492520 0.83748685
54.751167 0.83468063
56.009815 0.83451056
57.268462 0.83225708
58.527110 0.83361767
59.785757 0.83650893
61.044405 0.83357515
62.303052 0.83531841
63.561700 0.83340508
64.820347 0.83374522
66.078995 0.83582863
67.337642 0.83446804
68.596290 0.83229959
69.854937 0.83272478
71.113585 0.83217204
72.372232 0.83629633
73.630880 0.83085397
74.889528 0.83582863
