# Density profile (accumulated) at T = 0.440000
# columns : x rho
0.801307 0.54977098
2.403921 0.55286562
4.006535 0.55257714
5.609148 0.51274018
7.211762 0.45147677
8.814376 0.39393741
10.416990 0.34180056
12.019604 0.30442883
13.622218 0.28604456
15.224832 0.28544137
16.827445 0.30046874
18.430059 0.32247217
20.032673 0.34124982
21.635287 0.35848016
23.237901 0.37911985
24.840515 0.41302978
26.443129 0.44374016
28.045742 0.47636503
29.648356 0.50033539
31.250970 0.53605490
32.853584 0.55693062
34.456198 0.57329551
36.058812 0.56631945
37.661425 0.56545400
39.264039 0.58572652
40.866653 0.59272881
42.469267 0.58785081
44.071881 0.57337418
45.674495 0.56490326
47.277109 0.56524419
48.879722 0.57227270
50.482336 0.57801615
52.084950 0.57174818
53.687564 0.56634567
55.290178 0.55942207
56.892792 0.55194772
58.495406 0.56125787
60.098019 0.56427384
61.700633 0.56062845
63.303247 0.54701728
64.905861 0.54373905
66.508475 0.54274247
68.111089 0.54827611
69.713702 0.56414271
71.316316 0.57481660
72.918930 0.57822595
74.521544 0.57751786
76.124158 0.57421341
77.726772 0.58069117
79.329386 0.58008798
80.931999 0.58066495
82.534613 0.56810280
84.137227 0.55184282
85.739841 0.53775958
87.342455 0.52302069
88.945069 0.51352696
90.547683 0.50801954
92.150296 0.51287131
93.752910 0.51995227
95.355524 0.53678922
