# Layer profile at T = 0.340000
# input   = perfect_Sigma21_theta21.7868deg.dat
# seed    = 3000026
# n_samples = 1000
# Lx = 74.412117  Ly = 18.412224
# columns : x rho coord psi6 psi4
0.620101 0.86324095 5.997819 0.891281 0.082554
1.860303 0.85715377 5.996679 0.889287 0.083088
3.100505 0.85947478 5.996892 0.888877 0.083611
4.340707 0.85781066 5.996733 0.888717 0.083240
5.580909 0.85684722 5.996525 0.887684 0.084560
6.821111 0.86201475 5.997561 0.887651 0.083969
8.061313 0.85619033 5.997391 0.887885 0.083964
9.301515 0.85833617 5.996990 0.886440 0.084137
10.541717 0.85973753 5.996587 0.888466 0.083626
11.781919 0.85741652 5.996272 0.887281 0.084655
13.022120 0.85658446 5.996677 0.887337 0.084037
14.262322 0.85846755 5.997398 0.888125 0.084195
15.502524 0.86083235 5.997100 0.888633 0.084126
16.742726 0.85706618 5.997650 0.889042 0.083882
17.982928 0.85706618 5.996679 0.887183 0.083908
19.223130 0.85807341 5.996683 0.887391 0.084582
20.463332 0.85916823 5.997197 0.888292 0.084415
21.703534 0.85789824 5.996937 0.888251 0.083826
22.943736 0.85684722 5.997393 0.887692 0.084042
24.183938 0.86078856 5.997151 0.886766 0.084615
25.424140 0.85772307 5.996732 0.886744 0.084389
26.664342 0.85675963 5.996729 0.888552 0.084035
27.904544 0.85877410 5.996583 0.888403 0.084152
29.144746 0.85986891 5.996842 0.886955 0.084339
30.384948 0.85728514 5.996884 0.886198 0.084636
31.625150 0.85557723 5.996980 0.888003 0.084191
32.865352 0.86052580 5.996692 0.887309 0.084436
34.105554 0.85925581 5.996738 0.887622 0.084326
35.345756 0.85724135 5.996628 0.887746 0.084153
36.585958 0.85697860 5.996678 0.888279 0.084000
37.826159 0.85890547 5.997145 0.887800 0.083886
39.066361 0.85925581 5.997401 0.887214 0.083865
40.306563 0.85553344 5.997185 0.888839 0.083712
41.546765 0.86004408 5.996792 0.889098 0.083341
42.786967 0.85829238 5.997857 0.889354 0.083705
44.027169 0.85929961 5.997197 0.889129 0.083641
45.267371 0.85969374 5.996536 0.889742 0.083578
46.507573 0.85544585 5.997440 0.888486 0.083982
47.747775 0.86297819 5.997463 0.889232 0.083378
48.987977 0.85978133 5.996791 0.888615 0.084341
50.228179 0.85675963 5.995604 0.886961 0.084213
51.468381 0.85483276 5.995799 0.887856 0.084392
52.708583 0.86140166 5.997814 0.889206 0.084019
53.948785 0.85894927 5.997145 0.887563 0.084187
55.188987 0.85351898 5.997332 0.888750 0.084278
56.429189 0.86109511 5.997050 0.887535 0.083946
57.669391 0.86065718 5.997201 0.887158 0.084396
58.909593 0.85632171 5.997545 0.888219 0.083528
60.149795 0.85640929 5.996523 0.887797 0.084033
61.389997 0.85824858 5.996785 0.888377 0.083831
62.630199 0.86166441 5.997103 0.888432 0.084059
63.870400 0.85671584 5.997853 0.887008 0.084275
65.110602 0.85693480 5.996934 0.887329 0.084122
66.350804 0.86091994 5.996083 0.886318 0.084358
67.591006 0.85741652 5.996527 0.886375 0.084766
68.831208 0.85619033 5.996624 0.886257 0.084091
70.071410 0.85794203 5.997550 0.886923 0.084164
71.311612 0.86039442 5.997659 0.887980 0.084384
72.551814 0.85759169 5.996834 0.888977 0.083511
73.792016 0.85597137 5.997288 0.889067 0.084103
