# Layer profile at T = 0.420000
# input   = perfect_Sigma21_theta21.7868deg.dat
# seed    = 7000038
# n_samples = 1000
# Lx = 81.983881  Ly = 20.285750
# columns : x rho coord psi6 psi4
0.683199 0.72211939 5.700839 0.602517 0.183501
2.049597 0.70920378 5.679672 0.605195 0.183092
3.415995 0.70790501 5.656100 0.605176 0.186673
4.782393 0.70433337 5.641244 0.605688 0.188901
6.148791 0.69560271 5.637726 0.600559 0.190964
7.515189 0.68838729 5.607830 0.596872 0.193311
8.881587 0.69379886 5.611825 0.597574 0.190521
10.247985 0.70296244 5.625917 0.597548 0.189023
11.614383 0.70592077 5.644146 0.608107 0.187186
12.980781 0.70379222 5.641737 0.603358 0.186980
14.347179 0.70050920 5.625019 0.605184 0.189097
15.713577 0.68946960 5.605724 0.601996 0.190821
17.079975 0.70368398 5.608972 0.601479 0.192653
18.446373 0.70086997 5.650332 0.604469 0.188181
19.812771 0.71901676 5.679980 0.600914 0.183946
21.179169 0.71999084 5.693190 0.600749 0.184015
22.545567 0.71656351 5.691219 0.604476 0.184230
23.911965 0.71692428 5.693992 0.599729 0.184423
25.278363 0.71789836 5.699583 0.599145 0.184772
26.644761 0.71934145 5.702794 0.597208 0.184248
28.011159 0.71825914 5.707720 0.598359 0.184205
29.377557 0.72284093 5.717259 0.602659 0.181241
30.743956 0.72060415 5.732252 0.597360 0.182054
32.110354 0.72558279 5.716189 0.601004 0.181514
33.476752 0.71822306 5.711171 0.599892 0.184159
34.843150 0.71843952 5.698704 0.598291 0.184305
36.209548 0.71385773 5.677920 0.599215 0.186156
37.575946 0.71107979 5.655708 0.597251 0.188999
38.942344 0.70303460 5.650485 0.596435 0.188866
40.308742 0.70563215 5.647579 0.596262 0.189131
41.675140 0.71313619 5.652249 0.598761 0.188086
43.041538 0.71021394 5.660215 0.602347 0.187408
44.407936 0.70065351 5.632820 0.602385 0.189042
45.774334 0.69228362 5.606545 0.602464 0.191165
47.140732 0.69336593 5.588844 0.601566 0.192541
48.507130 0.69336593 5.617098 0.594055 0.191005
49.873528 0.69949904 5.616071 0.602490 0.190896
51.239926 0.69946296 5.628843 0.600811 0.190422
52.606324 0.69289693 5.617099 0.601028 0.191258
53.972722 0.69957119 5.619824 0.598131 0.191196
55.339120 0.70559607 5.629870 0.595053 0.189737
56.705518 0.70678662 5.652953 0.598443 0.187522
58.071916 0.70426122 5.643666 0.597906 0.188900
59.438314 0.70065351 5.627156 0.597958 0.189907
60.804712 0.69931865 5.620254 0.595321 0.192207
62.171110 0.69755088 5.624877 0.596929 0.191150
63.537508 0.69387101 5.601778 0.599279 0.193744
64.903906 0.69260831 5.601521 0.602813 0.190946
66.270304 0.69491725 5.608348 0.601019 0.191482
67.636702 0.70343144 5.623090 0.596452 0.191566
69.003100 0.70570430 5.642401 0.597566 0.188033
70.369498 0.70545176 5.651222 0.602987 0.187303
71.735896 0.71021394 5.673321 0.605819 0.185837
73.102294 0.71281149 5.700223 0.608822 0.181321
74.468692 0.71324442 5.686697 0.606849 0.183863
75.835090 0.70974494 5.680120 0.608705 0.184363
77.201488 0.71299188 5.682083 0.605759 0.183902
78.567886 0.71926930 5.714651 0.603712 0.181657
79.934284 0.72590748 5.731773 0.606178 0.180206
81.300682 0.72204723 5.726791 0.604693 0.180478
