# Layer profile at T = 0.420000
# input   = bicrystal_Sigma21_theta21.7868deg.dat
# seed    = 7000815
# n_samples = 1000
# Lx = 81.580549  Ly = 20.185951
# columns : x rho coord psi6 psi4
0.679838 0.71295457 5.652852 0.591776 0.190582
2.039514 0.71255379 5.665900 0.592428 0.189963
3.399190 0.71645230 5.689076 0.597297 0.186264
4.758865 0.71801899 5.680012 0.593030 0.186903
6.118541 0.71852908 5.668577 0.593504 0.187359
7.478217 0.71918490 5.660976 0.592290 0.188672
8.837893 0.70865527 5.655938 0.591544 0.189598
10.197569 0.71397474 5.651000 0.597607 0.189639
11.557244 0.71350109 5.665475 0.599598 0.187150
12.916920 0.71492204 5.670319 0.598293 0.186191
14.276596 0.71481274 5.665936 0.599993 0.187040
15.636272 0.71572361 5.676644 0.599110 0.185940
16.995948 0.72067873 5.672144 0.597212 0.186610
18.355624 0.71251735 5.660411 0.600528 0.187047
19.715299 0.70993049 5.645317 0.596091 0.188780
21.074975 0.70639632 5.641531 0.595115 0.188702
22.434651 0.70712501 5.632523 0.596211 0.189414
23.794327 0.70289859 5.630780 0.599206 0.191616
25.154003 0.70792658 5.632578 0.595962 0.190142
26.513678 0.70308076 5.638389 0.597466 0.189260
27.873354 0.70789014 5.637192 0.600716 0.188692
29.233030 0.70763510 5.618731 0.595430 0.191139
30.592706 0.70187841 5.623598 0.598137 0.191387
31.952382 0.71087779 5.623648 0.598845 0.189697
33.312058 0.70038459 5.627738 0.600500 0.189724
34.671733 0.70544902 5.632321 0.595064 0.192647
36.031409 0.71324605 5.637056 0.592438 0.190808
37.391085 0.71353752 5.659978 0.588974 0.188575
38.750761 0.71947638 5.680508 0.594267 0.188703
40.110437 0.72435863 5.690710 0.596599 0.186943
41.470112 0.71812830 5.688331 0.597419 0.186070
42.829788 0.71743604 5.664212 0.594387 0.187416
44.189464 0.71510422 5.660519 0.595674 0.188880
45.549140 0.71554143 5.654056 0.594652 0.189980
46.908816 0.71710813 5.668987 0.594867 0.186968
48.268491 0.71688952 5.670766 0.601030 0.187008
49.628167 0.71769108 5.661539 0.598171 0.187744
50.987843 0.71036770 5.653024 0.595465 0.188117
52.347519 0.71248092 5.641780 0.593801 0.190387
53.707195 0.69805277 5.590062 0.597545 0.193771
55.066871 0.68063697 5.559445 0.591915 0.198111
56.426546 0.67207481 5.556327 0.594855 0.196318
57.786222 0.67917958 5.569444 0.595977 0.196526
59.145898 0.68668514 5.586566 0.597708 0.194166
60.505574 0.70355441 5.608027 0.598835 0.192181
61.865250 0.70916536 5.634556 0.595986 0.191567
63.224925 0.70599554 5.631212 0.597771 0.191143
64.584601 0.70650562 5.635140 0.596109 0.190443
65.944277 0.71470343 5.641109 0.597101 0.190486
67.303953 0.70916536 5.659834 0.593099 0.187939
68.663629 0.71892986 5.666227 0.597676 0.187956
70.023305 0.72104307 5.686559 0.598160 0.185812
71.382980 0.72348420 5.701415 0.599443 0.184086
72.742656 0.71958569 5.709873 0.598299 0.183241
74.102332 0.72654472 5.694599 0.599733 0.184027
75.462008 0.72075160 5.675109 0.596791 0.185999
76.821684 0.71003979 5.659226 0.590759 0.190144
78.181359 0.70938396 5.641602 0.590369 0.192229
79.541035 0.71011266 5.630631 0.595767 0.190574
80.900711 0.70770797 5.653058 0.589556 0.190823
