# Layer profile at T = 0.400000
# input   = bicrystal_Sigma21_theta21.7868deg.dat
# seed    = 6000812
# n_samples = 1000
# Lx = 79.651338  Ly = 19.708595
# columns : x rho coord psi6 psi4
0.663761 0.75050835 5.713333 0.643894 0.176484
1.991283 0.75318383 5.713996 0.641794 0.176058
3.318806 0.74855908 5.713199 0.638578 0.175770
4.646328 0.74764178 5.709268 0.636032 0.177138
5.973850 0.75658550 5.722758 0.632724 0.175982
7.301373 0.74817687 5.712235 0.633670 0.176923
8.628895 0.74932350 5.707269 0.638898 0.176795
9.956417 0.74855908 5.705183 0.642332 0.175277
11.283940 0.74924706 5.703617 0.643900 0.175442
12.611462 0.74794754 5.709336 0.638553 0.175994
13.938984 0.74821509 5.706937 0.637594 0.176642
15.266507 0.74733601 5.704189 0.641303 0.175773
16.594029 0.74920884 5.708550 0.643876 0.175389
17.921551 0.74764178 5.710598 0.639454 0.174558
19.249073 0.75188431 5.727277 0.641181 0.173297
20.576596 0.74573072 5.713290 0.643916 0.175700
21.904118 0.74993504 5.709597 0.643155 0.174345
23.231640 0.75207542 5.707323 0.646999 0.174754
24.559163 0.75222830 5.710990 0.647446 0.174212
25.886685 0.74427832 5.721101 0.646706 0.173853
27.214207 0.74527207 5.697215 0.644735 0.174983
28.541730 0.74550140 5.698231 0.645518 0.175463
29.869252 0.74775644 5.687794 0.646648 0.175401
31.196774 0.74018867 5.686048 0.643098 0.176068
32.524297 0.74267304 5.682518 0.639693 0.177818
33.851819 0.74729779 5.673742 0.635520 0.178576
35.179341 0.73778075 5.667616 0.634839 0.181076
36.506863 0.73969180 5.664341 0.630309 0.181721
37.834386 0.73594614 5.654168 0.625038 0.184367
39.161908 0.73155072 5.658568 0.628164 0.182143
40.489430 0.74618938 5.659427 0.632238 0.182339
41.816953 0.73976824 5.669233 0.631036 0.182778
43.144475 0.73850695 5.667943 0.631794 0.182423
44.471997 0.74045622 5.677747 0.637343 0.178249
45.799520 0.74053266 5.672465 0.642460 0.177230
47.127042 0.74316991 5.678358 0.641332 0.179746
48.454564 0.74248194 5.671986 0.639057 0.179015
49.782087 0.73525816 5.661850 0.638784 0.180695
51.109609 0.73995935 5.665857 0.636638 0.180399
52.437131 0.74160285 5.661289 0.637372 0.180045
53.764653 0.74381967 5.674220 0.638738 0.178336
55.092176 0.74148819 5.682113 0.642604 0.176928
56.419698 0.74596005 5.694881 0.643015 0.175226
57.747220 0.74603649 5.704903 0.640733 0.174824
59.074743 0.74385789 5.701161 0.642257 0.175621
60.402265 0.74680091 5.696197 0.645819 0.176310
61.729787 0.74527207 5.711113 0.644838 0.173979
63.057310 0.75043191 5.707497 0.644099 0.174931
64.384832 0.74974393 5.719107 0.648022 0.172518
65.712354 0.74806221 5.710709 0.649009 0.172464
67.039877 0.74825331 5.697247 0.644837 0.174657
68.367399 0.74034156 5.691533 0.644758 0.176923
69.694921 0.74271126 5.667970 0.643590 0.178290
71.022443 0.73973002 5.676914 0.638557 0.179132
72.349966 0.74252016 5.683894 0.640057 0.176972
73.677488 0.75169321 5.694564 0.646495 0.176454
75.005010 0.74450765 5.700447 0.643382 0.177436
76.332533 0.74446943 5.694784 0.644792 0.176650
77.660055 0.74439299 5.699938 0.645790 0.175019
78.987577 0.74867374 5.707474 0.644861 0.175721
