# Layer profile at T = 0.360000
# input   = perfect_Sigma21_theta21.7868deg.dat
# seed    = 4000029
# n_samples = 1000
# Lx = 74.608353  Ly = 18.460780
# columns : x rho coord psi6 psi4
0.621736 0.85452389 5.994239 0.874538 0.088606
1.865209 0.85417539 5.993115 0.872916 0.089561
3.108681 0.85543871 5.994704 0.872378 0.089658
4.352154 0.85639708 5.994099 0.874940 0.087961
5.595626 0.85417539 5.994084 0.874728 0.088607
6.839099 0.85243289 5.994685 0.874062 0.088075
8.082572 0.85408826 5.995359 0.874086 0.089300
9.326044 0.85147451 5.994628 0.873234 0.089463
10.569517 0.85630996 5.995167 0.873312 0.089076
11.812989 0.85426251 5.994748 0.876014 0.088471
13.056462 0.85269426 5.994329 0.876300 0.088384
14.299934 0.85265070 5.994073 0.875248 0.088904
15.543407 0.85452389 5.994749 0.875287 0.089359
16.786879 0.85465458 5.994648 0.875171 0.089027
18.030352 0.85343483 5.993671 0.874996 0.088955
19.273825 0.85426251 5.994085 0.874541 0.089021
20.517297 0.85535158 5.993634 0.874102 0.089550
21.760770 0.85038544 5.994160 0.874532 0.089494
23.004242 0.85613571 5.993538 0.875003 0.089122
24.247715 0.85469814 5.994597 0.875922 0.088740
25.491187 0.85095176 5.994983 0.874151 0.089307
26.734660 0.85369620 5.994642 0.873862 0.088814
27.978132 0.85469814 5.993935 0.875186 0.089478
29.221605 0.85426251 5.994034 0.874476 0.089276
30.465078 0.85217151 5.993712 0.873632 0.089381
31.708550 0.85474170 5.994190 0.873563 0.089426
32.952023 0.85347839 5.992752 0.874165 0.089097
34.195495 0.85334770 5.993159 0.876129 0.088836
35.438968 0.85360908 5.994182 0.874966 0.088659
36.682440 0.85565652 5.994043 0.874801 0.089305
37.925913 0.85535158 5.992615 0.873672 0.089795
39.169385 0.85042901 5.992060 0.872653 0.089480
40.412858 0.85112601 5.993090 0.873524 0.089584
41.656330 0.85691983 5.993239 0.873514 0.089236
42.899803 0.85526445 5.994499 0.873981 0.089114
44.143276 0.85121313 5.994422 0.874537 0.089237
45.386748 0.85439320 5.994391 0.873499 0.088696
46.630221 0.85413183 5.993625 0.874249 0.089106
47.873693 0.85360908 5.992600 0.872312 0.090240
49.117166 0.85073394 5.993804 0.871071 0.089429
50.360638 0.85478527 5.994241 0.874042 0.089577
51.604111 0.85905440 5.994878 0.875338 0.088354
52.847583 0.84838156 5.994095 0.873817 0.089269
54.091056 0.85369620 5.994183 0.873848 0.089456
55.334529 0.85752971 5.994463 0.874447 0.089800
56.578001 0.85103888 5.995444 0.873614 0.089372
57.821474 0.85265070 5.994125 0.872944 0.089884
59.064946 0.85491595 5.993885 0.873828 0.089792
60.308419 0.85561296 5.994145 0.874738 0.089067
61.551891 0.85221507 5.994275 0.875314 0.089144
62.795364 0.85208439 5.993814 0.873060 0.089358
64.038836 0.85513377 5.993836 0.873476 0.089081
65.282309 0.85191013 5.994171 0.873968 0.089118
66.525781 0.85312989 5.994026 0.874287 0.089459
67.769254 0.85535158 5.995875 0.875632 0.088717
69.012727 0.85587433 5.994757 0.874913 0.089071
70.256199 0.85177945 5.994425 0.874326 0.089250
71.499672 0.85382689 5.994388 0.874796 0.088616
72.743144 0.85448033 5.994035 0.874397 0.089828
73.986617 0.85430608 5.993983 0.876322 0.088821
