# Layer profile at T = 0.300000
# input   = bicrystal_Sigma21_theta21.7868deg.dat
# seed    = 1000797
# n_samples = 1000
# Lx = 74.007758  Ly = 18.312171
# columns : x rho coord psi6 psi4
0.616731 0.84525080 5.904148 0.854364 0.101391
1.850194 0.86141027 5.951431 0.881087 0.089423
3.083657 0.87137158 5.981455 0.898592 0.081638
4.317119 0.86601461 5.994172 0.907350 0.076828
5.550582 0.86650161 5.998927 0.911995 0.075432
6.784044 0.87486911 5.999039 0.911763 0.074719
8.017507 0.87256694 5.999340 0.912651 0.074547
9.250970 0.86579325 5.999284 0.911376 0.075079
10.484432 0.87061895 5.999136 0.911439 0.074888
11.717895 0.87588738 5.999393 0.911460 0.074796
12.951358 0.86911369 5.999542 0.912059 0.074699
14.184820 0.86344680 5.999641 0.911629 0.075379
15.418283 0.87221276 5.999391 0.910756 0.074770
16.651746 0.87509048 5.999545 0.909685 0.075212
17.885208 0.86477498 5.999283 0.909607 0.075225
19.118671 0.86486352 5.999437 0.909784 0.075449
20.352133 0.88009327 5.999648 0.910550 0.075601
21.585596 0.87230131 5.999239 0.910519 0.075322
22.819059 0.86326971 5.999179 0.910696 0.075167
24.052521 0.87044186 5.999441 0.911220 0.075144
25.285984 0.87336385 5.999392 0.910747 0.074851
26.519447 0.86884805 5.999541 0.910087 0.075634
27.752909 0.86468643 5.998976 0.909191 0.075917
28.986372 0.87393939 5.997416 0.908973 0.076362
30.219835 0.87110595 5.988921 0.903288 0.079097
31.453297 0.86061336 5.964093 0.889387 0.085998
32.686760 0.84879260 5.920613 0.863742 0.097566
33.920222 0.84657898 5.852160 0.828118 0.114877
35.153685 0.82993251 5.804758 0.796037 0.127949
36.387148 0.83537803 5.817531 0.805596 0.124844
37.620610 0.84445390 5.852207 0.828661 0.114757
38.854073 0.84671179 5.878693 0.839793 0.107479
40.087536 0.85366258 5.924748 0.868591 0.096085
41.320998 0.86672297 5.970629 0.890417 0.084687
42.554461 0.86964496 5.991600 0.902744 0.078808
43.787924 0.86424371 5.997439 0.909063 0.076165
45.021386 0.87168149 5.999289 0.910024 0.075912
46.254849 0.87238985 5.999137 0.909980 0.075515
47.488311 0.86632452 5.997240 0.908556 0.076046
48.721774 0.86676724 5.993156 0.906622 0.077008
49.955237 0.87057468 5.991660 0.903733 0.078479
51.188699 0.86526198 5.985264 0.904381 0.079458
52.422162 0.86499634 5.973129 0.896373 0.082599
53.655625 0.86278272 5.962131 0.889530 0.084924
54.889087 0.86831678 5.969153 0.896368 0.082782
56.122550 0.86517343 5.986337 0.902670 0.079229
57.356013 0.86827251 5.989904 0.903496 0.078570
58.589475 0.86619170 5.984462 0.899582 0.079666
59.822938 0.86844960 5.981546 0.899623 0.080066
61.056400 0.86543907 5.983118 0.900399 0.079960
62.289863 0.86712142 5.981160 0.899204 0.081110
63.523326 0.86504061 5.973284 0.893451 0.082628
64.756788 0.86362389 5.966730 0.888452 0.084446
65.990251 0.85924092 5.964138 0.890248 0.085735
67.223714 0.86056909 5.954574 0.884229 0.088404
68.457176 0.86008209 5.924538 0.869414 0.095814
69.690639 0.85432667 5.907239 0.858160 0.100208
70.924102 0.84591489 5.903596 0.857940 0.101283
72.157564 0.85308704 5.884685 0.844880 0.106237
73.391027 0.84263872 5.872852 0.833471 0.109478
