# Layer profile at T = 0.320000
# input   = perfect_Sigma21_theta21.7868deg.dat
# seed    = 2000023
# n_samples = 1000
# Lx = 74.072911  Ly = 18.328292
# columns : x rho coord psi6 psi4
0.617274 0.86581767 5.998418 0.900472 0.079336
1.851823 0.87010455 5.998781 0.901485 0.079305
3.086371 0.86608284 5.998418 0.900502 0.078972
4.320920 0.86033753 5.998613 0.900864 0.079067
5.555468 0.86674576 5.998368 0.900702 0.079073
6.790017 0.87023714 5.998324 0.902168 0.079510
8.024565 0.86444764 5.998569 0.900408 0.079118
9.259114 0.86210532 5.998975 0.899232 0.079885
10.493662 0.86709932 5.998369 0.898756 0.079537
11.728211 0.87129781 5.998377 0.898524 0.080132
12.962759 0.86201693 5.998052 0.900045 0.079115
14.197308 0.86245888 5.998719 0.901021 0.078667
15.431856 0.87143039 5.998631 0.901104 0.078884
16.666405 0.86908808 5.998322 0.900460 0.079092
17.900953 0.86281244 5.999027 0.900463 0.079250
19.135502 0.86475700 5.998569 0.900415 0.079445
20.370050 0.86882291 5.998525 0.901355 0.079148
21.604599 0.86444764 5.998824 0.901829 0.079087
22.839147 0.86237049 5.998411 0.900964 0.079233
24.073696 0.86745287 5.998624 0.900905 0.079363
25.308245 0.86815999 5.998524 0.900311 0.079089
26.542793 0.86555250 5.998672 0.900224 0.078694
27.777342 0.86524314 5.999132 0.900618 0.079117
29.011890 0.86665737 5.998011 0.900676 0.079036
30.246439 0.86709932 5.997655 0.899148 0.080020
31.480987 0.86648059 5.998113 0.899671 0.079749
32.715536 0.86294502 5.998310 0.900908 0.078937
33.950084 0.86992778 5.998527 0.900663 0.078985
35.184633 0.86577348 5.998315 0.899221 0.079434
36.419181 0.86382891 5.998056 0.900168 0.079558
37.653730 0.86431505 5.997904 0.898904 0.080006
38.888278 0.87028133 5.998477 0.899278 0.079924
40.122827 0.86595026 5.999081 0.901149 0.079296
41.357375 0.86166337 5.998461 0.902131 0.079338
42.591924 0.86749707 5.998726 0.901824 0.079098
43.826472 0.86789482 5.998269 0.899535 0.079426
45.061021 0.86661318 5.998317 0.899653 0.079715
46.295569 0.86245888 5.998207 0.899379 0.079512
47.530118 0.86749707 5.998675 0.899374 0.079541
48.764666 0.86966261 5.998221 0.900358 0.079366
49.999215 0.86360794 5.998260 0.900243 0.079437
51.233763 0.86365213 5.998363 0.900170 0.079010
52.468312 0.86917647 5.998170 0.900699 0.079217
53.702860 0.86740868 5.998268 0.899936 0.079599
54.937409 0.86356374 5.997953 0.899778 0.079561
56.171957 0.86471281 5.997956 0.900388 0.078921
57.406506 0.86820418 5.998371 0.902478 0.078503
58.641054 0.86807160 5.998727 0.901763 0.078620
59.875603 0.86493378 5.998672 0.901885 0.078705
61.110151 0.86537573 5.999234 0.901846 0.078171
62.344700 0.87001617 5.998730 0.902391 0.078619
63.579248 0.86851355 5.998931 0.902410 0.078296
64.813797 0.86245888 5.999078 0.901788 0.078477
66.048345 0.86846935 5.999389 0.901067 0.079730
67.282894 0.86824838 5.998727 0.900623 0.079485
68.517442 0.86303341 5.997952 0.899199 0.079453
69.751991 0.86519895 5.997855 0.900860 0.078856
70.986539 0.86935325 5.997967 0.902223 0.078852
72.221088 0.87001617 5.998628 0.903250 0.078394
73.455636 0.86347536 5.999079 0.900839 0.079103
