# Layer profile at T = 0.280000
# input   = perfect_Sigma21_theta21.7868deg.dat
# seed    = 17
# n_samples = 1000
# Lx = 73.649207  Ly = 18.223453
# columns : x rho coord psi6 psi4
0.613743 0.87433318 5.999795 0.920953 0.070512
1.841230 0.87969773 5.999746 0.920922 0.070799
3.068717 0.87634489 5.999796 0.921666 0.070465
4.296204 0.87357320 5.999744 0.922445 0.070257
5.523690 0.87545080 5.999591 0.921727 0.070481
6.751177 0.88144122 5.999696 0.920961 0.070603
7.978664 0.87486963 5.999898 0.921044 0.070451
9.206151 0.87272381 5.999846 0.922025 0.070031
10.433638 0.87621077 5.999694 0.921844 0.070613
11.661124 0.88340822 5.999646 0.921415 0.070624
12.888611 0.87084622 5.999538 0.920784 0.070764
14.116098 0.87303674 5.999642 0.920328 0.070853
15.343585 0.87893776 5.999491 0.922065 0.070014
16.571071 0.88032360 5.999746 0.921236 0.070463
17.798558 0.87267911 5.999641 0.920712 0.070913
19.026045 0.87384143 5.999744 0.921627 0.070539
20.253532 0.87898246 6.000000 0.922099 0.070295
21.481019 0.87750721 5.999745 0.921667 0.070522
22.708505 0.87504845 5.999489 0.921240 0.070762
23.935992 0.87267911 5.999693 0.919543 0.071317
25.163479 0.87889305 5.999797 0.920256 0.071091
26.390966 0.87750721 5.999541 0.920610 0.070587
27.618452 0.87241088 5.999436 0.920700 0.070651
28.845939 0.87478023 5.999387 0.920911 0.070410
30.073426 0.88112828 5.999746 0.920291 0.071097
31.300913 0.87585314 5.999898 0.921861 0.070430
32.528400 0.87142738 5.999846 0.920555 0.070130
33.755886 0.87741780 5.999287 0.921329 0.070833
34.983373 0.88086006 5.999340 0.921490 0.070532
36.210860 0.87334968 5.999642 0.922196 0.070406
37.438347 0.87393084 5.999898 0.921695 0.070176
38.665833 0.87768603 5.999643 0.920959 0.070247
39.893320 0.87831189 5.999695 0.921328 0.070688
41.120807 0.87486963 5.999438 0.921120 0.070314
42.348294 0.87795425 5.999745 0.921459 0.070316
43.575781 0.87630018 5.999694 0.922231 0.070149
44.803267 0.87844601 5.999542 0.921665 0.070274
46.030754 0.87151679 5.999641 0.921643 0.070132
47.258241 0.87706016 5.999898 0.921688 0.070421
48.485728 0.87849071 5.999644 0.922759 0.070049
49.713214 0.87670252 5.999847 0.922820 0.070551
50.940701 0.87361791 5.999846 0.922527 0.070138
52.168188 0.87567432 5.999796 0.922767 0.069915
53.395675 0.87992126 5.999898 0.922311 0.070052
54.623162 0.87303674 5.999846 0.922623 0.070455
55.850648 0.87634489 5.999796 0.921786 0.070609
57.078135 0.87849071 5.999847 0.921092 0.070411
58.305622 0.87540609 5.999796 0.921604 0.070389
59.533109 0.87469082 5.999898 0.921429 0.071190
60.760595 0.87375202 5.999540 0.921287 0.070542
61.988082 0.87996596 5.999594 0.921501 0.070537
63.215569 0.87638959 5.999643 0.921249 0.070646
64.443056 0.87321556 5.999590 0.921005 0.070537
65.670543 0.87638959 5.999847 0.922138 0.070369
66.898029 0.88068124 5.999695 0.921633 0.070490
68.125516 0.87625548 5.999694 0.921515 0.070498
69.353003 0.87147208 5.999846 0.921584 0.070456
70.580490 0.87773073 6.000000 0.921459 0.070556
71.807976 0.87875894 5.999491 0.920701 0.070597
73.035463 0.87402025 5.999591 0.920946 0.070864
