# Layer profile at T = 0.360000
# input   = bicrystal_Sigma21_theta21.7868deg.dat
# seed    = 4000806
# n_samples = 1000
# Lx = 74.731778  Ly = 18.491320
# columns : x rho coord psi6 psi4
0.622765 0.84662360 5.955998 0.850912 0.100103
1.868294 0.84814326 5.937903 0.842337 0.103915
3.113824 0.84189095 5.919649 0.837197 0.106292
4.359354 0.84110941 5.911315 0.832231 0.109468
5.604883 0.84145676 5.909907 0.828828 0.110815
6.850413 0.83924240 5.900978 0.825750 0.111904
8.095943 0.83859112 5.912292 0.827127 0.110410
9.341472 0.84271591 5.919728 0.830486 0.108524
10.587002 0.84549471 5.934011 0.841188 0.104725
11.832532 0.84679728 5.935497 0.843195 0.103892
13.078061 0.84484343 5.941001 0.843020 0.103107
14.323591 0.84918531 5.942683 0.844217 0.103162
15.569120 0.84301984 5.947878 0.845969 0.102436
16.814650 0.84979318 5.944053 0.846770 0.102300
18.060180 0.84766565 5.947139 0.846977 0.102184
19.305709 0.84605916 5.946423 0.848685 0.101294
20.551239 0.85048788 5.948183 0.848066 0.101576
21.796769 0.84914189 5.945135 0.846398 0.101840
23.042298 0.84315010 5.944745 0.846375 0.102060
24.287828 0.85027078 5.949395 0.849655 0.101379
25.533358 0.85135625 5.958180 0.853120 0.099787
26.778887 0.84988001 5.960713 0.856578 0.098231
28.024417 0.84788275 5.961133 0.855894 0.098442
29.269946 0.85304959 5.961877 0.857614 0.098125
30.515476 0.85092207 5.961986 0.859979 0.097344
31.761006 0.84892480 5.960209 0.859581 0.097608
33.006535 0.84957608 5.953749 0.855016 0.099253
34.252065 0.84753540 5.946311 0.847706 0.102347
35.497595 0.84540788 5.935802 0.843405 0.104393
36.743124 0.84553813 5.917531 0.836714 0.108081
37.988654 0.83828719 5.894080 0.822054 0.113814
39.234183 0.82916924 5.865529 0.808695 0.120847
40.479713 0.82817060 5.848328 0.799773 0.125976
41.725243 0.82825744 5.826588 0.785884 0.131050
42.970772 0.81874872 5.799862 0.770198 0.137156
44.216302 0.81775009 5.776043 0.762119 0.142125
45.461832 0.81683829 5.784298 0.771202 0.138812
46.707361 0.82304718 5.828128 0.798627 0.128190
47.952891 0.83867796 5.888745 0.826032 0.112996
49.198421 0.84506052 5.935519 0.846397 0.104210
50.443950 0.85231147 5.963831 0.855917 0.097856
51.689480 0.85413506 5.978904 0.865185 0.094024
52.935009 0.85465608 5.987655 0.868021 0.092154
54.180539 0.85639284 5.990925 0.870486 0.091137
55.426069 0.85739147 5.990783 0.870931 0.090783
56.671598 0.85765198 5.991394 0.870557 0.091070
57.917128 0.85100890 5.994643 0.869897 0.090871
59.162658 0.86064788 5.994400 0.872678 0.089118
60.408187 0.86064788 5.994602 0.872992 0.089952
61.653717 0.85448241 5.994665 0.872204 0.089467
62.899247 0.85639284 5.994879 0.871896 0.090471
64.144776 0.85634942 5.993764 0.871005 0.090418
65.390306 0.85891113 5.994288 0.871193 0.090208
66.635835 0.85422190 5.994714 0.869779 0.090483
67.881365 0.85556788 5.994367 0.871581 0.090441
69.126895 0.86082156 5.994149 0.871176 0.089997
70.372424 0.85482976 5.993295 0.870747 0.090471
71.617954 0.85426531 5.990801 0.868462 0.090889
72.863484 0.85604549 5.980574 0.866864 0.092563
74.109013 0.85352719 5.972632 0.860693 0.096205
