# Layer profile at T = 0.440000
# input   = perfect_Sigma21_theta21.7868deg.dat
# seed    = 8000041
# n_samples = 1000
# Lx = 93.818180  Ly = 23.213979
# columns : x rho coord psi6 psi4
0.781818 0.56823722 5.914962 0.509703 0.183707
2.345454 0.56316810 5.914196 0.508037 0.185800
3.909091 0.55512362 5.895236 0.506755 0.185656
5.472727 0.54826378 5.880358 0.510797 0.186033
7.036363 0.53705111 5.867805 0.515267 0.184980
8.600000 0.53211974 5.786746 0.519620 0.191410
10.163636 0.51925410 5.771647 0.517087 0.194612
11.727272 0.52495686 5.780687 0.509935 0.195300
13.290909 0.53002598 5.778419 0.507569 0.195939
14.854545 0.52435077 5.797615 0.504234 0.197475
16.418181 0.51564511 5.785756 0.504700 0.195194
17.981818 0.50947400 5.733845 0.514089 0.198505
19.545454 0.50542422 5.731331 0.512478 0.198140
21.109090 0.51250446 5.784390 0.508064 0.196021
22.672727 0.53393801 5.846138 0.510899 0.191861
24.236363 0.54327731 5.924442 0.506468 0.186582
25.799999 0.56289260 5.990701 0.503813 0.182386
27.363636 0.57644698 6.040814 0.501318 0.178176
28.927272 0.59664081 6.080851 0.499017 0.174600
30.490908 0.60446489 6.121872 0.497537 0.172890
32.054545 0.60184768 6.112515 0.499427 0.173145
33.618181 0.59573168 6.071726 0.499046 0.175047
35.181817 0.57049628 5.998262 0.505658 0.178292
36.745454 0.54250593 5.885639 0.509866 0.185213
38.309090 0.52583844 5.808508 0.515430 0.191190
39.872726 0.51134737 5.822100 0.517518 0.188517
41.436363 0.50806898 5.842045 0.515314 0.187437
42.999999 0.51895105 5.805861 0.518639 0.190134
44.563635 0.52382733 5.794152 0.515219 0.190029
46.127272 0.52355183 5.759893 0.516110 0.193116
47.690908 0.51597570 5.719739 0.520310 0.194693
49.254544 0.52082442 5.695583 0.515360 0.197510
50.818181 0.51795927 5.730280 0.512397 0.196483
52.381817 0.51732563 5.763606 0.510930 0.197488
53.945453 0.52189886 5.774810 0.508334 0.195587
55.509090 0.52928214 5.806944 0.505113 0.195314
57.072726 0.53035657 5.803958 0.503738 0.195494
58.636362 0.52925459 5.862006 0.501688 0.191124
60.199999 0.54608737 5.872768 0.506104 0.188820
61.763635 0.54818114 5.913911 0.503998 0.186052
63.327271 0.55369105 5.891233 0.500615 0.188769
64.890908 0.54286407 5.832530 0.504443 0.191471
66.454544 0.52975048 5.780384 0.511450 0.193814
68.018180 0.52473646 5.762062 0.514456 0.195056
69.581816 0.52548030 5.773776 0.514842 0.192349
71.145453 0.53487470 5.824620 0.511589 0.187989
72.709089 0.53327682 5.820995 0.513642 0.189725
74.272725 0.53101776 5.815720 0.515198 0.188339
75.836362 0.53344212 5.825750 0.518058 0.188322
77.399998 0.54074275 5.862136 0.517797 0.185491
78.963634 0.54575677 5.859213 0.514796 0.185749
80.527271 0.55735514 5.860808 0.513358 0.187984
82.090907 0.55757554 5.896635 0.504807 0.184794
83.654543 0.55256152 5.890213 0.505973 0.187390
85.218180 0.54685876 5.864736 0.509131 0.188847
86.781816 0.54382831 5.896960 0.509202 0.186302
88.345452 0.53663787 5.898044 0.503710 0.187795
89.909089 0.53633483 5.900657 0.503225 0.186928
91.472725 0.54749240 5.931062 0.506033 0.185413
93.036361 0.56143247 5.927916 0.507445 0.185160
