# Layer profile at T = 0.340000
# input   = bicrystal_Sigma21_theta21.7868deg.dat
# seed    = 3000803
# n_samples = 1000
# Lx = 74.433695  Ly = 18.417563
# columns : x rho coord psi6 psi4
0.620281 0.83464193 5.879182 0.827878 0.112900
1.860842 0.84501477 5.903144 0.845208 0.107195
3.101404 0.84553998 5.918940 0.851228 0.103297
4.341966 0.84505854 5.925937 0.856464 0.100377
5.582527 0.84772834 5.935206 0.861356 0.098741
6.823089 0.84921643 5.943875 0.867509 0.096343
8.063650 0.85136103 5.945250 0.871292 0.095377
9.304212 0.85214884 5.953570 0.874712 0.092805
10.544773 0.85420590 5.948763 0.873715 0.093736
11.785335 0.84667793 5.939829 0.874525 0.094549
13.025897 0.84755327 5.938446 0.873375 0.094540
14.266458 0.85245521 5.954100 0.874950 0.092282
15.507020 0.85740091 5.969934 0.875823 0.090943
16.747581 0.85179870 5.970918 0.875643 0.091382
17.988143 0.85433720 5.960092 0.869526 0.094180
19.228705 0.85175493 5.937979 0.859354 0.098995
20.469266 0.84273887 5.915451 0.851379 0.103225
21.709828 0.84186353 5.898778 0.839969 0.107553
22.950389 0.84448956 5.910650 0.843733 0.105443
24.190951 0.84982917 5.927950 0.853694 0.101984
25.431513 0.85052945 5.946431 0.863647 0.097032
26.672074 0.84939150 5.956923 0.868704 0.093812
27.912636 0.85678817 5.957550 0.871358 0.094282
29.153197 0.85298041 5.959977 0.872354 0.092788
30.393759 0.85354939 5.968413 0.873672 0.091558
31.634320 0.85731337 5.981417 0.877048 0.088472
32.874882 0.86068345 5.984948 0.881363 0.087947
34.115444 0.85512501 5.980500 0.879683 0.088520
35.356005 0.85473111 5.968048 0.871726 0.091936
36.596567 0.85551892 5.956771 0.864443 0.095180
37.837128 0.85210507 5.947404 0.859672 0.096232
39.077690 0.84545244 5.946420 0.859061 0.097183
40.318252 0.85398706 5.958641 0.867056 0.093880
41.558813 0.86033332 5.978430 0.878170 0.089878
42.799375 0.85976434 5.990277 0.883597 0.086460
44.039936 0.85810119 5.996430 0.885996 0.085090
45.280498 0.86212778 5.996599 0.886232 0.084462
46.521059 0.86444744 5.996507 0.886660 0.084774
47.761621 0.85919537 5.996689 0.886903 0.084243
49.002183 0.85744468 5.997601 0.886149 0.083962
50.242744 0.86050839 5.996541 0.887639 0.084514
51.483306 0.86405354 5.996758 0.887712 0.084437
52.723867 0.85783858 5.997245 0.886727 0.084420
53.964429 0.86011448 5.997303 0.885854 0.085095
55.204991 0.86374716 5.996757 0.886721 0.084191
56.445552 0.85932667 5.996588 0.886292 0.084817
57.686114 0.86015825 5.997863 0.885705 0.084321
58.926675 0.86169010 5.997918 0.887822 0.084463
60.167237 0.86072722 5.997203 0.887973 0.084543
61.407799 0.86059592 5.996542 0.885994 0.085237
62.648360 0.86085852 5.997153 0.886254 0.085395
63.888922 0.86151503 5.997561 0.886711 0.084843
65.129483 0.86090229 5.995119 0.886110 0.085045
66.370045 0.85801365 5.986176 0.881436 0.087891
67.610606 0.85236767 5.968935 0.873111 0.091542
68.851168 0.85241144 5.943726 0.860552 0.097908
70.091730 0.84939150 5.918947 0.843416 0.104155
71.332291 0.84199483 5.903680 0.835462 0.108880
72.572853 0.83683029 5.888808 0.831584 0.111618
73.813414 0.83928126 5.871558 0.825760 0.113933
