# Layer profile at T = 0.440000
# input   = bicrystal_Sigma21_theta21.7868deg.dat
# seed    = 8000818
# n_samples = 1000
# Lx = 96.488449  Ly = 23.874699
# columns : x rho coord psi6 psi4
0.804070 0.51635836 5.937100 0.497440 0.184214
2.412211 0.51068037 5.937930 0.503429 0.183041
4.020352 0.51086269 5.941266 0.503625 0.181398
5.628493 0.51252962 5.941508 0.499244 0.181549
7.236634 0.52333864 5.984721 0.498536 0.181176
8.844774 0.53972146 6.010520 0.500536 0.179283
10.452915 0.54558177 6.072134 0.494587 0.175386
12.061056 0.55180672 6.081422 0.489909 0.176390
13.669197 0.55386434 6.071996 0.488985 0.177256
15.277338 0.53625736 6.075477 0.488385 0.179619
16.885479 0.54125816 6.053174 0.485229 0.180573
18.493619 0.54128421 6.071023 0.487583 0.178722
20.101760 0.54855099 6.117753 0.484990 0.176185
21.709901 0.56019347 6.134090 0.488092 0.175635
23.318042 0.56477754 6.138628 0.482796 0.175371
24.926183 0.54941050 6.128473 0.485222 0.177287
26.534323 0.53070960 6.106694 0.485216 0.177977
28.142464 0.51216498 6.001017 0.485900 0.183867
29.750605 0.48861956 5.843977 0.490133 0.193480
31.358746 0.44582628 5.621020 0.500632 0.208727
32.966887 0.38164938 5.280898 0.514955 0.230029
34.575027 0.29637537 4.948414 0.532572 0.252213
36.183168 0.23753787 4.719737 0.555131 0.264666
37.791309 0.21763886 4.569890 0.565875 0.273545
39.399450 0.22907298 4.614554 0.561905 0.271941
41.007591 0.26288045 4.772912 0.551644 0.257849
42.615731 0.31340934 5.045625 0.549522 0.241301
44.223872 0.36992876 5.238823 0.538981 0.226637
45.832013 0.40428320 5.486729 0.525073 0.211392
47.440154 0.43462658 5.645832 0.511654 0.201925
49.048295 0.48421782 5.760368 0.506012 0.195860
50.656436 0.51724392 5.930007 0.495014 0.184094
52.264576 0.54714452 6.046794 0.495697 0.177404
53.872717 0.56438685 6.130417 0.483720 0.174243
55.480858 0.56954392 6.156492 0.486474 0.172030
57.088999 0.57399776 6.199882 0.486423 0.169750
58.697140 0.57571678 6.224213 0.488028 0.168022
60.305280 0.56475149 6.210257 0.486441 0.170965
61.913421 0.56079252 6.163392 0.483241 0.174302
63.521562 0.56759048 6.163409 0.483135 0.173655
65.129703 0.56623610 6.193008 0.484187 0.171507
66.737844 0.57248710 6.182894 0.483961 0.172142
68.345984 0.56107903 6.185034 0.483856 0.172627
69.954125 0.55448944 6.149185 0.486032 0.175101
71.562266 0.54803007 6.132693 0.484207 0.178066
73.170407 0.55725029 6.108156 0.483977 0.177985
74.778548 0.56264178 6.115267 0.488953 0.176028
76.386689 0.56240737 6.109248 0.487779 0.176076
77.994829 0.55060861 6.117219 0.486122 0.175224
79.602970 0.55839631 6.114138 0.485958 0.176505
81.211111 0.56201668 6.148809 0.486080 0.173732
82.819252 0.57089830 6.179890 0.486568 0.172654
84.427393 0.57582096 6.191333 0.484276 0.170715
86.035533 0.57587305 6.221981 0.481276 0.170524
87.643674 0.57326847 6.205361 0.485768 0.170549
89.251815 0.57485727 6.188347 0.487200 0.172725
90.859956 0.56446499 6.166251 0.486684 0.172679
92.468097 0.55349970 6.114865 0.488628 0.175622
94.076237 0.54375856 6.052833 0.494632 0.177883
95.684378 0.52893849 5.997242 0.493972 0.181160
