# Layer profile at T = 0.300000
# input   = perfect_Sigma21_theta21.7868deg.dat
# seed    = 1000020
# n_samples = 1000
# Lx = 73.848092  Ly = 18.272664
# columns : x rho coord psi6 psi4
0.615401 0.87416540 5.999034 0.911867 0.074745
1.846202 0.87043041 5.999029 0.910086 0.074640
3.077004 0.86900756 5.999335 0.909915 0.075196
4.307805 0.87501022 5.999543 0.910599 0.074759
5.538607 0.87171988 5.999490 0.911705 0.075089
6.769408 0.86749578 5.999487 0.912259 0.074778
8.000210 0.87252023 5.999083 0.911699 0.074647
9.231012 0.87278702 5.999338 0.911860 0.074618
10.461813 0.87234237 5.999235 0.911531 0.074360
11.692615 0.86878524 5.999335 0.911244 0.074764
12.923416 0.87176434 5.999133 0.910678 0.074256
14.154218 0.87549933 5.999289 0.910958 0.075259
15.385019 0.87074166 5.999183 0.910765 0.074939
16.615821 0.87140863 5.999694 0.911691 0.075109
17.846622 0.87194220 5.998929 0.912583 0.074432
19.077424 0.87260916 5.999490 0.911795 0.074832
20.308225 0.86958560 5.999693 0.911480 0.074562
21.539027 0.86949667 5.999642 0.911464 0.074868
22.769828 0.87380969 5.999644 0.912464 0.074225
24.000630 0.87252023 5.999388 0.911035 0.074932
25.231432 0.86878524 5.999488 0.910792 0.074689
26.462233 0.86820721 5.999539 0.911996 0.074303
27.693035 0.87892307 5.999241 0.912791 0.074269
28.923836 0.87096398 5.999336 0.911604 0.074341
30.154638 0.86847399 5.999078 0.910245 0.075348
31.385439 0.87225345 5.999133 0.911617 0.074904
32.616241 0.87438773 5.999491 0.912494 0.074132
33.847042 0.86958560 5.999284 0.912295 0.074646
35.077844 0.87260916 5.999134 0.912186 0.074879
36.308645 0.87367630 5.999491 0.911863 0.074743
37.539447 0.87127523 5.999337 0.911617 0.075148
38.770248 0.86789596 5.999436 0.911963 0.074379
40.001050 0.87336505 5.999491 0.913329 0.074381
41.231852 0.87238684 5.999235 0.911595 0.074701
42.462653 0.87220898 5.999184 0.911589 0.074854
43.693455 0.86718453 5.999385 0.912473 0.074631
44.924256 0.87069720 5.999336 0.912803 0.074396
46.155058 0.87625522 5.999594 0.912010 0.074484
47.385859 0.86927435 5.999386 0.911320 0.075240
48.616661 0.86905203 5.998926 0.910369 0.075001
49.847462 0.87203112 5.998980 0.911221 0.075084
51.078264 0.87372076 5.998880 0.910637 0.075379
52.309065 0.87051934 5.999234 0.911786 0.074929
53.539867 0.86816274 5.999181 0.910990 0.075238
54.770668 0.87292041 5.999134 0.911386 0.074632
56.001470 0.87532147 5.999644 0.912451 0.074406
57.232272 0.86985238 5.999438 0.910762 0.074978
58.463073 0.87011917 5.999336 0.912383 0.074561
59.693875 0.87425433 5.999441 0.912131 0.074977
60.924676 0.87105291 5.999387 0.911414 0.074575
62.155478 0.86820721 5.999129 0.910673 0.075223
63.386279 0.87167541 5.999439 0.911900 0.074713
64.617081 0.87487683 5.999136 0.911044 0.074365
65.847882 0.87163095 5.999235 0.911876 0.075121
67.078684 0.86705114 5.999590 0.911059 0.074547
68.309485 0.87243130 5.999439 0.911512 0.074990
69.540287 0.87616629 5.998985 0.911764 0.074590
70.771088 0.86771810 5.999488 0.911042 0.074663
72.001890 0.86887417 5.999591 0.910706 0.074742
73.232692 0.87216452 5.999592 0.911637 0.074672
