# Layer profile at T = 0.380000
# input   = perfect_Sigma21_theta21.7868deg.dat
# seed    = 5000032
# n_samples = 1000
# Lx = 75.006318  Ly = 18.559251
# columns : x rho coord psi6 psi4
0.625053 0.84259235 5.989411 0.857729 0.095225
1.875158 0.85065234 5.989157 0.856413 0.094752
3.125263 0.84328198 5.989011 0.856136 0.095281
4.375369 0.84358369 5.986767 0.856212 0.095728
5.625474 0.84638529 5.987167 0.854589 0.096350
6.875579 0.84591117 5.989555 0.858110 0.095298
8.125684 0.84073898 5.990362 0.857730 0.094796
9.375790 0.84776454 5.989222 0.858498 0.094667
10.625895 0.84448882 5.989231 0.857804 0.095081
11.876000 0.84694561 5.989211 0.858410 0.094218
13.126106 0.84151481 5.989961 0.856327 0.095193
14.376211 0.84457502 5.989691 0.857920 0.094799
15.626316 0.84306647 5.989775 0.857452 0.095501
16.876422 0.84573876 5.988788 0.854419 0.095716
18.126527 0.84543705 5.987612 0.854536 0.096233
19.376632 0.84349748 5.986868 0.856728 0.095710
20.626738 0.84634219 5.988592 0.855603 0.095251
21.876843 0.84362679 5.989986 0.857509 0.094944
23.126948 0.84591117 5.988841 0.857605 0.095094
24.377053 0.84763523 5.989881 0.858393 0.095320
25.627159 0.84703181 5.990179 0.858367 0.095005
26.877264 0.83849770 5.989668 0.855372 0.096171
28.127369 0.84388540 5.989479 0.855876 0.096083
29.377475 0.84789384 5.988207 0.855293 0.095392
30.627580 0.84444572 5.987801 0.856211 0.095727
31.877685 0.84616978 5.988488 0.857378 0.095551
33.127791 0.84358369 5.988402 0.856616 0.095891
34.377896 0.84707491 5.990485 0.856049 0.095756
35.628001 0.84241994 5.989665 0.855672 0.095813
36.878107 0.84405780 5.989685 0.856101 0.095483
38.128212 0.84750593 5.988405 0.856904 0.095501
39.378317 0.84530775 5.988171 0.855829 0.095428
40.628422 0.84423021 5.989228 0.856952 0.095151
41.878528 0.84134241 5.990113 0.856185 0.095686
43.128633 0.84694561 5.990178 0.855831 0.096106
44.378738 0.84724732 5.989215 0.856503 0.096224
45.628844 0.84004936 5.988815 0.857970 0.095042
46.878949 0.84664390 5.988444 0.855884 0.095921
48.129054 0.84548016 5.989142 0.853426 0.095497
49.379160 0.84487673 5.989134 0.855937 0.095457
50.629265 0.84319577 5.986505 0.855918 0.095484
51.879370 0.84280786 5.989312 0.856019 0.095607
53.129475 0.84621288 5.990883 0.854811 0.095921
54.379581 0.84362679 5.988862 0.856670 0.095252
55.629686 0.84397160 5.989377 0.859244 0.094885
56.879791 0.84401470 5.989480 0.857355 0.094752
58.129897 0.84733352 5.989776 0.856039 0.095358
59.380002 0.84293716 5.988035 0.856659 0.095568
60.630107 0.84552326 5.988836 0.853288 0.095705
61.880213 0.84220444 5.989713 0.855181 0.095759
63.130318 0.84556636 5.989703 0.859058 0.095336
64.380423 0.84578187 5.989400 0.857413 0.095292
65.630529 0.84315267 5.990287 0.858377 0.094553
66.880634 0.84729042 5.990131 0.858247 0.095140
68.130739 0.84694561 5.990738 0.858219 0.094813
69.380844 0.84298027 5.989876 0.857837 0.095100
70.630950 0.84504914 5.989391 0.855603 0.095583
71.881055 0.84660080 5.989207 0.856848 0.095911
73.131160 0.84423021 5.988717 0.856381 0.096298
74.381266 0.84362679 5.989373 0.856449 0.095296
