# Layer profile at T = 0.400000
# input   = perfect_Sigma21_theta21.7868deg.dat
# seed    = 6000035
# n_samples = 1000
# Lx = 80.361272  Ly = 19.884258
# columns : x rho coord psi6 psi4
0.669677 0.73501606 5.949170 0.816615 0.109895
2.009032 0.73426509 5.952237 0.818750 0.110280
3.348386 0.73914642 5.953518 0.818293 0.109808
4.687741 0.73828280 5.950310 0.816598 0.109489
6.027095 0.73542910 5.953028 0.816463 0.110306
7.366450 0.73580459 5.952848 0.814390 0.110681
8.705804 0.73430264 5.949530 0.814593 0.111357
10.045159 0.73633027 5.942988 0.813990 0.111855
11.384514 0.73137384 5.941216 0.811859 0.111893
12.723868 0.73723144 5.937099 0.807764 0.114271
14.063223 0.73336392 5.940607 0.805744 0.113835
15.402577 0.73546665 5.941288 0.809731 0.112685
16.741932 0.73595478 5.940306 0.811292 0.112891
18.081286 0.73591723 5.945354 0.810835 0.111472
19.420641 0.73497851 5.939205 0.810710 0.112518
20.759995 0.73114855 5.942276 0.809081 0.112852
22.099350 0.73794486 5.939551 0.809882 0.113505
23.438704 0.73422754 5.938273 0.811529 0.113889
24.778059 0.73227501 5.940263 0.812908 0.111643
26.117413 0.73261295 5.939060 0.812830 0.112081
27.456768 0.73929662 5.934989 0.810687 0.113626
28.796122 0.73148648 5.934757 0.809489 0.113707
30.135477 0.73250030 5.934950 0.809135 0.113945
31.474831 0.73396470 5.931191 0.811891 0.113798
32.814186 0.73711879 5.938567 0.813671 0.112779
34.153541 0.73216236 5.941228 0.814133 0.112351
35.492895 0.73723144 5.948610 0.816480 0.111428
36.832250 0.73678085 5.948425 0.815145 0.111701
38.171604 0.73696860 5.945891 0.814138 0.111963
39.510959 0.73798241 5.949985 0.813392 0.111207
40.850313 0.73370186 5.949386 0.814159 0.110909
42.189668 0.73618007 5.949862 0.814531 0.110523
43.529022 0.73734408 5.949636 0.815160 0.110856
44.868377 0.73659311 5.953000 0.815864 0.110737
46.207731 0.73550420 5.952522 0.817990 0.110918
47.547086 0.73880848 5.950955 0.816521 0.109720
48.886440 0.74064837 5.956248 0.818722 0.108895
50.225795 0.73561684 5.956562 0.819620 0.109996
51.565149 0.73539155 5.950217 0.817982 0.109937
52.904504 0.73711879 5.950028 0.817570 0.110042
54.243859 0.73189952 5.949518 0.819543 0.110044
55.583213 0.73565439 5.947785 0.820184 0.109616
56.922568 0.73411489 5.954836 0.821134 0.109127
58.261922 0.73546665 5.957268 0.822736 0.108742
59.601277 0.74019779 5.961193 0.820858 0.108094
60.940631 0.73768202 5.965133 0.820754 0.108484
62.279986 0.74072347 5.965732 0.823950 0.107712
63.619340 0.73865829 5.967822 0.821157 0.108450
64.958695 0.74004759 5.968339 0.819791 0.108371
66.298049 0.73719389 5.969847 0.822079 0.108422
67.637404 0.74132425 5.963531 0.820711 0.107655
68.976758 0.73648046 5.962374 0.820244 0.108179
70.316113 0.73512871 5.956788 0.818622 0.109409
71.655467 0.73745673 5.949796 0.817820 0.110172
72.994822 0.73396470 5.950990 0.817587 0.109997
74.334177 0.73847054 5.954238 0.815774 0.110197
75.673531 0.73328882 5.954427 0.817398 0.109779
77.012886 0.73663066 5.951881 0.816423 0.110068
78.352240 0.73460303 5.949601 0.816391 0.111106
79.691595 0.73482832 5.943025 0.815477 0.111579
