# Layer profile at T = 0.280000
# input   = bicrystal_Sigma21_theta21.7868deg.dat
# seed    = 794
# n_samples = 1000
# Lx = 73.764516  Ly = 18.251984
# columns : x rho coord psi6 psi4
0.614704 0.86313445 5.936700 0.886119 0.087685
1.844113 0.87048767 5.971894 0.903407 0.079234
3.073521 0.87530068 5.990835 0.914603 0.074014
4.302930 0.87111158 5.998056 0.919070 0.071618
5.532339 0.87975718 5.999493 0.921220 0.071089
6.761747 0.87699415 5.999543 0.920933 0.070597
7.991156 0.87102245 5.999795 0.921644 0.070801
9.220564 0.87552351 5.999847 0.921387 0.070570
10.449973 0.87694959 5.999695 0.920750 0.070552
11.679382 0.87645937 5.999797 0.920168 0.070953
12.908790 0.87155723 5.999642 0.918772 0.070970
14.138199 0.87512242 5.999644 0.919233 0.071167
15.367607 0.88029196 5.999797 0.920318 0.070669
16.597016 0.87276048 5.999796 0.920389 0.070994
17.826425 0.87432025 5.999796 0.920185 0.071196
19.055833 0.87654850 5.999847 0.920803 0.070745
20.285242 0.87694959 5.999695 0.920423 0.071225
21.514650 0.87396373 5.999796 0.919187 0.071758
22.744059 0.87503329 5.999847 0.921219 0.071128
23.973468 0.87489960 5.999796 0.921101 0.070932
25.202876 0.87432025 5.999796 0.921854 0.070738
26.432285 0.87632568 5.999746 0.920638 0.070605
27.661693 0.87351809 5.997398 0.918857 0.071489
28.891102 0.87454308 5.991745 0.914338 0.073895
30.120511 0.87057680 5.980087 0.908856 0.076857
31.349919 0.86727899 5.961975 0.897751 0.081444
32.579328 0.86032685 5.948873 0.890558 0.085231
33.808736 0.86817029 5.935014 0.882064 0.090156
35.038145 0.86420401 5.918678 0.871612 0.094722
36.267554 0.85283994 5.891885 0.859634 0.102382
37.496962 0.84481824 5.852192 0.837180 0.111263
38.726371 0.83911392 5.831590 0.819888 0.117575
39.955779 0.84668997 5.855571 0.835424 0.110665
41.185188 0.86130728 5.922854 0.873588 0.093914
42.414597 0.87235940 5.972874 0.903309 0.079807
43.644005 0.86857137 5.991739 0.915288 0.074070
44.873414 0.87637024 5.999085 0.920063 0.071861
46.102822 0.88140609 5.999798 0.921639 0.071077
47.332231 0.87320613 5.999847 0.920189 0.070412
48.561639 0.86901702 5.999897 0.921294 0.071251
49.791048 0.88006914 5.999797 0.922346 0.070613
51.020457 0.88216369 5.999848 0.920331 0.070907
52.249865 0.86857137 5.999590 0.919859 0.071224
53.479274 0.87391917 5.999694 0.919256 0.071237
54.708682 0.87931153 5.999037 0.919569 0.071647
55.938091 0.87481047 5.995823 0.917282 0.073007
57.167500 0.86576378 5.985175 0.909923 0.075882
58.396908 0.87218114 5.957233 0.897248 0.083624
59.626317 0.86674421 5.910741 0.871475 0.094553
60.855725 0.84383781 5.886665 0.853784 0.100902
62.085134 0.85435515 5.911585 0.870073 0.095422
63.314543 0.86558552 5.935592 0.883061 0.090500
64.543951 0.86362466 5.930750 0.877490 0.090820
65.773360 0.85359754 5.927952 0.876282 0.091250
67.002768 0.86415944 5.940385 0.885471 0.087761
68.232177 0.86915072 5.954007 0.893900 0.083787
69.461586 0.86669964 5.965601 0.900631 0.081270
70.690994 0.86594204 5.968144 0.900247 0.080595
71.920403 0.86540726 5.956743 0.894692 0.084190
73.149811 0.86197576 5.930824 0.878437 0.090128
