# Layer profile at T = 0.320000
# input   = bicrystal_Sigma21_theta21.7868deg.dat
# seed    = 2000800
# n_samples = 1000
# Lx = 74.064827  Ly = 18.326292
# columns : x rho coord psi6 psi4
0.617207 0.86755382 5.996433 0.898896 0.079730
1.851621 0.86777484 5.998727 0.898953 0.079909
3.086034 0.86609508 5.999183 0.900026 0.079474
4.320448 0.87100176 5.998731 0.900841 0.079498
5.554862 0.86529940 5.998978 0.900710 0.079408
6.789276 0.86578565 5.998417 0.901478 0.079187
8.023690 0.86918938 5.998067 0.900458 0.079591
9.258103 0.86759803 5.998573 0.899481 0.079510
10.492517 0.86781905 5.998981 0.900567 0.079310
11.726931 0.86437111 5.999233 0.900784 0.079669
12.961345 0.87219527 5.998784 0.902093 0.078987
14.195759 0.86640451 5.999235 0.901378 0.078603
15.430172 0.86949881 5.999034 0.901476 0.078375
16.664586 0.86512258 5.998672 0.901013 0.079435
17.899000 0.87281413 5.998886 0.900587 0.078847
19.133414 0.86538781 5.998774 0.899935 0.079069
20.367828 0.86666974 5.998980 0.899792 0.079057
21.602241 0.87162062 5.998783 0.900577 0.078734
22.836655 0.86277976 5.998463 0.899832 0.079905
24.071069 0.86720019 5.996483 0.899310 0.080009
25.305483 0.86759803 5.988944 0.898856 0.081101
26.539896 0.86543201 5.984370 0.897562 0.081144
27.774310 0.86211669 5.980926 0.896189 0.082340
29.008724 0.86622769 5.978312 0.896699 0.082795
30.243138 0.86834950 5.973427 0.897805 0.083315
31.477552 0.85959705 5.959478 0.895550 0.085372
32.711965 0.85486718 5.950980 0.893863 0.087157
33.946379 0.86344282 5.932832 0.890991 0.089583
35.180793 0.85292219 5.900596 0.886723 0.093704
36.415207 0.84019135 5.886726 0.883747 0.097324
37.649621 0.85667956 5.912178 0.882830 0.094414
38.884034 0.86185147 5.943684 0.880839 0.091069
40.118448 0.85667956 5.945356 0.878739 0.091199
41.352862 0.85332003 5.922348 0.879497 0.094287
42.587276 0.84792711 5.902826 0.877121 0.096472
43.821690 0.84165010 5.886660 0.874122 0.099645
45.056103 0.84757347 5.886722 0.869023 0.099846
46.290517 0.84602632 5.911490 0.874787 0.095755
47.524931 0.85619331 5.923847 0.884366 0.092382
48.759345 0.84925324 5.935717 0.886445 0.089996
49.993758 0.85438094 5.929325 0.888592 0.090647
51.228172 0.85588388 5.944324 0.892038 0.088095
52.462586 0.85990648 5.957333 0.893420 0.086110
53.697000 0.86406168 5.979690 0.894834 0.083341
54.931414 0.86419429 5.987468 0.894028 0.081928
56.165827 0.86485736 5.992640 0.897254 0.080812
57.400241 0.86671394 5.993625 0.897529 0.080643
58.634655 0.86857052 5.994147 0.896190 0.080777
59.869069 0.86569724 5.994077 0.896870 0.080975
61.103483 0.86406168 5.991661 0.893676 0.082324
62.337896 0.86468054 5.986248 0.890954 0.083531
63.572310 0.86410589 5.978924 0.887987 0.085332
64.806724 0.86114420 5.966223 0.883304 0.087157
66.041138 0.85606070 5.961789 0.881804 0.088507
67.275552 0.86180726 5.958453 0.878212 0.089222
68.509965 0.86034852 5.961722 0.878791 0.089250
69.744379 0.86061374 5.963429 0.880560 0.087731
70.978793 0.86109999 5.972536 0.887845 0.085698
72.213207 0.86348703 5.983772 0.891484 0.084027
73.447621 0.86728860 5.991590 0.895184 0.081397
