# Layer profile at T = 0.380000
# input   = bicrystal_Sigma21_theta21.7868deg.dat
# seed    = 5000809
# n_samples = 1000
# Lx = 75.472888  Ly = 18.674697
# columns : x rho coord psi6 psi4
0.628941 0.83322851 5.938487 0.826441 0.109603
1.886822 0.83637871 5.933323 0.825480 0.109631
3.144704 0.83433534 5.923363 0.828626 0.110354
4.402585 0.83288795 5.933606 0.830655 0.108584
5.660467 0.83978433 5.949612 0.835220 0.106550
6.918348 0.84229598 5.952441 0.835383 0.105513
8.176230 0.83412248 5.957589 0.837289 0.104264
9.434111 0.84225341 5.959666 0.838103 0.104445
10.691992 0.84076345 5.961823 0.835092 0.104842
11.949874 0.83582530 5.955893 0.831652 0.106575
13.207755 0.83884779 5.937275 0.822274 0.110304
14.465637 0.82956746 5.911941 0.813988 0.115467
15.723518 0.82535300 5.890963 0.802699 0.120168
16.981400 0.82462931 5.874400 0.793734 0.124808
18.239281 0.81981886 5.856527 0.784511 0.129459
19.497163 0.81994657 5.841078 0.776108 0.132394
20.755044 0.81752007 5.831181 0.776141 0.133325
22.012926 0.81632810 5.826919 0.771325 0.134609
23.270807 0.81496585 5.832062 0.773737 0.133747
24.528689 0.81939316 5.845231 0.782991 0.129476
25.786570 0.82181967 5.860710 0.791650 0.125913
27.044452 0.82484216 5.881761 0.799167 0.121998
28.302333 0.82854577 5.904794 0.811787 0.116677
29.560215 0.83735783 5.927148 0.822991 0.111156
30.818096 0.83901807 5.950277 0.833311 0.106914
32.075977 0.83705983 5.957738 0.836648 0.104832
33.333859 0.84297711 5.963842 0.842568 0.102957
34.591740 0.84199799 5.965772 0.841574 0.102376
35.849622 0.84046546 5.967077 0.840233 0.102322
37.107503 0.84152972 5.964943 0.840012 0.103257
38.365385 0.83816666 5.962771 0.839198 0.103770
39.623266 0.84097630 5.959757 0.838295 0.104351
40.881148 0.83633614 5.948539 0.833482 0.106211
42.139029 0.83697469 5.933676 0.830576 0.107944
43.396911 0.83327108 5.908705 0.826525 0.111854
44.654792 0.82726867 5.905110 0.826449 0.112547
45.912674 0.83433534 5.913363 0.827562 0.112326
47.170555 0.82952489 5.915580 0.821949 0.112187
48.428437 0.83267509 5.921575 0.821651 0.112355
49.686318 0.83727269 5.923175 0.822114 0.112045
50.944199 0.82999316 5.918039 0.820290 0.112744
52.202081 0.82943975 5.903151 0.816895 0.116060
53.459962 0.83373935 5.896707 0.812019 0.117588
54.717844 0.82262850 5.886307 0.805611 0.118856
55.975725 0.82590642 5.881759 0.799795 0.122435
57.233607 0.82356505 5.882301 0.801109 0.121587
58.491488 0.82760923 5.889409 0.802883 0.120959
59.749370 0.82552328 5.869224 0.795596 0.125014
61.007251 0.81794577 5.848444 0.789467 0.128686
62.265133 0.81875461 5.846202 0.784844 0.128450
63.523014 0.81909517 5.840913 0.783548 0.130602
64.780896 0.81969115 5.837237 0.782300 0.131614
66.038777 0.81683894 5.845581 0.784681 0.129278
67.296659 0.82062770 5.852259 0.786303 0.127997
68.554540 0.81918031 5.862963 0.789080 0.126210
69.812422 0.82799236 5.879434 0.799759 0.122477
71.070303 0.82782208 5.895917 0.805770 0.119190
72.328184 0.82948232 5.917064 0.815528 0.114116
73.586066 0.83429277 5.934789 0.823574 0.110772
74.843947 0.83646385 5.938419 0.824485 0.109513
