# Density profile (accumulated) at T = 0.360000
# columns : x rho
0.621736 0.85452389
1.865209 0.85417539
3.108681 0.85543871
4.352154 0.85639708
5.595626 0.85417539
6.839099 0.85243289
8.082572 0.85408826
9.326044 0.85147451
10.569517 0.85630996
11.812989 0.85426251
13.056462 0.85269426
14.299934 0.85265070
15.543407 0.85452389
16.786879 0.85465458
18.030352 0.85343483
19.273825 0.85426251
20.517297 0.85535158
21.760770 0.85038544
23.004242 0.85613571
24.247715 0.85469814
25.491187 0.85095176
26.734660 0.85369620
27.978132 0.85469814
29.221605 0.85426251
30.465078 0.85217151
31.708550 0.85474170
32.952023 0.85347839
34.195495 0.85334770
35.438968 0.85360908
36.682440 0.85565652
37.925913 0.85535158
39.169385 0.85042901
40.412858 0.85112601
41.656330 0.85691983
42.899803 0.85526445
44.143276 0.85121313
45.386748 0.85439320
46.630221 0.85413183
47.873693 0.85360908
49.117166 0.85073394
50.360638 0.85478527
51.604111 0.85905440
52.847583 0.84838156
54.091056 0.85369620
55.334529 0.85752971
56.578001 0.85103888
57.821474 0.85265070
59.064946 0.85491595
60.308419 0.85561296
61.551891 0.85221507
62.795364 0.85208439
64.038836 0.85513377
65.282309 0.85191013
66.525781 0.85312989
67.769254 0.85535158
69.012727 0.85587433
70.256199 0.85177945
71.499672 0.85382689
72.743144 0.85448033
73.986617 0.85430608
