# Density profile (accumulated) at T = 0.380000
# columns : x rho
0.628941 0.83322851
1.886822 0.83637871
3.144704 0.83433534
4.402585 0.83288795
5.660467 0.83978433
6.918348 0.84229598
8.176230 0.83412248
9.434111 0.84225341
10.691992 0.84076345
11.949874 0.83582530
13.207755 0.83884779
14.465637 0.82956746
15.723518 0.82535300
16.981400 0.82462931
18.239281 0.81981886
19.497163 0.81994657
20.755044 0.81752007
22.012926 0.81632810
23.270807 0.81496585
24.528689 0.81939316
25.786570 0.82181967
27.044452 0.82484216
28.302333 0.82854577
29.560215 0.83735783
30.818096 0.83901807
32.075977 0.83705983
33.333859 0.84297711
34.591740 0.84199799
35.849622 0.84046546
37.107503 0.84152972
38.365385 0.83816666
39.623266 0.84097630
40.881148 0.83633614
42.139029 0.83697469
43.396911 0.83327108
44.654792 0.82726867
45.912674 0.83433534
47.170555 0.82952489
48.428437 0.83267509
49.686318 0.83727269
50.944199 0.82999316
52.202081 0.82943975
53.459962 0.83373935
54.717844 0.82262850
55.975725 0.82590642
57.233607 0.82356505
58.491488 0.82760923
59.749370 0.82552328
61.007251 0.81794577
62.265133 0.81875461
63.523014 0.81909517
64.780896 0.81969115
66.038777 0.81683894
67.296659 0.82062770
68.554540 0.81918031
69.812422 0.82799236
71.070303 0.82782208
72.328184 0.82948232
73.586066 0.83429277
74.843947 0.83646385
