# Density profile (accumulated) at T = 0.380000
# columns : x rho
0.625053 0.84259235
1.875158 0.85065234
3.125263 0.84328198
4.375369 0.84358369
5.625474 0.84638529
6.875579 0.84591117
8.125684 0.84073898
9.375790 0.84776454
10.625895 0.84448882
11.876000 0.84694561
13.126106 0.84151481
14.376211 0.84457502
15.626316 0.84306647
16.876422 0.84573876
18.126527 0.84543705
19.376632 0.84349748
20.626738 0.84634219
21.876843 0.84362679
23.126948 0.84591117
24.377053 0.84763523
25.627159 0.84703181
26.877264 0.83849770
28.127369 0.84388540
29.377475 0.84789384
30.627580 0.84444572
31.877685 0.84616978
33.127791 0.84358369
34.377896 0.84707491
35.628001 0.84241994
36.878107 0.84405780
38.128212 0.84750593
39.378317 0.84530775
40.628422 0.84423021
41.878528 0.84134241
43.128633 0.84694561
44.378738 0.84724732
45.628844 0.84004936
46.878949 0.84664390
48.129054 0.84548016
49.379160 0.84487673
50.629265 0.84319577
51.879370 0.84280786
53.129475 0.84621288
54.379581 0.84362679
55.629686 0.84397160
56.879791 0.84401470
58.129897 0.84733352
59.380002 0.84293716
60.630107 0.84552326
61.880213 0.84220444
63.130318 0.84556636
64.380423 0.84578187
65.630529 0.84315267
66.880634 0.84729042
68.130739 0.84694561
69.380844 0.84298027
70.630950 0.84504914
71.881055 0.84660080
73.131160 0.84423021
74.381266 0.84362679
