# Density profile (accumulated) at T = 0.340000
# columns : x rho
0.620101 0.86324095
1.860303 0.85715377
3.100505 0.85947478
4.340707 0.85781066
5.580909 0.85684722
6.821111 0.86201475
8.061313 0.85619033
9.301515 0.85833617
10.541717 0.85973753
11.781919 0.85741652
13.022120 0.85658446
14.262322 0.85846755
15.502524 0.86083235
16.742726 0.85706618
17.982928 0.85706618
19.223130 0.85807341
20.463332 0.85916823
21.703534 0.85789824
22.943736 0.85684722
24.183938 0.86078856
25.424140 0.85772307
26.664342 0.85675963
27.904544 0.85877410
29.144746 0.85986891
30.384948 0.85728514
31.625150 0.85557723
32.865352 0.86052580
34.105554 0.85925581
35.345756 0.85724135
36.585958 0.85697860
37.826159 0.85890547
39.066361 0.85925581
40.306563 0.85553344
41.546765 0.86004408
42.786967 0.85829238
44.027169 0.85929961
45.267371 0.85969374
46.507573 0.85544585
47.747775 0.86297819
48.987977 0.85978133
50.228179 0.85675963
51.468381 0.85483276
52.708583 0.86140166
53.948785 0.85894927
55.188987 0.85351898
56.429189 0.86109511
57.669391 0.86065718
58.909593 0.85632171
60.149795 0.85640929
61.389997 0.85824858
62.630199 0.86166441
63.870400 0.85671584
65.110602 0.85693480
66.350804 0.86091994
67.591006 0.85741652
68.831208 0.85619033
70.071410 0.85794203
71.311612 0.86039442
72.551814 0.85759169
73.792016 0.85597137
