# Density profile (accumulated) at T = 0.420000
# columns : x rho
0.679838 0.71295457
2.039514 0.71255379
3.399190 0.71645230
4.758865 0.71801899
6.118541 0.71852908
7.478217 0.71918490
8.837893 0.70865527
10.197569 0.71397474
11.557244 0.71350109
12.916920 0.71492204
14.276596 0.71481274
15.636272 0.71572361
16.995948 0.72067873
18.355624 0.71251735
19.715299 0.70993049
21.074975 0.70639632
22.434651 0.70712501
23.794327 0.70289859
25.154003 0.70792658
26.513678 0.70308076
27.873354 0.70789014
29.233030 0.70763510
30.592706 0.70187841
31.952382 0.71087779
33.312058 0.70038459
34.671733 0.70544902
36.031409 0.71324605
37.391085 0.71353752
38.750761 0.71947638
40.110437 0.72435863
41.470112 0.71812830
42.829788 0.71743604
44.189464 0.71510422
45.549140 0.71554143
46.908816 0.71710813
48.268491 0.71688952
49.628167 0.71769108
50.987843 0.71036770
52.347519 0.71248092
53.707195 0.69805277
55.066871 0.68063697
56.426546 0.67207481
57.786222 0.67917958
59.145898 0.68668514
60.505574 0.70355441
61.865250 0.70916536
63.224925 0.70599554
64.584601 0.70650562
65.944277 0.71470343
67.303953 0.70916536
68.663629 0.71892986
70.023305 0.72104307
71.382980 0.72348420
72.742656 0.71958569
74.102332 0.72654472
75.462008 0.72075160
76.821684 0.71003979
78.181359 0.70938396
79.541035 0.71011266
80.900711 0.70770797
