# Density profile (accumulated) at T = 0.320000
# columns : x rho
0.617207 0.86755382
1.851621 0.86777484
3.086034 0.86609508
4.320448 0.87100176
5.554862 0.86529940
6.789276 0.86578565
8.023690 0.86918938
9.258103 0.86759803
10.492517 0.86781905
11.726931 0.86437111
12.961345 0.87219527
14.195759 0.86640451
15.430172 0.86949881
16.664586 0.86512258
17.899000 0.87281413
19.133414 0.86538781
20.367828 0.86666974
21.602241 0.87162062
22.836655 0.86277976
24.071069 0.86720019
25.305483 0.86759803
26.539896 0.86543201
27.774310 0.86211669
29.008724 0.86622769
30.243138 0.86834950
31.477552 0.85959705
32.711965 0.85486718
33.946379 0.86344282
35.180793 0.85292219
36.415207 0.84019135
37.649621 0.85667956
38.884034 0.86185147
40.118448 0.85667956
41.352862 0.85332003
42.587276 0.84792711
43.821690 0.84165010
45.056103 0.84757347
46.290517 0.84602632
47.524931 0.85619331
48.759345 0.84925324
49.993758 0.85438094
51.228172 0.85588388
52.462586 0.85990648
53.697000 0.86406168
54.931414 0.86419429
56.165827 0.86485736
57.400241 0.86671394
58.634655 0.86857052
59.869069 0.86569724
61.103483 0.86406168
62.337896 0.86468054
63.572310 0.86410589
64.806724 0.86114420
66.041138 0.85606070
67.275552 0.86180726
68.509965 0.86034852
69.744379 0.86061374
70.978793 0.86109999
72.213207 0.86348703
73.447621 0.86728860
