# Density profile (accumulated) at T = 0.400000
# columns : x rho
0.663761 0.75050835
1.991283 0.75318383
3.318806 0.74855908
4.646328 0.74764178
5.973850 0.75658550
7.301373 0.74817687
8.628895 0.74932350
9.956417 0.74855908
11.283940 0.74924706
12.611462 0.74794754
13.938984 0.74821509
15.266507 0.74733601
16.594029 0.74920884
17.921551 0.74764178
19.249073 0.75188431
20.576596 0.74573072
21.904118 0.74993504
23.231640 0.75207542
24.559163 0.75222830
25.886685 0.74427832
27.214207 0.74527207
28.541730 0.74550140
29.869252 0.74775644
31.196774 0.74018867
32.524297 0.74267304
33.851819 0.74729779
35.179341 0.73778075
36.506863 0.73969180
37.834386 0.73594614
39.161908 0.73155072
40.489430 0.74618938
41.816953 0.73976824
43.144475 0.73850695
44.471997 0.74045622
45.799520 0.74053266
47.127042 0.74316991
48.454564 0.74248194
49.782087 0.73525816
51.109609 0.73995935
52.437131 0.74160285
53.764653 0.74381967
55.092176 0.74148819
56.419698 0.74596005
57.747220 0.74603649
59.074743 0.74385789
60.402265 0.74680091
61.729787 0.74527207
63.057310 0.75043191
64.384832 0.74974393
65.712354 0.74806221
67.039877 0.74825331
68.367399 0.74034156
69.694921 0.74271126
71.022443 0.73973002
72.349966 0.74252016
73.677488 0.75169321
75.005010 0.74450765
76.332533 0.74446943
77.660055 0.74439299
78.987577 0.74867374
