# Density profile (accumulated) at T = 0.300000
# columns : x rho
0.615401 0.87416540
1.846202 0.87043041
3.077004 0.86900756
4.307805 0.87501022
5.538607 0.87171988
6.769408 0.86749578
8.000210 0.87252023
9.231012 0.87278702
10.461813 0.87234237
11.692615 0.86878524
12.923416 0.87176434
14.154218 0.87549933
15.385019 0.87074166
16.615821 0.87140863
17.846622 0.87194220
19.077424 0.87260916
20.308225 0.86958560
21.539027 0.86949667
22.769828 0.87380969
24.000630 0.87252023
25.231432 0.86878524
26.462233 0.86820721
27.693035 0.87892307
28.923836 0.87096398
30.154638 0.86847399
31.385439 0.87225345
32.616241 0.87438773
33.847042 0.86958560
35.077844 0.87260916
36.308645 0.87367630
37.539447 0.87127523
38.770248 0.86789596
40.001050 0.87336505
41.231852 0.87238684
42.462653 0.87220898
43.693455 0.86718453
44.924256 0.87069720
46.155058 0.87625522
47.385859 0.86927435
48.616661 0.86905203
49.847462 0.87203112
51.078264 0.87372076
52.309065 0.87051934
53.539867 0.86816274
54.770668 0.87292041
56.001470 0.87532147
57.232272 0.86985238
58.463073 0.87011917
59.693875 0.87425433
60.924676 0.87105291
62.155478 0.86820721
63.386279 0.87167541
64.617081 0.87487683
65.847882 0.87163095
67.078684 0.86705114
68.309485 0.87243130
69.540287 0.87616629
70.771088 0.86771810
72.001890 0.86887417
73.232692 0.87216452
