# Density profile (accumulated) at T = 0.400000
# columns : x rho
0.669677 0.73501606
2.009032 0.73426509
3.348386 0.73914642
4.687741 0.73828280
6.027095 0.73542910
7.366450 0.73580459
8.705804 0.73430264
10.045159 0.73633027
11.384514 0.73137384
12.723868 0.73723144
14.063223 0.73336392
15.402577 0.73546665
16.741932 0.73595478
18.081286 0.73591723
19.420641 0.73497851
20.759995 0.73114855
22.099350 0.73794486
23.438704 0.73422754
24.778059 0.73227501
26.117413 0.73261295
27.456768 0.73929662
28.796122 0.73148648
30.135477 0.73250030
31.474831 0.73396470
32.814186 0.73711879
34.153541 0.73216236
35.492895 0.73723144
36.832250 0.73678085
38.171604 0.73696860
39.510959 0.73798241
40.850313 0.73370186
42.189668 0.73618007
43.529022 0.73734408
44.868377 0.73659311
46.207731 0.73550420
47.547086 0.73880848
48.886440 0.74064837
50.225795 0.73561684
51.565149 0.73539155
52.904504 0.73711879
54.243859 0.73189952
55.583213 0.73565439
56.922568 0.73411489
58.261922 0.73546665
59.601277 0.74019779
60.940631 0.73768202
62.279986 0.74072347
63.619340 0.73865829
64.958695 0.74004759
66.298049 0.73719389
67.637404 0.74132425
68.976758 0.73648046
70.316113 0.73512871
71.655467 0.73745673
72.994822 0.73396470
74.334177 0.73847054
75.673531 0.73328882
77.012886 0.73663066
78.352240 0.73460303
79.691595 0.73482832
