# Density profile (accumulated) at T = 0.320000
# columns : x rho
0.617274 0.86581767
1.851823 0.87010455
3.086371 0.86608284
4.320920 0.86033753
5.555468 0.86674576
6.790017 0.87023714
8.024565 0.86444764
9.259114 0.86210532
10.493662 0.86709932
11.728211 0.87129781
12.962759 0.86201693
14.197308 0.86245888
15.431856 0.87143039
16.666405 0.86908808
17.900953 0.86281244
19.135502 0.86475700
20.370050 0.86882291
21.604599 0.86444764
22.839147 0.86237049
24.073696 0.86745287
25.308245 0.86815999
26.542793 0.86555250
27.777342 0.86524314
29.011890 0.86665737
30.246439 0.86709932
31.480987 0.86648059
32.715536 0.86294502
33.950084 0.86992778
35.184633 0.86577348
36.419181 0.86382891
37.653730 0.86431505
38.888278 0.87028133
40.122827 0.86595026
41.357375 0.86166337
42.591924 0.86749707
43.826472 0.86789482
45.061021 0.86661318
46.295569 0.86245888
47.530118 0.86749707
48.764666 0.86966261
49.999215 0.86360794
51.233763 0.86365213
52.468312 0.86917647
53.702860 0.86740868
54.937409 0.86356374
56.171957 0.86471281
57.406506 0.86820418
58.641054 0.86807160
59.875603 0.86493378
61.110151 0.86537573
62.344700 0.87001617
63.579248 0.86851355
64.813797 0.86245888
66.048345 0.86846935
67.282894 0.86824838
68.517442 0.86303341
69.751991 0.86519895
70.986539 0.86935325
72.221088 0.87001617
73.455636 0.86347536
