# Density profile (accumulated) at T = 0.300000
# columns : x rho
0.616731 0.84525080
1.850194 0.86141027
3.083657 0.87137158
4.317119 0.86601461
5.550582 0.86650161
6.784044 0.87486911
8.017507 0.87256694
9.250970 0.86579325
10.484432 0.87061895
11.717895 0.87588738
12.951358 0.86911369
14.184820 0.86344680
15.418283 0.87221276
16.651746 0.87509048
17.885208 0.86477498
19.118671 0.86486352
20.352133 0.88009327
21.585596 0.87230131
22.819059 0.86326971
24.052521 0.87044186
25.285984 0.87336385
26.519447 0.86884805
27.752909 0.86468643
28.986372 0.87393939
30.219835 0.87110595
31.453297 0.86061336
32.686760 0.84879260
33.920222 0.84657898
35.153685 0.82993251
36.387148 0.83537803
37.620610 0.84445390
38.854073 0.84671179
40.087536 0.85366258
41.320998 0.86672297
42.554461 0.86964496
43.787924 0.86424371
45.021386 0.87168149
46.254849 0.87238985
47.488311 0.86632452
48.721774 0.86676724
49.955237 0.87057468
51.188699 0.86526198
52.422162 0.86499634
53.655625 0.86278272
54.889087 0.86831678
56.122550 0.86517343
57.356013 0.86827251
58.589475 0.86619170
59.822938 0.86844960
61.056400 0.86543907
62.289863 0.86712142
63.523326 0.86504061
64.756788 0.86362389
65.990251 0.85924092
67.223714 0.86056909
68.457176 0.86008209
69.690639 0.85432667
70.924102 0.84591489
72.157564 0.85308704
73.391027 0.84263872
