# Density profile (accumulated) at T = 0.340000
# columns : x rho
0.620281 0.83464193
1.860842 0.84501477
3.101404 0.84553998
4.341966 0.84505854
5.582527 0.84772834
6.823089 0.84921643
8.063650 0.85136103
9.304212 0.85214884
10.544773 0.85420590
11.785335 0.84667793
13.025897 0.84755327
14.266458 0.85245521
15.507020 0.85740091
16.747581 0.85179870
17.988143 0.85433720
19.228705 0.85175493
20.469266 0.84273887
21.709828 0.84186353
22.950389 0.84448956
24.190951 0.84982917
25.431513 0.85052945
26.672074 0.84939150
27.912636 0.85678817
29.153197 0.85298041
30.393759 0.85354939
31.634320 0.85731337
32.874882 0.86068345
34.115444 0.85512501
35.356005 0.85473111
36.596567 0.85551892
37.837128 0.85210507
39.077690 0.84545244
40.318252 0.85398706
41.558813 0.86033332
42.799375 0.85976434
44.039936 0.85810119
45.280498 0.86212778
46.521059 0.86444744
47.761621 0.85919537
49.002183 0.85744468
50.242744 0.86050839
51.483306 0.86405354
52.723867 0.85783858
53.964429 0.86011448
55.204991 0.86374716
56.445552 0.85932667
57.686114 0.86015825
58.926675 0.86169010
60.167237 0.86072722
61.407799 0.86059592
62.648360 0.86085852
63.888922 0.86151503
65.129483 0.86090229
66.370045 0.85801365
67.610606 0.85236767
68.851168 0.85241144
70.091730 0.84939150
71.332291 0.84199483
72.572853 0.83683029
73.813414 0.83928126
