# Density profile (accumulated) at T = 0.360000
# columns : x rho
0.622765 0.84662360
1.868294 0.84814326
3.113824 0.84189095
4.359354 0.84110941
5.604883 0.84145676
6.850413 0.83924240
8.095943 0.83859112
9.341472 0.84271591
10.587002 0.84549471
11.832532 0.84679728
13.078061 0.84484343
14.323591 0.84918531
15.569120 0.84301984
16.814650 0.84979318
18.060180 0.84766565
19.305709 0.84605916
20.551239 0.85048788
21.796769 0.84914189
23.042298 0.84315010
24.287828 0.85027078
25.533358 0.85135625
26.778887 0.84988001
28.024417 0.84788275
29.269946 0.85304959
30.515476 0.85092207
31.761006 0.84892480
33.006535 0.84957608
34.252065 0.84753540
35.497595 0.84540788
36.743124 0.84553813
37.988654 0.83828719
39.234183 0.82916924
40.479713 0.82817060
41.725243 0.82825744
42.970772 0.81874872
44.216302 0.81775009
45.461832 0.81683829
46.707361 0.82304718
47.952891 0.83867796
49.198421 0.84506052
50.443950 0.85231147
51.689480 0.85413506
52.935009 0.85465608
54.180539 0.85639284
55.426069 0.85739147
56.671598 0.85765198
57.917128 0.85100890
59.162658 0.86064788
60.408187 0.86064788
61.653717 0.85448241
62.899247 0.85639284
64.144776 0.85634942
65.390306 0.85891113
66.635835 0.85422190
67.881365 0.85556788
69.126895 0.86082156
70.372424 0.85482976
71.617954 0.85426531
72.863484 0.85604549
74.109013 0.85352719
