# Density profile (accumulated) at T = 0.440000
# columns : x rho
0.781818 0.56823722
2.345454 0.56316810
3.909091 0.55512362
5.472727 0.54826378
7.036363 0.53705111
8.600000 0.53211974
10.163636 0.51925410
11.727272 0.52495686
13.290909 0.53002598
14.854545 0.52435077
16.418181 0.51564511
17.981818 0.50947400
19.545454 0.50542422
21.109090 0.51250446
22.672727 0.53393801
24.236363 0.54327731
25.799999 0.56289260
27.363636 0.57644698
28.927272 0.59664081
30.490908 0.60446489
32.054545 0.60184768
33.618181 0.59573168
35.181817 0.57049628
36.745454 0.54250593
38.309090 0.52583844
39.872726 0.51134737
41.436363 0.50806898
42.999999 0.51895105
44.563635 0.52382733
46.127272 0.52355183
47.690908 0.51597570
49.254544 0.52082442
50.818181 0.51795927
52.381817 0.51732563
53.945453 0.52189886
55.509090 0.52928214
57.072726 0.53035657
58.636362 0.52925459
60.199999 0.54608737
61.763635 0.54818114
63.327271 0.55369105
64.890908 0.54286407
66.454544 0.52975048
68.018180 0.52473646
69.581816 0.52548030
71.145453 0.53487470
72.709089 0.53327682
74.272725 0.53101776
75.836362 0.53344212
77.399998 0.54074275
78.963634 0.54575677
80.527271 0.55735514
82.090907 0.55757554
83.654543 0.55256152
85.218180 0.54685876
86.781816 0.54382831
88.345452 0.53663787
89.909089 0.53633483
91.472725 0.54749240
93.036361 0.56143247
