# Density profile (accumulated) at T = 0.420000
# columns : x rho
0.683199 0.72211939
2.049597 0.70920378
3.415995 0.70790501
4.782393 0.70433337
6.148791 0.69560271
7.515189 0.68838729
8.881587 0.69379886
10.247985 0.70296244
11.614383 0.70592077
12.980781 0.70379222
14.347179 0.70050920
15.713577 0.68946960
17.079975 0.70368398
18.446373 0.70086997
19.812771 0.71901676
21.179169 0.71999084
22.545567 0.71656351
23.911965 0.71692428
25.278363 0.71789836
26.644761 0.71934145
28.011159 0.71825914
29.377557 0.72284093
30.743956 0.72060415
32.110354 0.72558279
33.476752 0.71822306
34.843150 0.71843952
36.209548 0.71385773
37.575946 0.71107979
38.942344 0.70303460
40.308742 0.70563215
41.675140 0.71313619
43.041538 0.71021394
44.407936 0.70065351
45.774334 0.69228362
47.140732 0.69336593
48.507130 0.69336593
49.873528 0.69949904
51.239926 0.69946296
52.606324 0.69289693
53.972722 0.69957119
55.339120 0.70559607
56.705518 0.70678662
58.071916 0.70426122
59.438314 0.70065351
60.804712 0.69931865
62.171110 0.69755088
63.537508 0.69387101
64.903906 0.69260831
66.270304 0.69491725
67.636702 0.70343144
69.003100 0.70570430
70.369498 0.70545176
71.735896 0.71021394
73.102294 0.71281149
74.468692 0.71324442
75.835090 0.70974494
77.201488 0.71299188
78.567886 0.71926930
79.934284 0.72590748
81.300682 0.72204723
