# Density profile (accumulated) at T = 0.280000
# columns : x rho
0.614704 0.86313445
1.844113 0.87048767
3.073521 0.87530068
4.302930 0.87111158
5.532339 0.87975718
6.761747 0.87699415
7.991156 0.87102245
9.220564 0.87552351
10.449973 0.87694959
11.679382 0.87645937
12.908790 0.87155723
14.138199 0.87512242
15.367607 0.88029196
16.597016 0.87276048
17.826425 0.87432025
19.055833 0.87654850
20.285242 0.87694959
21.514650 0.87396373
22.744059 0.87503329
23.973468 0.87489960
25.202876 0.87432025
26.432285 0.87632568
27.661693 0.87351809
28.891102 0.87454308
30.120511 0.87057680
31.349919 0.86727899
32.579328 0.86032685
33.808736 0.86817029
35.038145 0.86420401
36.267554 0.85283994
37.496962 0.84481824
38.726371 0.83911392
39.955779 0.84668997
41.185188 0.86130728
42.414597 0.87235940
43.644005 0.86857137
44.873414 0.87637024
46.102822 0.88140609
47.332231 0.87320613
48.561639 0.86901702
49.791048 0.88006914
51.020457 0.88216369
52.249865 0.86857137
53.479274 0.87391917
54.708682 0.87931153
55.938091 0.87481047
57.167500 0.86576378
58.396908 0.87218114
59.626317 0.86674421
60.855725 0.84383781
62.085134 0.85435515
63.314543 0.86558552
64.543951 0.86362466
65.773360 0.85359754
67.002768 0.86415944
68.232177 0.86915072
69.461586 0.86669964
70.690994 0.86594204
71.920403 0.86540726
73.149811 0.86197576
