# Density profile (accumulated) at T = 0.280000
# columns : x rho
0.613743 0.87433318
1.841230 0.87969773
3.068717 0.87634489
4.296204 0.87357320
5.523690 0.87545080
6.751177 0.88144122
7.978664 0.87486963
9.206151 0.87272381
10.433638 0.87621077
11.661124 0.88340822
12.888611 0.87084622
14.116098 0.87303674
15.343585 0.87893776
16.571071 0.88032360
17.798558 0.87267911
19.026045 0.87384143
20.253532 0.87898246
21.481019 0.87750721
22.708505 0.87504845
23.935992 0.87267911
25.163479 0.87889305
26.390966 0.87750721
27.618452 0.87241088
28.845939 0.87478023
30.073426 0.88112828
31.300913 0.87585314
32.528400 0.87142738
33.755886 0.87741780
34.983373 0.88086006
36.210860 0.87334968
37.438347 0.87393084
38.665833 0.87768603
39.893320 0.87831189
41.120807 0.87486963
42.348294 0.87795425
43.575781 0.87630018
44.803267 0.87844601
46.030754 0.87151679
47.258241 0.87706016
48.485728 0.87849071
49.713214 0.87670252
50.940701 0.87361791
52.168188 0.87567432
53.395675 0.87992126
54.623162 0.87303674
55.850648 0.87634489
57.078135 0.87849071
58.305622 0.87540609
59.533109 0.87469082
60.760595 0.87375202
61.988082 0.87996596
63.215569 0.87638959
64.443056 0.87321556
65.670543 0.87638959
66.898029 0.88068124
68.125516 0.87625548
69.353003 0.87147208
70.580490 0.87773073
71.807976 0.87875894
73.035463 0.87402025
