# Density profile (accumulated) at T = 0.440000
# columns : x rho
0.804070 0.51635836
2.412211 0.51068037
4.020352 0.51086269
5.628493 0.51252962
7.236634 0.52333864
8.844774 0.53972146
10.452915 0.54558177
12.061056 0.55180672
13.669197 0.55386434
15.277338 0.53625736
16.885479 0.54125816
18.493619 0.54128421
20.101760 0.54855099
21.709901 0.56019347
23.318042 0.56477754
24.926183 0.54941050
26.534323 0.53070960
28.142464 0.51216498
29.750605 0.48861956
31.358746 0.44582628
32.966887 0.38164938
34.575027 0.29637537
36.183168 0.23753787
37.791309 0.21763886
39.399450 0.22907298
41.007591 0.26288045
42.615731 0.31340934
44.223872 0.36992876
45.832013 0.40428320
47.440154 0.43462658
49.048295 0.48421782
50.656436 0.51724392
52.264576 0.54714452
53.872717 0.56438685
55.480858 0.56954392
57.088999 0.57399776
58.697140 0.57571678
60.305280 0.56475149
61.913421 0.56079252
63.521562 0.56759048
65.129703 0.56623610
66.737844 0.57248710
68.345984 0.56107903
69.954125 0.55448944
71.562266 0.54803007
73.170407 0.55725029
74.778548 0.56264178
76.386689 0.56240737
77.994829 0.55060861
79.602970 0.55839631
81.211111 0.56201668
82.819252 0.57089830
84.427393 0.57582096
86.035533 0.57587305
87.643674 0.57326847
89.251815 0.57485727
90.859956 0.56446499
92.468097 0.55349970
94.076237 0.54375856
95.684378 0.52893849
