# Layer profile at T = 0.440000
# input   = bicrystal_Sigma39_theta32.2042deg.dat
# seed    = 8000830
# n_samples = 1000
# Lx = 93.292481  Ly = 32.317463
# columns : x rho coord psi6 psi4
0.777437 0.51879015 5.829299 0.503577 0.192954
2.332312 0.52078021 5.896481 0.497991 0.190956
3.887187 0.51061098 5.932731 0.495946 0.188664
5.442061 0.50927763 5.932359 0.498238 0.188616
6.996936 0.51230253 5.932176 0.498447 0.187293
8.551811 0.52617329 5.972806 0.501988 0.183556
10.106685 0.54024305 5.987328 0.499139 0.183018
11.661560 0.54768589 6.035900 0.498118 0.179233
13.216435 0.55771582 6.055772 0.495927 0.177943
14.771309 0.55540735 6.057902 0.500957 0.177725
16.326184 0.55222324 6.035353 0.499743 0.178277
17.881059 0.54241222 6.002605 0.503170 0.179627
19.435933 0.53540719 5.970897 0.505672 0.181497
20.990808 0.52613349 5.907822 0.506128 0.185253
22.545683 0.50746667 5.811804 0.510449 0.190183
24.100557 0.48400380 5.683154 0.513738 0.199421
25.655432 0.45755583 5.550974 0.520716 0.208784
27.210307 0.41823214 5.404882 0.526044 0.220088
28.765182 0.37628156 5.330283 0.535315 0.224127
30.320056 0.35721674 5.309415 0.535197 0.227391
31.874931 0.35932621 5.242025 0.538897 0.228878
33.429806 0.36854021 5.318592 0.533691 0.224260
34.984680 0.38477914 5.372485 0.531525 0.220969
36.539555 0.41162512 5.454989 0.531437 0.214097
38.094430 0.43908803 5.550943 0.522255 0.207352
39.649304 0.46856090 5.680569 0.516671 0.200960
41.204179 0.49162575 5.778497 0.507393 0.193697
42.759054 0.51630256 5.855150 0.504507 0.189451
44.313928 0.52605388 5.914731 0.502373 0.186041
45.868803 0.53494948 5.934898 0.499902 0.185379
47.423678 0.54549682 5.974134 0.501048 0.182603
48.978552 0.53984504 5.999816 0.501199 0.182047
50.533427 0.54905904 6.035375 0.500525 0.179818
52.088302 0.55347699 6.077592 0.498098 0.175824
53.643176 0.56722834 6.110795 0.495297 0.174049
55.198051 0.57180549 6.173076 0.491864 0.171433
56.752926 0.58372598 6.192759 0.491401 0.169815
58.307800 0.58247224 6.202979 0.492236 0.170495
59.862675 0.57827320 6.206484 0.489034 0.171302
61.417550 0.57954684 6.191127 0.490097 0.171537
62.972424 0.57118857 6.148317 0.493570 0.173064
64.527299 0.56215367 6.121212 0.495591 0.174880
66.082174 0.55972579 6.078539 0.496135 0.177784
67.637048 0.55686010 6.077836 0.494445 0.177074
69.191923 0.55301927 6.069200 0.493767 0.177873
70.746798 0.55654169 6.061539 0.496855 0.177888
72.301672 0.55644218 6.071314 0.494065 0.178355
73.856547 0.55297947 6.088243 0.492151 0.177750
75.411422 0.54991477 6.071038 0.493027 0.180626
76.966296 0.54575553 6.038543 0.494337 0.181417
78.521171 0.54561623 6.002772 0.496676 0.182466
80.076046 0.54042216 5.955111 0.498340 0.185283
81.630920 0.52396432 5.911390 0.502258 0.187078
83.185795 0.51256124 5.865274 0.509182 0.190021
84.740670 0.49735714 5.834707 0.510561 0.190874
86.295545 0.48121771 5.797113 0.514757 0.192914
87.850419 0.47502861 5.764307 0.514009 0.193741
89.405294 0.46971513 5.752277 0.518835 0.194704
90.960169 0.48605357 5.743081 0.518894 0.195524
92.515043 0.50199399 5.781724 0.511422 0.192491
