# Layer profile at T = 0.440000
# input   = perfect_Sigma39_theta32.2042deg.dat
# seed    = 8000053
# n_samples = 1000
# Lx = 86.405092  Ly = 29.931602
# columns : x rho coord psi6 psi4
0.720042 0.61906020 5.773085 0.538939 0.188726
2.160127 0.61374747 5.754300 0.537200 0.189356
3.600212 0.61606744 5.755602 0.538722 0.190426
5.040297 0.61567305 5.747381 0.539313 0.189265
6.480382 0.61084751 5.740410 0.536658 0.191247
7.920467 0.60683397 5.748098 0.537399 0.188907
9.360552 0.60305242 5.720320 0.538982 0.191383
10.800637 0.61026752 5.732979 0.536130 0.190189
12.240721 0.61481466 5.725407 0.534723 0.191377
13.680806 0.61838741 5.733183 0.538190 0.190976
15.120891 0.60769236 5.728335 0.536267 0.191671
16.560976 0.61270349 5.721734 0.536197 0.191514
18.001061 0.61562665 5.722113 0.539289 0.191943
19.441146 0.61776102 5.739710 0.537881 0.190338
20.881231 0.62096257 5.761899 0.537862 0.188854
22.321315 0.61947779 5.757509 0.537823 0.189364
23.761400 0.61425787 5.745402 0.537488 0.189354
25.201485 0.60896834 5.727456 0.536265 0.190256
26.641570 0.60741396 5.706783 0.537015 0.192998
28.081655 0.60242603 5.669889 0.537146 0.194708
29.521740 0.59553573 5.639229 0.542492 0.197433
30.961825 0.58409829 5.628748 0.540886 0.197265
32.401910 0.57240565 5.632027 0.541555 0.197994
33.841994 0.58801903 5.649846 0.544906 0.195733
35.282079 0.60845795 5.704350 0.542622 0.191897
36.722164 0.61379387 5.757833 0.538275 0.189650
38.162249 0.61873540 5.766892 0.537934 0.188564
39.602334 0.62448892 5.791626 0.535141 0.186828
41.042419 0.63072964 5.814948 0.537439 0.184865
42.482504 0.63761994 5.819240 0.536417 0.184252
43.922589 0.63214482 5.801453 0.538114 0.185134
45.362673 0.62912886 5.820820 0.535783 0.185054
46.802758 0.63260881 5.821402 0.538094 0.183267
48.242843 0.63806074 5.825074 0.536308 0.182724
49.682928 0.63432559 5.816473 0.537678 0.184343
51.123013 0.63244641 5.810975 0.534063 0.185945
52.563098 0.63321200 5.801531 0.537107 0.186795
54.003183 0.62103217 5.761179 0.536596 0.189106
55.443267 0.61205390 5.707452 0.536870 0.192941
56.883352 0.59783249 5.688308 0.541642 0.193490
58.323437 0.59683491 5.718922 0.538423 0.191689
59.763522 0.59537333 5.718194 0.539773 0.191545
61.203607 0.59502533 5.681535 0.539728 0.193749
62.643692 0.59110459 5.664704 0.537952 0.195945
64.083777 0.59261257 5.642264 0.540653 0.196982
65.523862 0.59073339 5.626124 0.540382 0.198553
66.963946 0.58198711 5.604760 0.543300 0.199590
68.404031 0.56646653 5.580006 0.540853 0.201029
69.844116 0.54980916 5.562091 0.542846 0.204748
71.284201 0.54593482 5.543515 0.547393 0.204228
72.724286 0.54456603 5.562050 0.546019 0.202586
74.164371 0.54461243 5.563110 0.547946 0.201976
75.604456 0.54628281 5.547586 0.549203 0.201089
77.044541 0.55064435 5.585212 0.550394 0.199706
78.484625 0.56744092 5.613721 0.548278 0.197038
79.924710 0.58066473 5.664789 0.546701 0.195180
81.364795 0.59922448 5.693639 0.545165 0.193414
82.804880 0.60609158 5.728957 0.543543 0.190399
84.244965 0.62567211 5.753791 0.539621 0.188402
85.685050 0.62764408 5.771827 0.539140 0.187328
