# Layer profile at T = 0.420000
# input   = bicrystal_Sigma39_theta32.2042deg.dat
# seed    = 7000827
# n_samples = 1000
# Lx = 79.701517  Ly = 27.609415
# columns : x rho coord psi6 psi4
0.664179 0.70213650 5.636169 0.592536 0.190956
1.992538 0.70085498 5.626712 0.590898 0.191259
3.320897 0.69763754 5.624638 0.588872 0.191627
4.649255 0.69553803 5.618958 0.591215 0.192958
5.977614 0.69507451 5.620861 0.590566 0.192475
7.305972 0.69831920 5.622037 0.591709 0.193152
8.634331 0.69600156 5.604638 0.591985 0.193643
9.962690 0.69057555 5.604928 0.592493 0.193171
11.291048 0.68310457 5.595418 0.597490 0.192524
12.619407 0.67814208 5.593342 0.599687 0.192497
13.947766 0.67833295 5.585377 0.595757 0.194982
15.276124 0.68561307 5.599920 0.595161 0.193618
16.604483 0.69725582 5.635852 0.596296 0.190299
17.932841 0.69668322 5.640210 0.596725 0.188233
19.261200 0.70009152 5.635769 0.595939 0.190590
20.589559 0.70306355 5.658639 0.597695 0.188546
21.917917 0.70712624 5.653042 0.600604 0.186927
23.246276 0.70737164 5.665883 0.594151 0.187479
24.574634 0.70739891 5.669904 0.592321 0.187529
25.902993 0.70521760 5.651175 0.593375 0.189714
27.231352 0.70020058 5.641316 0.593825 0.189779
28.559710 0.69731035 5.648197 0.594467 0.189464
29.888069 0.70120944 5.656142 0.593558 0.188399
31.216428 0.69886453 5.665756 0.593003 0.188776
32.544786 0.70827143 5.658531 0.598526 0.188151
33.873145 0.70843503 5.680009 0.594957 0.184990
35.201503 0.71923252 5.696224 0.594125 0.184662
36.529862 0.71304305 5.692402 0.594296 0.185518
37.858221 0.71121620 5.693490 0.592922 0.185480
39.186579 0.71091627 5.691405 0.593685 0.186689
40.514938 0.71994144 5.698985 0.597069 0.184844
41.843297 0.71696941 5.707511 0.593693 0.184426
43.171655 0.71860539 5.694252 0.590330 0.186607
44.500014 0.71099807 5.686071 0.588497 0.186725
45.828372 0.71383377 5.671658 0.590930 0.188019
47.156731 0.70611739 5.666178 0.592744 0.189170
48.485090 0.70510853 5.657309 0.596415 0.187760
49.813448 0.70270909 5.646205 0.598955 0.189219
51.141807 0.70480860 5.656931 0.592127 0.188937
52.470166 0.70966202 5.654858 0.593497 0.188006
53.798524 0.70958022 5.665885 0.593613 0.188830
55.126883 0.69981885 5.658848 0.591856 0.188977
56.455241 0.69831920 5.643200 0.595357 0.190145
57.783600 0.70191837 5.652682 0.593665 0.188472
59.111959 0.70745344 5.643876 0.598454 0.188452
60.440317 0.70745344 5.661720 0.595499 0.188505
61.768676 0.71268859 5.667878 0.596662 0.186731
63.097034 0.70949842 5.670458 0.595829 0.187307
64.425393 0.70491767 5.668085 0.597593 0.187175
65.753752 0.69897360 5.657304 0.592528 0.188443
67.082110 0.70219103 5.641867 0.593942 0.191330
68.410469 0.69932806 5.637983 0.596666 0.190966
69.738828 0.70543573 5.636789 0.596644 0.190290
71.067186 0.70202743 5.636540 0.595448 0.190423
72.395545 0.70579019 5.650493 0.593674 0.189483
73.723903 0.71320665 5.681424 0.591700 0.186753
75.052262 0.71797826 5.679705 0.592264 0.186849
76.380621 0.70748071 5.644121 0.593548 0.190738
77.708979 0.69902813 5.640871 0.592283 0.190614
79.037338 0.70227283 5.639269 0.591033 0.190555
