# Layer profile at T = 0.300000
# input   = perfect_Sigma39_theta32.2042deg.dat
# seed    = 1000032
# n_samples = 1000
# Lx = 71.967670  Ly = 24.930332
# columns : x rho coord psi6 psi4
0.599731 0.86870983 5.999384 0.912108 0.074552
1.799192 0.86891048 5.999577 0.912225 0.074633
2.998653 0.87148548 5.999655 0.910911 0.074894
4.198114 0.86847574 5.999384 0.910784 0.075264
5.397575 0.86947899 5.999423 0.911351 0.074693
6.597036 0.86998061 5.999423 0.912264 0.074313
7.796498 0.87001405 5.999654 0.911685 0.074303
8.995959 0.86967964 5.999385 0.911199 0.074912
10.195420 0.86817477 5.999307 0.911489 0.074934
11.394881 0.87138515 5.999041 0.909922 0.075550
12.594342 0.86884360 5.999230 0.910578 0.075164
13.793803 0.86844230 5.999153 0.911047 0.074700
14.993265 0.87014782 5.999347 0.911178 0.074720
16.192726 0.86720497 5.999653 0.910953 0.075154
17.392187 0.87155236 5.999463 0.911748 0.074889
18.591648 0.86633549 5.999653 0.911378 0.074842
19.791109 0.86967964 5.999231 0.910795 0.075617
20.990570 0.87208743 5.999348 0.910302 0.075071
22.190032 0.86750594 5.999383 0.910113 0.075374
23.389493 0.87121795 5.999539 0.910463 0.075072
24.588954 0.86911113 5.999384 0.911030 0.074930
25.788415 0.86944555 5.999462 0.910961 0.074986
26.987876 0.86951243 5.999308 0.910888 0.074742
28.187337 0.86931178 5.998846 0.911146 0.074757
29.386799 0.86904425 5.998923 0.911654 0.075013
30.586260 0.86887704 5.999384 0.910790 0.075367
31.785721 0.86770659 5.999345 0.910463 0.075145
32.985182 0.86921146 5.999000 0.911070 0.075329
34.184643 0.86914457 5.999000 0.909917 0.074682
35.384104 0.87165269 5.999194 0.910764 0.074955
36.583566 0.86723841 5.999422 0.911082 0.074927
37.783027 0.86857607 5.999114 0.910619 0.075066
38.982488 0.86914457 5.999384 0.911135 0.075208
40.181949 0.86870983 5.998999 0.910998 0.075176
41.381410 0.87074977 5.999117 0.910364 0.075276
42.580871 0.86760627 5.999113 0.909569 0.075321
43.780333 0.87031503 5.999078 0.911101 0.074997
44.979794 0.86723841 5.999113 0.910354 0.075324
46.179255 0.87228808 5.999272 0.909792 0.075211
47.378716 0.86860951 5.999615 0.910176 0.075034
48.578177 0.86891048 5.999346 0.910548 0.074646
49.777638 0.87202054 5.999118 0.911017 0.075091
50.977100 0.86553289 5.998918 0.911591 0.075132
52.176561 0.87131827 5.999040 0.910941 0.074991
53.376022 0.86857607 5.999422 0.910579 0.074927
54.575483 0.86894393 5.999577 0.911079 0.074864
55.774944 0.87004749 5.999193 0.911421 0.074726
56.974405 0.87192022 5.999386 0.911637 0.074868
58.173867 0.86774003 5.999268 0.912167 0.074154
59.373328 0.87041535 5.999270 0.912201 0.074402
60.572789 0.86810789 5.999114 0.911776 0.074771
61.772250 0.87074977 5.999347 0.910853 0.074446
62.971711 0.87071632 5.999193 0.911086 0.075475
64.171172 0.87071632 5.998925 0.910610 0.075167
65.370633 0.86680367 5.998958 0.910835 0.074944
66.570095 0.87091697 5.999040 0.911620 0.075170
67.769556 0.87181989 5.999041 0.910988 0.075059
68.969017 0.86797412 5.999037 0.911628 0.074822
70.168478 0.87088353 5.999386 0.912279 0.074606
71.367939 0.87181989 5.999194 0.912009 0.074514
