# Layer profile at T = 0.420000
# input   = perfect_Sigma39_theta32.2042deg.dat
# seed    = 7000050
# n_samples = 1000
# Lx = 80.099866  Ly = 27.747408
# columns : x rho coord psi6 psi4
0.667499 0.71215059 5.683434 0.598996 0.186664
2.002497 0.71485017 5.694260 0.601705 0.183663
3.337494 0.70988293 5.689040 0.599583 0.185115
4.672492 0.70729133 5.675115 0.598687 0.186191
6.007490 0.70464574 5.653015 0.596881 0.188799
7.342488 0.69668196 5.639206 0.594558 0.190832
8.677486 0.69495423 5.616129 0.595877 0.191900
10.012483 0.69052691 5.613980 0.600615 0.190327
11.347481 0.69230863 5.624995 0.600266 0.189495
12.682479 0.69163374 5.629586 0.597313 0.191346
14.017477 0.69071588 5.643946 0.597966 0.189853
15.352474 0.70486171 5.645691 0.600183 0.188331
16.687472 0.70359290 5.656218 0.598185 0.189199
18.022470 0.70178418 5.643407 0.597341 0.190063
19.357468 0.70062336 5.633992 0.599462 0.190856
20.692465 0.70343093 5.652992 0.596383 0.189228
22.027463 0.70577956 5.665506 0.595133 0.188775
23.362461 0.70761528 5.673203 0.596505 0.186729
24.697459 0.70856014 5.675696 0.594583 0.186584
26.032457 0.70926203 5.668862 0.596608 0.187369
27.367454 0.70343093 5.653797 0.594908 0.188623
28.702452 0.70040739 5.629485 0.593519 0.191851
30.037450 0.69357744 5.614160 0.599549 0.191672
31.372448 0.68979802 5.616508 0.597712 0.192335
32.707445 0.68888016 5.613528 0.595341 0.192389
34.042443 0.68933909 5.610456 0.594691 0.192970
35.377441 0.69651999 5.627418 0.594077 0.191024
36.712439 0.70243208 5.632590 0.592606 0.190706
38.047437 0.70259405 5.649735 0.597322 0.189668
39.382434 0.70515866 5.654378 0.599495 0.186570
40.717432 0.70478072 5.648906 0.600012 0.187412
42.052430 0.69762682 5.633891 0.598735 0.190283
43.387428 0.69149876 5.626078 0.598344 0.190146
44.722425 0.69732986 5.645465 0.601148 0.186979
46.057423 0.69962451 5.648750 0.597266 0.187550
47.392421 0.69778879 5.658310 0.598273 0.187762
48.727419 0.70013743 5.665047 0.601364 0.186358
50.062416 0.70515866 5.663642 0.601174 0.185968
51.397414 0.70475372 5.662568 0.597142 0.187341
52.732412 0.69881463 5.648999 0.599218 0.188928
54.067410 0.69319950 5.630072 0.599534 0.191170
55.402408 0.69984048 5.628221 0.594593 0.192037
56.737405 0.70540162 5.652775 0.597600 0.187088
58.072403 0.70866812 5.681536 0.596872 0.186659
59.407401 0.71717181 5.698976 0.596905 0.183840
60.742399 0.71352737 5.704135 0.595871 0.183559
62.077396 0.71166466 5.704157 0.600867 0.183241
63.412394 0.71044985 5.702360 0.600610 0.184075
64.747392 0.71190762 5.695082 0.599248 0.185236
66.082390 0.71522811 5.705216 0.599647 0.182493
67.417387 0.71382433 5.683231 0.598474 0.185600
68.752385 0.70556360 5.675543 0.601537 0.185431
70.087383 0.70769627 5.675415 0.601474 0.184562
71.422381 0.70777726 5.670722 0.599075 0.187174
72.757379 0.70545561 5.659154 0.596391 0.187367
74.092376 0.69557513 5.640922 0.597060 0.188967
75.427374 0.68942008 5.625147 0.600595 0.189976
76.762372 0.68731440 5.624470 0.602769 0.189467
78.097370 0.69452229 5.640028 0.602390 0.188352
79.432367 0.69851768 5.671188 0.600715 0.185576
