# Layer profile at T = 0.280000
# input   = perfect_Sigma39_theta32.2042deg.dat
# seed    = 29
# n_samples = 1000
# Lx = 71.685704  Ly = 24.832656
# columns : x rho coord psi6 psi4
0.597381 0.87474825 5.999615 0.921280 0.070490
1.792143 0.87795023 5.999654 0.921782 0.070373
2.986904 0.87538865 5.999653 0.920958 0.070689
4.181666 0.87586052 5.999769 0.920994 0.070557
5.376428 0.87670315 5.999616 0.921353 0.070581
6.571190 0.87626498 5.999769 0.921407 0.070925
7.765951 0.87663574 5.999692 0.921494 0.070911
8.960713 0.87468084 5.999884 0.921268 0.070485
10.155475 0.87788282 5.999962 0.920800 0.070614
11.350236 0.87643350 5.999769 0.920692 0.070918
12.544998 0.87397303 5.999846 0.921098 0.070837
13.739760 0.87677056 5.999808 0.922173 0.070321
14.934522 0.87613016 5.999654 0.922011 0.070421
16.129283 0.87629868 5.999577 0.921562 0.070319
17.324045 0.87683797 5.999692 0.921331 0.070596
18.518807 0.87670315 5.999692 0.921693 0.070694
19.713569 0.87528753 5.999653 0.921408 0.070797
20.908330 0.87795023 5.999616 0.921940 0.070397
22.103092 0.87414156 5.999653 0.921637 0.070212
23.297854 0.87501789 5.999576 0.921557 0.070946
24.492616 0.87943326 5.999463 0.921194 0.070451
25.687377 0.87569199 5.999731 0.921716 0.070244
26.882139 0.87461343 5.999846 0.921470 0.070666
28.076901 0.87835470 5.999770 0.920708 0.070938
29.271663 0.87646721 5.999769 0.919650 0.070975
30.466424 0.87478196 5.999653 0.921343 0.070492
31.661186 0.87795023 5.999770 0.922169 0.070109
32.855948 0.87781541 5.999654 0.921623 0.070206
34.050709 0.87340005 5.999460 0.921934 0.070661
35.245471 0.87626498 5.999808 0.922574 0.070125
36.440233 0.87862434 5.999770 0.922489 0.070124
37.634995 0.87535494 5.999846 0.921819 0.070413
38.829756 0.87660203 5.999808 0.922002 0.070415
40.024518 0.87805135 5.999885 0.921876 0.070167
41.219280 0.87498419 5.999884 0.921228 0.070387
42.414042 0.87602904 5.999846 0.920929 0.070585
43.608803 0.87683797 5.999539 0.921740 0.070239
44.803565 0.87606275 5.999423 0.921444 0.070202
45.998327 0.87677056 5.999731 0.922176 0.070224
47.193089 0.87811876 5.999808 0.921628 0.070524
48.387850 0.87326523 5.999807 0.921079 0.070244
49.582612 0.87879286 5.999808 0.921123 0.070283
50.777374 0.87737725 5.999616 0.920890 0.070847
51.972136 0.87393933 5.999653 0.921416 0.070720
53.166897 0.87687167 5.999731 0.921526 0.070534
54.361659 0.87764689 5.999654 0.921485 0.070397
55.556421 0.87387192 5.999537 0.921104 0.070210
56.751182 0.87730984 5.999731 0.920609 0.070575
57.945944 0.87656833 5.999654 0.920656 0.070827
59.140706 0.87626498 5.999923 0.921922 0.070229
60.335468 0.87872545 5.999732 0.922265 0.070255
61.530229 0.87393933 5.999653 0.920575 0.070538
62.724991 0.87683797 5.999808 0.921259 0.070295
63.919753 0.87730984 5.999769 0.920677 0.070838
65.114515 0.87687167 5.999500 0.920885 0.070714
66.309276 0.87404044 5.999499 0.919918 0.070685
67.504038 0.87953437 5.999770 0.922084 0.070766
68.698800 0.87522012 5.999730 0.921865 0.070352
69.893562 0.87508530 5.999653 0.921110 0.070673
71.088323 0.87660203 5.999539 0.921442 0.070378
