# Layer profile at T = 0.320000
# input   = bicrystal_Sigma39_theta32.2042deg.dat
# seed    = 2000812
# n_samples = 1000
# Lx = 72.248431  Ly = 25.027591
# columns : x rho coord psi6 psi4
0.602070 0.83340147 5.805940 0.789772 0.126990
1.806211 0.83801379 5.864621 0.826227 0.113607
3.010351 0.84806796 5.916034 0.852767 0.101251
4.214492 0.85540120 5.949533 0.870840 0.093067
5.418632 0.86104216 5.971521 0.883002 0.087707
6.622773 0.86160625 5.983748 0.890826 0.083639
7.826913 0.86117489 5.990136 0.896576 0.081669
9.031054 0.86528947 5.995475 0.898177 0.080647
10.235194 0.86528947 5.998351 0.898445 0.080419
11.439335 0.86455946 5.998733 0.899286 0.080028
12.643475 0.86465901 5.998350 0.900008 0.079505
13.847616 0.86509037 5.998466 0.899595 0.079190
15.051756 0.86558811 5.997853 0.899795 0.079658
16.255897 0.86598629 5.998544 0.898441 0.079991
17.460037 0.86376309 5.996082 0.898098 0.080550
18.664178 0.86034533 5.981719 0.895172 0.083094
19.868318 0.85998033 5.977544 0.894056 0.083963
21.072459 0.86087625 5.979957 0.889282 0.085322
22.276599 0.85792304 5.959544 0.877154 0.090774
23.480740 0.84780250 5.911742 0.851934 0.102144
24.684881 0.83801379 5.855435 0.823769 0.114214
25.889021 0.83224010 5.823253 0.802224 0.121914
27.093162 0.83111191 5.829521 0.807626 0.121363
28.297302 0.83605604 5.854659 0.820689 0.115826
29.501443 0.83957334 5.876531 0.831294 0.110307
30.705583 0.84418565 5.896034 0.845245 0.104549
31.909724 0.85261391 5.930453 0.861297 0.097321
33.113864 0.85802259 5.959548 0.875657 0.090969
34.318005 0.86090943 5.968819 0.880238 0.088480
35.522145 0.85487029 5.956993 0.876597 0.090513
36.726286 0.85553393 5.945080 0.869154 0.093318
37.930426 0.85287936 5.946777 0.869328 0.092251
39.134567 0.85948260 5.967802 0.881029 0.088349
40.338707 0.86207080 5.986528 0.891478 0.083078
41.542848 0.86127443 5.995569 0.895255 0.081572
42.746988 0.86694857 5.997818 0.897184 0.081022
43.951129 0.86382945 5.998540 0.898021 0.080436
45.155269 0.86376309 5.998848 0.898881 0.080038
46.359410 0.86635129 5.999042 0.899117 0.080088
47.563550 0.86389582 5.999001 0.899857 0.079847
48.767691 0.86628493 5.998544 0.899568 0.079791
49.971831 0.86359718 5.998809 0.898988 0.079984
51.175972 0.86439355 5.998234 0.899157 0.080130
52.380112 0.86608584 5.998353 0.899334 0.079976
53.584253 0.86366354 5.998348 0.899958 0.079812
54.788393 0.86658357 5.998392 0.899983 0.080019
55.992534 0.86558811 5.998352 0.899779 0.079163
57.196674 0.86555492 5.998313 0.900116 0.079734
58.400815 0.86489128 5.998849 0.899877 0.080014
59.604955 0.86469219 5.998196 0.900006 0.079386
60.809096 0.86256853 5.997730 0.898642 0.080451
62.013236 0.86366354 5.996696 0.898211 0.080391
63.217377 0.86651720 5.990886 0.894810 0.082444
64.421517 0.85868623 5.968313 0.886051 0.087554
65.625658 0.85480392 5.935096 0.869440 0.094449
66.829798 0.84491566 5.906178 0.852338 0.101413
68.033939 0.84202882 5.882842 0.843301 0.107839
69.238079 0.83798060 5.848816 0.822938 0.116589
70.442220 0.83084645 5.817724 0.803030 0.123832
71.646361 0.82304866 5.791203 0.784404 0.130058
