# Layer profile at T = 0.380000
# input   = perfect_Sigma39_theta32.2042deg.dat
# seed    = 5000044
# n_samples = 1000
# Lx = 73.093336  Ly = 25.320274
# columns : x rho coord psi6 psi4
0.609111 0.84057038 5.988005 0.857134 0.095590
1.827333 0.84439587 5.988098 0.856178 0.095259
3.045556 0.84105667 5.989361 0.857306 0.095605
4.263778 0.84400683 5.989130 0.857528 0.095253
5.482000 0.83969505 5.989305 0.857375 0.095425
6.700222 0.84287215 5.990384 0.856764 0.094875
7.918445 0.84365022 5.989701 0.856703 0.094959
9.136667 0.84423377 5.989517 0.857982 0.094514
10.354889 0.84274248 5.988921 0.857928 0.095177
11.573112 0.84332603 5.989005 0.858102 0.095060
12.791334 0.84232102 5.989570 0.856093 0.095988
14.009556 0.84287215 5.988730 0.855497 0.095784
15.227778 0.84215893 5.989837 0.856498 0.096202
16.446001 0.84267764 5.989343 0.857991 0.095586
17.664223 0.84309909 5.988580 0.858094 0.095466
18.882445 0.84348812 5.989430 0.858637 0.094579
20.100667 0.84442829 5.989903 0.859515 0.094428
21.318890 0.84429861 5.989978 0.858402 0.094307
22.537112 0.84271006 5.988267 0.857824 0.095291
23.755334 0.84322877 5.989542 0.858911 0.094895
24.973556 0.84407167 5.990628 0.859801 0.095058
26.191779 0.84238586 5.991187 0.857460 0.094437
27.410001 0.84335844 5.990236 0.856811 0.094999
28.628223 0.84468764 5.989023 0.856470 0.095901
29.846445 0.84319635 5.989234 0.856092 0.096068
31.064668 0.84235344 5.990147 0.855563 0.095653
32.282890 0.84300183 5.989770 0.856434 0.095841
33.501112 0.84507667 5.987992 0.857136 0.095828
34.719335 0.84394199 5.989667 0.856672 0.095483
35.937557 0.84222377 5.989607 0.855901 0.095871
37.155779 0.84108909 5.988861 0.858154 0.095648
38.374001 0.84874007 5.989840 0.856969 0.095112
39.592224 0.83940328 5.989070 0.857008 0.095490
40.810446 0.84374748 5.989357 0.855728 0.095524
42.028668 0.84238586 5.989032 0.856642 0.095866
43.246890 0.84264522 5.989227 0.857641 0.094979
44.465113 0.84446070 5.988329 0.855612 0.095540
45.683335 0.84433103 5.989326 0.855601 0.095747
46.901557 0.84345570 5.988431 0.856403 0.095580
48.119779 0.84037586 5.989198 0.855020 0.095778
49.338002 0.84527119 5.990296 0.855772 0.095850
50.556224 0.84258038 5.988534 0.856441 0.096197
51.774446 0.84293699 5.988231 0.856100 0.096216
52.992668 0.84164022 5.989253 0.856163 0.095943
54.210891 0.84264522 5.989074 0.854873 0.095745
55.429113 0.84105667 5.988822 0.853612 0.095307
56.647335 0.84296941 5.989232 0.855104 0.095990
57.865558 0.84459038 5.989674 0.856844 0.094933
59.083780 0.84202925 5.989566 0.858535 0.094846
60.302002 0.84326119 5.988159 0.857036 0.095411
61.520224 0.84235344 5.988685 0.856009 0.095688
62.738447 0.84452554 5.987985 0.856022 0.095955
63.956669 0.84180231 5.989063 0.854456 0.095719
65.174891 0.84232102 5.989300 0.856894 0.095592
66.393113 0.84154296 5.988481 0.855484 0.095641
67.611336 0.84222377 5.986643 0.854056 0.096684
68.829558 0.84271006 5.987343 0.853756 0.096319
70.047780 0.83979231 5.985716 0.853147 0.096936
71.266002 0.84326119 5.985506 0.853828 0.096354
72.484225 0.84199683 5.988103 0.854929 0.096070
