# Layer profile at T = 0.320000
# input   = perfect_Sigma39_theta32.2042deg.dat
# seed    = 2000035
# n_samples = 1000
# Lx = 72.141702  Ly = 24.990619
# columns : x rho coord psi6 psi4
0.601181 0.86642057 5.998579 0.900887 0.079217
1.803543 0.86565513 5.998770 0.900598 0.079039
3.005904 0.86498952 5.998538 0.901320 0.078588
4.208266 0.86379143 5.998844 0.900714 0.079089
5.410628 0.86595465 5.998578 0.901122 0.079004
6.612989 0.86638729 5.998463 0.901630 0.079357
7.815351 0.86695306 5.998733 0.902785 0.078566
9.017713 0.86399111 5.998806 0.901006 0.078469
10.220074 0.86592137 5.998655 0.900590 0.078606
11.422436 0.86578825 5.997924 0.901233 0.079232
12.624798 0.86528904 5.998500 0.901535 0.079152
13.827160 0.86435719 5.998652 0.901170 0.079186
15.029521 0.86572169 5.998539 0.900362 0.079165
16.231883 0.86518920 5.998192 0.899383 0.079687
17.434245 0.86582153 5.998616 0.900316 0.078989
18.636606 0.86478984 5.998576 0.900574 0.079132
19.838968 0.86382471 5.998767 0.899423 0.079531
21.041330 0.86745226 5.998657 0.900932 0.079033
22.243692 0.86522248 5.998654 0.899014 0.079494
23.446053 0.86469000 5.998730 0.899963 0.079700
24.648415 0.86429063 5.998460 0.901130 0.079143
25.850777 0.86665354 5.998157 0.900451 0.079285
27.053138 0.86352518 5.998651 0.900829 0.079182
28.255500 0.86455687 5.998537 0.900539 0.079193
29.457862 0.86502280 5.998576 0.899663 0.079639
30.660223 0.86465672 5.997960 0.898790 0.080041
31.862585 0.86409095 5.998036 0.899766 0.079526
33.064947 0.86502280 5.998576 0.899509 0.079698
34.267309 0.86625417 5.998271 0.898937 0.079789
35.469670 0.86399111 5.998575 0.900285 0.079477
36.672032 0.86798475 5.998850 0.899606 0.079486
37.874394 0.86389127 5.998652 0.900236 0.079697
39.076755 0.86335878 5.998188 0.900762 0.079556
40.279117 0.86475656 5.998076 0.899812 0.079260
41.481479 0.86399111 5.998421 0.899819 0.079443
42.683841 0.86515592 5.998384 0.900348 0.079516
43.886202 0.86632073 5.998732 0.900275 0.078972
45.088564 0.86535560 5.998539 0.900085 0.079111
46.290926 0.86355846 5.998651 0.899796 0.079324
47.493287 0.86668682 5.998963 0.901038 0.078965
48.695649 0.86462344 5.998807 0.900613 0.078782
49.898011 0.86715274 5.998887 0.900611 0.079231
51.100372 0.86219397 5.999074 0.899305 0.079655
52.302734 0.86482312 5.998422 0.898997 0.079502
53.505096 0.86535560 5.998692 0.899502 0.079497
54.707458 0.86675338 5.999501 0.900121 0.079379
55.909819 0.86462344 5.998730 0.901893 0.078797
57.112181 0.86618761 5.998578 0.901059 0.078756
58.314543 0.86635401 5.998886 0.900584 0.078899
59.516904 0.86372487 5.998112 0.900587 0.079217
60.719266 0.86718602 5.998235 0.899448 0.079463
61.921628 0.86538888 5.998231 0.899450 0.079470
63.123989 0.86399111 5.998690 0.900477 0.078881
64.326351 0.86555528 5.998885 0.901974 0.078500
65.528713 0.86685322 5.998848 0.901403 0.078715
66.731075 0.86572169 5.998924 0.902125 0.078440
67.933436 0.86568841 5.998693 0.902213 0.078802
69.135798 0.86568841 5.998462 0.901852 0.078388
70.338160 0.86632073 5.998771 0.901710 0.078643
71.540521 0.86582153 5.998770 0.901059 0.079391
