# Layer profile at T = 0.340000
# input   = perfect_Sigma39_theta32.2042deg.dat
# seed    = 3000038
# n_samples = 1000
# Lx = 72.437496  Ly = 25.093085
# columns : x rho coord psi6 psi4
0.603646 0.85661931 5.997110 0.889022 0.084126
1.810937 0.85757658 5.996459 0.888899 0.083876
3.018229 0.86289104 5.997399 0.889298 0.083784
4.225521 0.85576108 5.996143 0.889501 0.083408
5.432812 0.85902898 5.996849 0.887979 0.084239
6.640104 0.85780764 5.997499 0.889100 0.083647
7.847395 0.85668533 5.997495 0.888588 0.083791
9.054687 0.86034934 5.996969 0.887497 0.083733
10.261979 0.85797269 5.996345 0.887159 0.084496
11.469270 0.86018430 5.997160 0.887886 0.084618
12.676562 0.85619020 5.997070 0.887386 0.084357
13.883853 0.86173573 5.996936 0.886786 0.083542
15.091145 0.85803871 5.996653 0.887683 0.083782
16.298437 0.85503488 5.997259 0.888284 0.084456
17.505728 0.85949111 5.996159 0.888732 0.084106
18.713020 0.85906199 5.996657 0.887763 0.084112
19.920311 0.85846782 5.997308 0.887264 0.084274
21.127603 0.85836880 5.997000 0.888444 0.084049
22.334895 0.85787366 5.997345 0.889459 0.083477
23.542186 0.85988722 5.996891 0.888679 0.083824
24.749478 0.85942509 5.996428 0.888286 0.084111
25.956770 0.85734552 5.996419 0.887366 0.083876
27.164061 0.85754357 5.995727 0.888689 0.083720
28.371353 0.85823676 5.996231 0.887913 0.084370
29.578644 0.85886393 5.996656 0.887950 0.084599
30.785936 0.85553001 5.996952 0.887507 0.084166
31.993228 0.85955713 5.996467 0.888029 0.083957
33.200519 0.85975518 5.996276 0.887050 0.084767
34.407811 0.85668533 5.995993 0.886773 0.084555
35.615102 0.85846782 5.996693 0.886259 0.084178
36.822394 0.85741153 5.996612 0.887865 0.083794
38.029686 0.85833579 5.997616 0.888310 0.084465
39.236977 0.85770862 5.997075 0.887975 0.084334
40.444269 0.85698241 5.996919 0.887599 0.084186
41.651560 0.85668533 5.996340 0.887664 0.084385
42.858852 0.85853384 5.997039 0.886724 0.084457
44.066144 0.85932606 5.996504 0.886913 0.084241
45.273435 0.85767561 5.997460 0.887825 0.084014
46.480727 0.85902898 5.997848 0.888851 0.083901
47.688018 0.85642126 5.997109 0.888063 0.084046
48.895310 0.85741153 5.997305 0.887677 0.084079
50.102602 0.85850083 5.996886 0.886483 0.084417
51.309893 0.85790667 5.996883 0.887019 0.084079
52.517185 0.85665232 5.997110 0.888640 0.084051
53.724476 0.86097652 5.997431 0.889643 0.083297
54.931768 0.85681737 5.996340 0.888309 0.084030
56.139060 0.85823676 5.996731 0.888071 0.084139
57.346351 0.85698241 5.996880 0.890390 0.083895
58.553643 0.86143864 5.996973 0.888277 0.083668
59.760934 0.85727950 5.997343 0.889321 0.083350
60.968226 0.85810472 5.997076 0.888380 0.084380
62.175518 0.86001925 5.996776 0.888879 0.083813
63.382809 0.85628922 5.996376 0.887964 0.083873
64.590101 0.85708144 5.996957 0.887585 0.084452
65.797392 0.85945810 5.996467 0.888208 0.084065
67.004684 0.85767561 5.996421 0.888580 0.083677
68.211976 0.86061342 5.996701 0.889252 0.083671
69.419267 0.85688339 5.997419 0.887363 0.083970
70.626559 0.85685038 5.996764 0.888135 0.084060
71.833851 0.86048138 5.997238 0.890086 0.083430
