# Layer profile at T = 0.300000
# input   = bicrystal_Sigma39_theta32.2042deg.dat
# seed    = 1000809
# n_samples = 1000
# Lx = 71.965513  Ly = 24.929585
# columns : x rho coord psi6 psi4
0.599713 0.84996666 5.873933 0.839662 0.106710
1.799138 0.85324412 5.909262 0.859299 0.098085
2.998563 0.85729079 5.942147 0.880154 0.090212
4.197988 0.86421359 5.959406 0.888705 0.085769
5.397413 0.86448114 5.970985 0.896554 0.082689
6.596839 0.86531723 5.977429 0.897824 0.080607
7.796264 0.86749105 5.986314 0.904170 0.078218
8.995689 0.87297579 5.995211 0.909554 0.075764
10.195114 0.86916323 5.997691 0.910963 0.075433
11.394540 0.86896257 5.999269 0.909662 0.075160
12.593965 0.86892913 5.999461 0.910056 0.075301
13.793390 0.87264135 5.999540 0.910400 0.075392
14.992815 0.86805959 5.999152 0.910556 0.074845
16.192240 0.87364466 5.999388 0.910881 0.074761
17.391666 0.87163805 5.999540 0.911869 0.075024
18.591091 0.86762483 5.999537 0.910237 0.075155
19.790516 0.87083541 5.999424 0.910518 0.075402
20.989941 0.87143739 5.999424 0.911034 0.074734
22.189367 0.87050097 5.999462 0.910541 0.074896
23.388792 0.87160461 5.999578 0.910747 0.075279
24.588217 0.87066819 5.999577 0.910313 0.075678
25.787642 0.86799271 5.999345 0.909294 0.075708
26.987067 0.87106951 5.998618 0.909033 0.075998
28.186493 0.86846092 5.992337 0.906863 0.078062
29.385918 0.86518345 5.976266 0.899342 0.081856
30.585343 0.85772555 5.936133 0.876879 0.092213
31.784768 0.84628787 5.873622 0.838166 0.107818
32.984193 0.83525152 5.794635 0.797262 0.124521
34.183619 0.82077048 5.749613 0.771409 0.136064
35.383044 0.82274365 5.768099 0.777608 0.131502
36.582469 0.84441504 5.829221 0.813228 0.117459
37.781894 0.84936468 5.906328 0.856989 0.099774
38.981320 0.86357816 5.961699 0.889208 0.086294
40.180745 0.86842747 5.988716 0.904739 0.079103
41.380170 0.86712318 5.997763 0.909943 0.075965
42.579595 0.87421320 5.999464 0.910648 0.075225
43.779020 0.86826026 5.999653 0.910281 0.075142
44.978446 0.86973177 5.999539 0.910361 0.075353
46.177871 0.86862813 5.999615 0.910650 0.074944
47.377296 0.87073507 5.999693 0.910556 0.074922
48.576721 0.87250758 5.999540 0.910873 0.075142
49.776147 0.86989899 5.999500 0.911376 0.074999
50.975572 0.86819337 5.999576 0.911097 0.074792
52.174997 0.87213970 5.999540 0.911440 0.074544
53.374422 0.86815992 5.999384 0.911808 0.074804
54.573847 0.87106951 5.999271 0.912183 0.074944
55.773273 0.87026687 5.999731 0.912031 0.074559
56.972698 0.87026687 5.999539 0.910466 0.075281
58.172123 0.87013309 5.999193 0.910137 0.075487
59.371548 0.87120328 5.999386 0.909809 0.075602
60.570973 0.86912979 5.999153 0.909628 0.075563
61.770399 0.87013309 5.997732 0.909165 0.076426
62.969824 0.86956455 5.991193 0.906170 0.077757
64.169249 0.86488246 5.974208 0.897914 0.082082
65.368674 0.85983249 5.942863 0.875721 0.089939
66.568100 0.85334445 5.901709 0.855089 0.100338
67.767525 0.84474947 5.868324 0.833752 0.108105
68.966950 0.84478292 5.837530 0.820169 0.114423
70.166375 0.83715780 5.844679 0.821544 0.114226
71.365800 0.84247531 5.859871 0.828338 0.110617
