# Layer profile at T = 0.360000
# input   = perfect_Sigma39_theta32.2042deg.dat
# seed    = 4000041
# n_samples = 1000
# Lx = 72.638628  Ly = 25.162759
# columns : x rho coord psi6 psi4
0.605322 0.85404859 5.993696 0.872356 0.089517
1.815966 0.85565709 5.993785 0.873486 0.089535
3.026609 0.84797568 5.994155 0.873562 0.089482
4.237253 0.85674037 5.993486 0.872509 0.089637
5.447897 0.85083159 5.993518 0.874232 0.089163
6.658541 0.85352337 5.994846 0.873901 0.089189
7.869185 0.85421272 5.994082 0.874776 0.089413
9.079828 0.85332641 5.993768 0.873130 0.089322
10.290472 0.85460664 5.994584 0.872903 0.089429
11.501116 0.85234161 5.994608 0.873678 0.089011
12.711760 0.85332641 5.994114 0.873514 0.089306
13.922404 0.85335923 5.994038 0.873875 0.089789
15.133047 0.85372033 5.994425 0.874456 0.089634
16.343691 0.85536165 5.993744 0.874572 0.089629
17.554335 0.85109420 5.994137 0.874467 0.089601
18.764979 0.85585405 5.993978 0.872604 0.089356
19.975623 0.85368750 5.993848 0.873823 0.089311
21.186266 0.85467230 5.992434 0.873486 0.089846
22.396910 0.85395011 5.994926 0.874908 0.088790
23.607554 0.85263705 5.992954 0.874043 0.089414
24.818198 0.85532883 5.993591 0.873131 0.089604
26.028842 0.85158660 5.994025 0.873801 0.089266
27.239485 0.85628080 5.994518 0.873610 0.089161
28.450129 0.85372033 5.994194 0.874598 0.089339
29.660773 0.85457382 5.994161 0.872720 0.089696
30.871417 0.85161943 5.994334 0.872865 0.089614
32.082061 0.85578840 5.993978 0.873391 0.089066
33.292704 0.85486926 5.994086 0.874766 0.089382
34.503348 0.85135681 5.994139 0.874524 0.089156
35.713992 0.85312945 5.994459 0.873484 0.089329
36.924636 0.85372033 5.994079 0.871709 0.090072
38.135280 0.85381881 5.993118 0.872249 0.090280
39.345923 0.85365467 5.993578 0.871288 0.090197
40.556567 0.85404859 5.992812 0.872115 0.089712
41.767211 0.85411424 5.994273 0.872497 0.090105
42.977855 0.85276836 5.995458 0.872488 0.089783
44.188499 0.85244009 5.994031 0.872155 0.089408
45.399142 0.85523035 5.994243 0.874357 0.089042
46.609786 0.85349054 5.994308 0.873993 0.089523
47.820430 0.85234161 5.994339 0.871843 0.089725
49.031074 0.85401577 5.992120 0.872738 0.089433
50.241718 0.85158660 5.993254 0.871913 0.090193
51.452361 0.85411424 5.994350 0.872637 0.089845
52.663005 0.85414707 5.995119 0.873324 0.089030
53.873649 0.85181639 5.993680 0.872298 0.089454
55.084293 0.85335923 5.993730 0.872582 0.089412
56.294937 0.85391729 5.993888 0.874580 0.089237
57.505580 0.85230878 5.994608 0.874135 0.088929
58.716224 0.85283401 5.994072 0.873398 0.089167
59.926868 0.85568992 5.994898 0.873123 0.089459
61.137512 0.85135681 5.995219 0.873121 0.089395
62.348156 0.85289966 5.993803 0.873268 0.089220
63.558799 0.85188204 5.993989 0.874766 0.089130
64.769443 0.85457382 5.995544 0.873985 0.089348
65.980087 0.85358902 5.994731 0.873748 0.089578
67.190731 0.85217748 5.994569 0.873814 0.089376
68.401375 0.85427838 5.994198 0.873946 0.089291
69.612018 0.85345771 5.994307 0.873807 0.089065
70.822662 0.85381881 5.994579 0.873304 0.089387
72.033306 0.85280118 5.994650 0.873635 0.089289
