# Layer profile at T = 0.380000
# input   = bicrystal_Sigma39_theta32.2042deg.dat
# seed    = 5000821
# n_samples = 1000
# Lx = 74.011616  Ly = 25.638376
# columns : x rho coord psi6 psi4
0.616763 0.79109894 5.762181 0.737882 0.148769
1.850290 0.79021358 5.758793 0.739224 0.149434
3.083817 0.79204754 5.761308 0.740966 0.149121
4.317344 0.79277480 5.766393 0.742994 0.147652
5.550871 0.79574707 5.784193 0.751439 0.143929
6.784398 0.80118570 5.805470 0.764693 0.138786
8.017925 0.80943850 5.851361 0.785788 0.128023
9.251452 0.81475065 5.891334 0.804178 0.120454
10.484979 0.81927230 5.916789 0.818551 0.113914
11.718506 0.82360423 5.937382 0.828347 0.109390
12.952033 0.82841046 5.947822 0.835491 0.106270
14.185560 0.82546980 5.955068 0.839316 0.104796
15.419087 0.82682946 5.960649 0.838999 0.103892
16.652614 0.82980173 5.965934 0.842203 0.103100
17.886140 0.82967525 5.967453 0.845094 0.101985
19.119667 0.82758834 5.971956 0.843995 0.101812
20.353194 0.83122463 5.975122 0.842326 0.101622
21.586721 0.83233133 5.976826 0.841381 0.102001
22.820248 0.82626030 5.970074 0.837903 0.103363
24.053775 0.82837884 5.959157 0.834700 0.105225
25.287302 0.82490064 5.940241 0.825830 0.109948
26.520829 0.82044223 5.911011 0.812792 0.116429
27.754356 0.81215781 5.876153 0.795304 0.123296
28.987883 0.80558087 5.831731 0.779524 0.132438
30.221410 0.79622137 5.797030 0.760585 0.140457
31.454937 0.79116218 5.760561 0.739265 0.149916
32.688464 0.78534412 5.727020 0.722900 0.157348
33.921991 0.78199240 5.691642 0.712877 0.162105
35.155517 0.77601624 5.696317 0.713663 0.162558
36.389044 0.78875907 5.722830 0.726806 0.155257
37.622571 0.79539925 5.777420 0.753618 0.144248
38.856098 0.80526467 5.835198 0.777809 0.132248
40.089625 0.81468741 5.885465 0.801728 0.121031
41.323152 0.82028413 5.923483 0.819554 0.113198
42.556679 0.82543818 5.946256 0.830050 0.107915
43.790206 0.82565952 5.959674 0.837560 0.105149
45.023733 0.82875827 5.970355 0.840734 0.102872
46.257260 0.82904285 5.979137 0.843541 0.100477
47.490787 0.83210999 5.985598 0.848557 0.098716
48.724314 0.83258429 5.990771 0.848966 0.097971
49.957841 0.83103491 5.987862 0.848637 0.098557
51.191368 0.83087681 5.985767 0.847740 0.099247
52.424894 0.83052899 5.983058 0.847191 0.099385
53.658421 0.82948553 5.982808 0.846672 0.098821
54.891948 0.83112977 5.985771 0.847472 0.098630
56.125475 0.83125625 5.986534 0.848177 0.099199
57.359002 0.83182541 5.986087 0.847334 0.098330
58.592529 0.83220485 5.983966 0.847988 0.098891
59.826056 0.82815750 5.975030 0.845714 0.100776
61.059583 0.82752510 5.972641 0.844497 0.100607
62.293110 0.83125625 5.973829 0.843494 0.101214
63.526637 0.82809426 5.971133 0.842347 0.102302
64.760164 0.82739862 5.961249 0.837598 0.104184
65.993691 0.82306669 5.947945 0.831269 0.107453
67.227218 0.81984146 5.923133 0.820130 0.112619
68.460745 0.81456093 5.888591 0.803962 0.121112
69.694272 0.80675081 5.850749 0.785913 0.129235
70.927798 0.79932012 5.803790 0.764845 0.138227
72.161325 0.79169972 5.767154 0.751318 0.145308
73.394852 0.79372340 5.760617 0.740248 0.148200
