# Layer profile at T = 0.400000
# input   = perfect_Sigma39_theta32.2042deg.dat
# seed    = 6000047
# n_samples = 1000
# Lx = 73.586460  Ly = 25.491097
# columns : x rho coord psi6 psi4
0.613220 0.83292479 5.980184 0.834987 0.102607
1.839661 0.83161335 5.982384 0.835051 0.102957
3.066102 0.83026992 5.981508 0.833928 0.103231
4.292543 0.83276486 5.982216 0.835333 0.102345
5.518984 0.83289280 5.981720 0.835118 0.102054
6.745425 0.83049383 5.980743 0.834324 0.102903
7.971866 0.83122951 5.979952 0.835334 0.103298
9.198307 0.83071773 5.979477 0.835581 0.102851
10.424748 0.83410828 5.980519 0.834998 0.102652
11.651189 0.83302075 5.979150 0.836758 0.102875
12.877630 0.83238102 5.978519 0.836951 0.102573
14.104071 0.83138944 5.978532 0.834684 0.103377
15.330512 0.83010999 5.981003 0.835059 0.103027
16.556953 0.83222109 5.978899 0.835924 0.103020
17.783394 0.83090965 5.980675 0.835214 0.102514
19.009835 0.83420424 5.980023 0.836723 0.102285
20.236276 0.83129349 5.977144 0.836005 0.103623
21.462717 0.83238102 5.978481 0.833214 0.103326
22.689158 0.83215712 5.978321 0.834673 0.103363
23.915599 0.83046184 5.980126 0.834790 0.102852
25.142040 0.83215712 5.980204 0.835460 0.102848
26.368481 0.83196520 5.980661 0.836422 0.102805
27.594922 0.83282883 5.979414 0.837302 0.102402
28.821363 0.83266890 5.978603 0.836168 0.102718
30.047804 0.83394835 5.979480 0.835257 0.102888
31.274245 0.83260493 5.981060 0.835515 0.103301
32.500686 0.82988609 5.981538 0.835943 0.102781
33.727127 0.83244499 5.981710 0.836972 0.101806
34.953568 0.83177328 5.980888 0.835012 0.102940
36.180009 0.83346856 5.980159 0.837244 0.102462
37.406450 0.83042985 5.982397 0.838493 0.101595
38.632891 0.83142143 5.980918 0.835390 0.102643
39.859332 0.83206116 5.980010 0.835460 0.102356
41.085773 0.82975814 5.980918 0.836411 0.102237
42.312214 0.83212513 5.981242 0.834832 0.103009
43.538655 0.83257294 5.981405 0.835757 0.103461
44.765096 0.83388438 5.979708 0.834851 0.102951
45.991537 0.82927834 5.981949 0.835910 0.102667
47.217978 0.83247698 5.980519 0.835651 0.103409
48.444419 0.83148540 5.980150 0.835398 0.102938
49.670860 0.83388438 5.980629 0.834525 0.103100
50.897301 0.83174129 5.978849 0.833243 0.103545
52.123742 0.83151739 5.977689 0.832552 0.103455
53.350183 0.82934232 5.979983 0.832532 0.104035
54.576624 0.83026992 5.979736 0.834180 0.103416
55.803065 0.83218910 5.978668 0.834459 0.102940
57.029506 0.83225308 5.977478 0.833325 0.103437
58.255947 0.83113355 5.978564 0.831972 0.103742
59.482388 0.82873458 5.974719 0.831440 0.104051
60.708829 0.83145342 5.976533 0.833903 0.104096
61.935270 0.82902245 5.978123 0.832250 0.103594
63.161711 0.83103759 5.978446 0.833305 0.103612
64.388152 0.83142143 5.977225 0.833888 0.103848
65.614593 0.83103759 5.978484 0.831844 0.104361
66.841034 0.83129349 5.976798 0.832122 0.104465
68.067475 0.83110157 5.975830 0.832491 0.104236
69.293916 0.83087766 5.977903 0.832753 0.103891
70.520357 0.83017396 5.979618 0.833089 0.103524
71.746798 0.83151739 5.979651 0.836017 0.103493
72.973239 0.83193321 5.980545 0.835481 0.103217
