# Layer profile at T = 0.360000
# input   = bicrystal_Sigma39_theta32.2042deg.dat
# seed    = 4000818
# n_samples = 1000
# Lx = 73.081056  Ly = 25.316021
# columns : x rho coord psi6 psi4
0.609009 0.84487423 5.968294 0.859247 0.096586
1.827026 0.84701463 5.982847 0.864831 0.093730
3.045044 0.84701463 5.986944 0.867417 0.092103
4.263062 0.84597686 5.988730 0.869100 0.091794
5.481079 0.84876587 5.987124 0.869326 0.091224
6.699097 0.84863615 5.990485 0.868926 0.091432
7.917114 0.84814969 5.993079 0.870516 0.090989
9.135132 0.84860372 5.986166 0.871310 0.091785
10.353150 0.84714435 5.981204 0.868520 0.092892
11.571167 0.84639845 5.978467 0.867487 0.093204
12.789185 0.84562013 5.978217 0.868439 0.092592
14.007202 0.84954419 5.982440 0.868027 0.092463
15.225220 0.84789025 5.986154 0.867741 0.092093
16.443238 0.84620387 5.988158 0.868312 0.092200
17.661255 0.84730650 5.984882 0.866732 0.093044
18.879273 0.84646332 5.975556 0.864610 0.094440
20.097291 0.84328515 5.965312 0.861179 0.095934
21.315308 0.83955566 5.949938 0.851137 0.100966
22.533326 0.83618291 5.918399 0.832106 0.108888
23.751343 0.82762131 5.870455 0.807101 0.119459
24.969361 0.81432489 5.815771 0.781060 0.131836
26.187379 0.80589301 5.779396 0.762466 0.139256
27.405396 0.81017381 5.778801 0.765380 0.139556
28.623414 0.81704903 5.805112 0.775731 0.134246
29.841431 0.82126497 5.826765 0.787455 0.128353
31.059449 0.82009748 5.840715 0.798643 0.125699
32.277467 0.82214059 5.859374 0.808162 0.120490
33.495484 0.83015087 5.885850 0.820880 0.114611
34.713502 0.83388036 5.917007 0.832222 0.108765
35.931519 0.84036642 5.933238 0.841655 0.103977
37.149537 0.83773956 5.950062 0.850081 0.101271
38.367555 0.84442021 5.959598 0.856462 0.098116
39.585572 0.84335001 5.966506 0.860482 0.096190
40.803590 0.84737136 5.970952 0.862482 0.095427
42.021607 0.84273383 5.972139 0.865405 0.094458
43.239625 0.84824698 5.974079 0.866588 0.093830
44.457643 0.84694977 5.981084 0.867004 0.093347
45.675660 0.84795511 5.983860 0.869187 0.092060
46.893678 0.84928475 5.983580 0.870167 0.091864
48.111695 0.84636602 5.981646 0.868843 0.092268
49.329713 0.84691734 5.983879 0.869254 0.092452
50.547731 0.84853885 5.988190 0.869034 0.091676
51.765748 0.84947933 5.989387 0.869859 0.091650
52.983766 0.84733893 5.985839 0.868569 0.091800
54.201783 0.85090627 5.977552 0.866600 0.093515
55.419801 0.84020427 5.967385 0.861362 0.096354
56.637819 0.84318785 5.950038 0.851369 0.100678
57.855836 0.83465869 5.930334 0.839677 0.105313
59.073854 0.83446410 5.909875 0.830311 0.110291
60.291872 0.82872394 5.886124 0.817101 0.115791
61.509889 0.82243246 5.861554 0.803410 0.122425
62.727907 0.81831381 5.839258 0.791616 0.127721
63.945924 0.81653015 5.816824 0.777612 0.133849
65.163942 0.81095213 5.782332 0.759446 0.140330
66.381960 0.80595787 5.764244 0.751213 0.144216
67.599977 0.80809827 5.786861 0.763052 0.139158
68.817995 0.82009748 5.839015 0.790374 0.128078
70.036012 0.82758888 5.890278 0.816968 0.115841
71.254030 0.83579375 5.922435 0.838328 0.107101
72.472048 0.83991239 5.949071 0.850118 0.100812
