# Layer profile at T = 0.280000
# input   = bicrystal_Sigma39_theta32.2042deg.dat
# seed    = 806
# n_samples = 1000
# Lx = 71.764081  Ly = 24.859807
# columns : x rho coord psi6 psi4
0.598034 0.84391548 5.845614 0.831288 0.110488
1.794102 0.86241281 5.917248 0.871182 0.093847
2.990170 0.86527149 5.962570 0.898208 0.081590
4.186238 0.87119063 5.989075 0.912698 0.074666
5.382306 0.87499099 5.998155 0.918867 0.071764
6.578374 0.87431836 5.999577 0.919546 0.071664
7.774442 0.87398205 5.999615 0.920552 0.071117
8.970510 0.87519278 5.999539 0.920999 0.071086
10.166578 0.87374663 5.999731 0.919798 0.071266
11.362646 0.87182963 6.000000 0.920610 0.070728
12.558714 0.87862320 5.999770 0.921036 0.070733
13.754782 0.87317489 5.999692 0.921146 0.070559
14.950850 0.87361210 5.999692 0.921445 0.070589
16.146918 0.87472194 5.999808 0.920416 0.070898
17.342986 0.87438563 5.999731 0.920397 0.071304
18.539054 0.87391479 5.999769 0.920103 0.071329
19.735122 0.87330942 5.999769 0.920480 0.070941
20.931190 0.87687436 5.999578 0.920880 0.070847
22.127258 0.87408294 5.999654 0.920031 0.071216
23.323326 0.87411657 5.998538 0.918091 0.072496
24.519395 0.87075342 5.992662 0.915863 0.073712
25.715463 0.87045074 5.973843 0.906165 0.078324
26.911531 0.86691943 5.936455 0.887205 0.085657
28.107599 0.85504751 5.914687 0.871478 0.091690
29.303667 0.86251370 5.930671 0.881336 0.089343
30.499735 0.86211013 5.947570 0.889292 0.086589
31.695803 0.85817524 5.920798 0.875650 0.093554
32.891871 0.84569795 5.797900 0.813922 0.119121
34.087939 0.82023890 5.729509 0.750057 0.132989
35.284007 0.84051870 5.828785 0.830590 0.112785
36.480075 0.86735664 5.940636 0.884287 0.088223
37.676143 0.87004716 5.986316 0.910359 0.075966
38.872211 0.87586541 5.997197 0.917730 0.072167
40.068279 0.87411657 5.999384 0.919502 0.071101
41.264347 0.87310763 5.999769 0.920323 0.071251
42.460415 0.87697525 5.999732 0.920220 0.070771
43.656483 0.87357847 5.999769 0.920567 0.070923
44.852551 0.87546183 5.999770 0.920714 0.070561
46.048619 0.87465468 5.999808 0.920361 0.070873
47.244687 0.87616810 5.999808 0.920035 0.070860
48.440755 0.87324216 5.999769 0.920417 0.070871
49.636823 0.87774878 5.999732 0.921160 0.070807
50.832891 0.87213232 5.999846 0.921419 0.070853
52.028959 0.87576452 5.999731 0.922002 0.070734
53.225027 0.87374663 5.999654 0.921344 0.070390
54.421095 0.87384752 5.999615 0.920724 0.070936
55.617163 0.87670620 5.999770 0.921302 0.070798
56.813231 0.87145969 5.999768 0.920519 0.070971
58.009299 0.87673983 5.999847 0.920941 0.070767
59.205367 0.87616810 6.000000 0.921833 0.070837
60.401435 0.87267042 5.999769 0.921492 0.070534
61.597503 0.87599994 5.999846 0.920305 0.070914
62.793571 0.87526005 5.999731 0.920667 0.071007
63.989639 0.87176237 5.998804 0.919449 0.071537
65.185707 0.87149332 5.993555 0.916727 0.073574
66.381775 0.87236774 5.979992 0.906169 0.078059
67.577843 0.86174018 5.936073 0.881870 0.090119
68.773911 0.84502532 5.802595 0.817774 0.118252
69.969979 0.81647217 5.702723 0.742707 0.139845
71.166047 0.82780599 5.749005 0.783584 0.131867
