# Layer profile at T = 0.340000
# input   = bicrystal_Sigma39_theta32.2042deg.dat
# seed    = 3000815
# n_samples = 1000
# Lx = 72.523952  Ly = 25.123034
# columns : x rho coord psi6 psi4
0.604366 0.84341475 5.910198 0.839533 0.105441
1.813099 0.83906793 5.902276 0.838373 0.107147
3.021831 0.84259149 5.903154 0.836843 0.107402
4.230564 0.84252563 5.899003 0.835025 0.108894
5.439296 0.83867277 5.890176 0.828764 0.111027
6.648029 0.83580782 5.881250 0.823308 0.112950
7.856761 0.83854105 5.880930 0.824888 0.112059
9.065494 0.84025343 5.887992 0.827382 0.111131
10.274227 0.83659815 5.884905 0.826663 0.111329
11.482959 0.83528093 5.885985 0.829244 0.110709
12.691692 0.84219633 5.890987 0.831781 0.109500
13.900424 0.84130720 5.914240 0.838948 0.105382
15.109157 0.84888121 5.941617 0.857253 0.098549
16.317889 0.85454525 5.966782 0.869195 0.092531
17.526622 0.85424887 5.985506 0.879766 0.088759
18.735354 0.86001170 5.992955 0.884155 0.086259
19.944087 0.85797001 5.996085 0.886188 0.085468
21.152819 0.86225097 5.997250 0.887299 0.084487
22.361552 0.86146064 5.998089 0.887451 0.084173
23.570284 0.85698210 5.997771 0.885222 0.085361
24.779017 0.85698210 5.996964 0.884870 0.085431
25.987750 0.86080203 5.997093 0.885370 0.085285
27.196482 0.85820053 5.997007 0.884100 0.084879
28.405215 0.85925430 5.997816 0.885714 0.084756
29.613947 0.86152650 5.997210 0.885299 0.085374
30.822680 0.85770657 5.997120 0.885614 0.085075
32.031412 0.85836518 5.995243 0.884136 0.085435
33.240145 0.85869448 5.989339 0.880538 0.087476
34.448877 0.85401836 5.967957 0.871371 0.092923
35.657610 0.84720176 5.935127 0.851403 0.100150
36.866342 0.83863984 5.885970 0.826835 0.112967
38.075075 0.82510542 5.828903 0.798001 0.125187
39.283807 0.81930966 5.777814 0.772339 0.137100
40.492540 0.81512749 5.771745 0.770571 0.138085
41.701273 0.82243806 5.793874 0.783820 0.133346
42.910005 0.82619213 5.825621 0.797582 0.125545
44.118738 0.83169151 5.859519 0.812464 0.118586
45.327470 0.84338182 5.902698 0.837559 0.107750
46.536203 0.84614798 5.938587 0.857381 0.099180
47.744935 0.85513799 5.966574 0.870818 0.092530
48.953668 0.85770657 5.982301 0.880733 0.088578
50.162400 0.85632349 5.994039 0.885245 0.086151
51.371133 0.86178995 5.996523 0.885404 0.085054
52.579865 0.85793708 5.997582 0.885705 0.084633
53.788598 0.85882621 5.997469 0.887295 0.085138
54.997330 0.85783829 5.996737 0.886268 0.084921
56.206063 0.85747606 5.997043 0.885722 0.084844
57.414796 0.85826639 5.997046 0.885714 0.084796
58.623528 0.86099962 5.996979 0.886295 0.084978
59.832261 0.85928723 5.997279 0.886198 0.085082
61.040993 0.85678452 5.997156 0.886503 0.084737
62.249726 0.86162529 5.997783 0.886617 0.084961
63.458458 0.85760778 5.997427 0.885700 0.084710
64.667191 0.85655400 5.997078 0.884808 0.085416
65.875923 0.86030808 5.995062 0.884247 0.085179
67.084656 0.85902379 5.990876 0.883393 0.086498
68.293388 0.85451232 5.987822 0.882572 0.086934
69.502121 0.85829932 5.976903 0.876546 0.090016
70.710853 0.85046187 5.956517 0.864702 0.094919
71.919586 0.84618091 5.932013 0.848739 0.100945
