# Layer profile at T = 0.400000
# input   = bicrystal_Sigma39_theta32.2042deg.dat
# seed    = 6000824
# n_samples = 1000
# Lx = 77.509468  Ly = 26.850067
# columns : x rho coord psi6 psi4
0.645912 0.73892392 5.665626 0.626097 0.182233
1.937737 0.73523362 5.674967 0.630681 0.180386
3.229561 0.74376743 5.683037 0.633623 0.179451
4.521386 0.74601621 5.705403 0.637889 0.175995
5.813210 0.74843796 5.700847 0.639448 0.176085
7.105035 0.74538194 5.702793 0.640204 0.175234
8.396859 0.74477650 5.700306 0.643416 0.174804
9.688683 0.74780369 5.706454 0.645350 0.174086
10.980508 0.75212826 5.711017 0.645366 0.174068
12.272332 0.75088855 5.721252 0.645377 0.172887
13.564157 0.74970650 5.725119 0.643439 0.173545
14.855981 0.75541493 5.736127 0.641826 0.172736
16.147806 0.75224358 5.732562 0.645488 0.172998
17.439630 0.75129217 5.725316 0.642875 0.173607
18.731455 0.74846679 5.725242 0.641385 0.173899
20.023279 0.75411756 5.721107 0.642186 0.172617
21.315104 0.75192644 5.718147 0.647130 0.174141
22.606928 0.75305083 5.716271 0.645888 0.174049
23.898753 0.74699644 5.719954 0.646188 0.174602
25.190577 0.75106153 5.732640 0.644260 0.173354
26.482401 0.75489598 5.730943 0.641392 0.173268
27.774226 0.75475183 5.723672 0.643293 0.173868
29.066050 0.74849562 5.719590 0.644416 0.173801
30.357875 0.74826498 5.710526 0.643062 0.176134
31.649699 0.74740007 5.702862 0.638831 0.176334
32.941524 0.74310433 5.701416 0.637528 0.176925
34.233348 0.74884159 5.704281 0.638699 0.176850
35.525173 0.74892808 5.702044 0.640061 0.177023
36.816997 0.74489182 5.687735 0.638578 0.177664
38.108822 0.74500714 5.684300 0.635860 0.178288
39.400646 0.74065375 5.680537 0.636208 0.179278
40.692471 0.74212410 5.677169 0.634269 0.179032
41.984295 0.74036544 5.675935 0.634037 0.179271
43.276119 0.73958702 5.655050 0.635949 0.181462
44.567944 0.73433988 5.651525 0.633315 0.181082
45.859768 0.73353263 5.649727 0.635944 0.182125
47.151593 0.73471468 5.647190 0.635361 0.182739
48.443417 0.73840497 5.658246 0.633573 0.181656
49.735242 0.73877977 5.651824 0.634627 0.182267
51.027066 0.73517596 5.663412 0.634237 0.180312
52.318891 0.73321549 5.670179 0.633544 0.179756
53.610715 0.73779953 5.667266 0.636742 0.180454
54.902540 0.73924105 5.660544 0.635321 0.180239
56.194364 0.73751123 5.659708 0.635498 0.180358
57.486189 0.73857795 5.685534 0.635137 0.178850
58.778013 0.74636217 5.697775 0.638153 0.177188
60.069837 0.74679463 5.697217 0.638233 0.176570
61.361662 0.74278720 5.702647 0.636591 0.176488
62.653486 0.74500714 5.690569 0.636524 0.177447
63.945311 0.74203761 5.671187 0.634739 0.180026
65.237135 0.73716526 5.657750 0.632694 0.182712
66.528960 0.73281187 5.650759 0.630228 0.184339
67.820784 0.73520479 5.653739 0.629710 0.183334
69.112609 0.73909690 5.666914 0.632107 0.180997
70.404433 0.74261421 5.670238 0.631368 0.181575
71.696258 0.74082673 5.678510 0.631771 0.179589
72.988082 0.74244123 5.674899 0.628257 0.180612
74.279906 0.74221059 5.670447 0.629988 0.181950
75.571731 0.74065375 5.672285 0.629605 0.181592
76.863555 0.73725175 5.669795 0.627184 0.181385
