# Density profile (accumulated) at T = 0.400000
# columns : x rho
0.645912 0.73892392
1.937737 0.73523362
3.229561 0.74376743
4.521386 0.74601621
5.813210 0.74843796
7.105035 0.74538194
8.396859 0.74477650
9.688683 0.74780369
10.980508 0.75212826
12.272332 0.75088855
13.564157 0.74970650
14.855981 0.75541493
16.147806 0.75224358
17.439630 0.75129217
18.731455 0.74846679
20.023279 0.75411756
21.315104 0.75192644
22.606928 0.75305083
23.898753 0.74699644
25.190577 0.75106153
26.482401 0.75489598
27.774226 0.75475183
29.066050 0.74849562
30.357875 0.74826498
31.649699 0.74740007
32.941524 0.74310433
34.233348 0.74884159
35.525173 0.74892808
36.816997 0.74489182
38.108822 0.74500714
39.400646 0.74065375
40.692471 0.74212410
41.984295 0.74036544
43.276119 0.73958702
44.567944 0.73433988
45.859768 0.73353263
47.151593 0.73471468
48.443417 0.73840497
49.735242 0.73877977
51.027066 0.73517596
52.318891 0.73321549
53.610715 0.73779953
54.902540 0.73924105
56.194364 0.73751123
57.486189 0.73857795
58.778013 0.74636217
60.069837 0.74679463
61.361662 0.74278720
62.653486 0.74500714
63.945311 0.74203761
65.237135 0.73716526
66.528960 0.73281187
67.820784 0.73520479
69.112609 0.73909690
70.404433 0.74261421
71.696258 0.74082673
72.988082 0.74244123
74.279906 0.74221059
75.571731 0.74065375
76.863555 0.73725175
