# Density profile (accumulated) at T = 0.300000
# columns : x rho
0.599713 0.84996666
1.799138 0.85324412
2.998563 0.85729079
4.197988 0.86421359
5.397413 0.86448114
6.596839 0.86531723
7.796264 0.86749105
8.995689 0.87297579
10.195114 0.86916323
11.394540 0.86896257
12.593965 0.86892913
13.793390 0.87264135
14.992815 0.86805959
16.192240 0.87364466
17.391666 0.87163805
18.591091 0.86762483
19.790516 0.87083541
20.989941 0.87143739
22.189367 0.87050097
23.388792 0.87160461
24.588217 0.87066819
25.787642 0.86799271
26.987067 0.87106951
28.186493 0.86846092
29.385918 0.86518345
30.585343 0.85772555
31.784768 0.84628787
32.984193 0.83525152
34.183619 0.82077048
35.383044 0.82274365
36.582469 0.84441504
37.781894 0.84936468
38.981320 0.86357816
40.180745 0.86842747
41.380170 0.86712318
42.579595 0.87421320
43.779020 0.86826026
44.978446 0.86973177
46.177871 0.86862813
47.377296 0.87073507
48.576721 0.87250758
49.776147 0.86989899
50.975572 0.86819337
52.174997 0.87213970
53.374422 0.86815992
54.573847 0.87106951
55.773273 0.87026687
56.972698 0.87026687
58.172123 0.87013309
59.371548 0.87120328
60.570973 0.86912979
61.770399 0.87013309
62.969824 0.86956455
64.169249 0.86488246
65.368674 0.85983249
66.568100 0.85334445
67.767525 0.84474947
68.966950 0.84478292
70.166375 0.83715780
71.365800 0.84247531
