# Density profile (accumulated) at T = 0.280000
# columns : x rho
0.598034 0.84391548
1.794102 0.86241281
2.990170 0.86527149
4.186238 0.87119063
5.382306 0.87499099
6.578374 0.87431836
7.774442 0.87398205
8.970510 0.87519278
10.166578 0.87374663
11.362646 0.87182963
12.558714 0.87862320
13.754782 0.87317489
14.950850 0.87361210
16.146918 0.87472194
17.342986 0.87438563
18.539054 0.87391479
19.735122 0.87330942
20.931190 0.87687436
22.127258 0.87408294
23.323326 0.87411657
24.519395 0.87075342
25.715463 0.87045074
26.911531 0.86691943
28.107599 0.85504751
29.303667 0.86251370
30.499735 0.86211013
31.695803 0.85817524
32.891871 0.84569795
34.087939 0.82023890
35.284007 0.84051870
36.480075 0.86735664
37.676143 0.87004716
38.872211 0.87586541
40.068279 0.87411657
41.264347 0.87310763
42.460415 0.87697525
43.656483 0.87357847
44.852551 0.87546183
46.048619 0.87465468
47.244687 0.87616810
48.440755 0.87324216
49.636823 0.87774878
50.832891 0.87213232
52.028959 0.87576452
53.225027 0.87374663
54.421095 0.87384752
55.617163 0.87670620
56.813231 0.87145969
58.009299 0.87673983
59.205367 0.87616810
60.401435 0.87267042
61.597503 0.87599994
62.793571 0.87526005
63.989639 0.87176237
65.185707 0.87149332
66.381775 0.87236774
67.577843 0.86174018
68.773911 0.84502532
69.969979 0.81647217
71.166047 0.82780599
