# Density profile (accumulated) at T = 0.320000
# columns : x rho
0.601181 0.86642057
1.803543 0.86565513
3.005904 0.86498952
4.208266 0.86379143
5.410628 0.86595465
6.612989 0.86638729
7.815351 0.86695306
9.017713 0.86399111
10.220074 0.86592137
11.422436 0.86578825
12.624798 0.86528904
13.827160 0.86435719
15.029521 0.86572169
16.231883 0.86518920
17.434245 0.86582153
18.636606 0.86478984
19.838968 0.86382471
21.041330 0.86745226
22.243692 0.86522248
23.446053 0.86469000
24.648415 0.86429063
25.850777 0.86665354
27.053138 0.86352518
28.255500 0.86455687
29.457862 0.86502280
30.660223 0.86465672
31.862585 0.86409095
33.064947 0.86502280
34.267309 0.86625417
35.469670 0.86399111
36.672032 0.86798475
37.874394 0.86389127
39.076755 0.86335878
40.279117 0.86475656
41.481479 0.86399111
42.683841 0.86515592
43.886202 0.86632073
45.088564 0.86535560
46.290926 0.86355846
47.493287 0.86668682
48.695649 0.86462344
49.898011 0.86715274
51.100372 0.86219397
52.302734 0.86482312
53.505096 0.86535560
54.707458 0.86675338
55.909819 0.86462344
57.112181 0.86618761
58.314543 0.86635401
59.516904 0.86372487
60.719266 0.86718602
61.921628 0.86538888
63.123989 0.86399111
64.326351 0.86555528
65.528713 0.86685322
66.731075 0.86572169
67.933436 0.86568841
69.135798 0.86568841
70.338160 0.86632073
71.540521 0.86582153
