# Density profile (accumulated) at T = 0.420000
# columns : x rho
0.664179 0.70213650
1.992538 0.70085498
3.320897 0.69763754
4.649255 0.69553803
5.977614 0.69507451
7.305972 0.69831920
8.634331 0.69600156
9.962690 0.69057555
11.291048 0.68310457
12.619407 0.67814208
13.947766 0.67833295
15.276124 0.68561307
16.604483 0.69725582
17.932841 0.69668322
19.261200 0.70009152
20.589559 0.70306355
21.917917 0.70712624
23.246276 0.70737164
24.574634 0.70739891
25.902993 0.70521760
27.231352 0.70020058
28.559710 0.69731035
29.888069 0.70120944
31.216428 0.69886453
32.544786 0.70827143
33.873145 0.70843503
35.201503 0.71923252
36.529862 0.71304305
37.858221 0.71121620
39.186579 0.71091627
40.514938 0.71994144
41.843297 0.71696941
43.171655 0.71860539
44.500014 0.71099807
45.828372 0.71383377
47.156731 0.70611739
48.485090 0.70510853
49.813448 0.70270909
51.141807 0.70480860
52.470166 0.70966202
53.798524 0.70958022
55.126883 0.69981885
56.455241 0.69831920
57.783600 0.70191837
59.111959 0.70745344
60.440317 0.70745344
61.768676 0.71268859
63.097034 0.70949842
64.425393 0.70491767
65.753752 0.69897360
67.082110 0.70219103
68.410469 0.69932806
69.738828 0.70543573
71.067186 0.70202743
72.395545 0.70579019
73.723903 0.71320665
75.052262 0.71797826
76.380621 0.70748071
77.708979 0.69902813
79.037338 0.70227283
