# Density profile (accumulated) at T = 0.380000
# columns : x rho
0.616763 0.79109894
1.850290 0.79021358
3.083817 0.79204754
4.317344 0.79277480
5.550871 0.79574707
6.784398 0.80118570
8.017925 0.80943850
9.251452 0.81475065
10.484979 0.81927230
11.718506 0.82360423
12.952033 0.82841046
14.185560 0.82546980
15.419087 0.82682946
16.652614 0.82980173
17.886140 0.82967525
19.119667 0.82758834
20.353194 0.83122463
21.586721 0.83233133
22.820248 0.82626030
24.053775 0.82837884
25.287302 0.82490064
26.520829 0.82044223
27.754356 0.81215781
28.987883 0.80558087
30.221410 0.79622137
31.454937 0.79116218
32.688464 0.78534412
33.921991 0.78199240
35.155517 0.77601624
36.389044 0.78875907
37.622571 0.79539925
38.856098 0.80526467
40.089625 0.81468741
41.323152 0.82028413
42.556679 0.82543818
43.790206 0.82565952
45.023733 0.82875827
46.257260 0.82904285
47.490787 0.83210999
48.724314 0.83258429
49.957841 0.83103491
51.191368 0.83087681
52.424894 0.83052899
53.658421 0.82948553
54.891948 0.83112977
56.125475 0.83125625
57.359002 0.83182541
58.592529 0.83220485
59.826056 0.82815750
61.059583 0.82752510
62.293110 0.83125625
63.526637 0.82809426
64.760164 0.82739862
65.993691 0.82306669
67.227218 0.81984146
68.460745 0.81456093
69.694272 0.80675081
70.927798 0.79932012
72.161325 0.79169972
73.394852 0.79372340
