# Density profile (accumulated) at T = 0.320000
# columns : x rho
0.602070 0.83340147
1.806211 0.83801379
3.010351 0.84806796
4.214492 0.85540120
5.418632 0.86104216
6.622773 0.86160625
7.826913 0.86117489
9.031054 0.86528947
10.235194 0.86528947
11.439335 0.86455946
12.643475 0.86465901
13.847616 0.86509037
15.051756 0.86558811
16.255897 0.86598629
17.460037 0.86376309
18.664178 0.86034533
19.868318 0.85998033
21.072459 0.86087625
22.276599 0.85792304
23.480740 0.84780250
24.684881 0.83801379
25.889021 0.83224010
27.093162 0.83111191
28.297302 0.83605604
29.501443 0.83957334
30.705583 0.84418565
31.909724 0.85261391
33.113864 0.85802259
34.318005 0.86090943
35.522145 0.85487029
36.726286 0.85553393
37.930426 0.85287936
39.134567 0.85948260
40.338707 0.86207080
41.542848 0.86127443
42.746988 0.86694857
43.951129 0.86382945
45.155269 0.86376309
46.359410 0.86635129
47.563550 0.86389582
48.767691 0.86628493
49.971831 0.86359718
51.175972 0.86439355
52.380112 0.86608584
53.584253 0.86366354
54.788393 0.86658357
55.992534 0.86558811
57.196674 0.86555492
58.400815 0.86489128
59.604955 0.86469219
60.809096 0.86256853
62.013236 0.86366354
63.217377 0.86651720
64.421517 0.85868623
65.625658 0.85480392
66.829798 0.84491566
68.033939 0.84202882
69.238079 0.83798060
70.442220 0.83084645
71.646361 0.82304866
