# Density profile (accumulated) at T = 0.440000
# columns : x rho
0.777437 0.51879015
2.332312 0.52078021
3.887187 0.51061098
5.442061 0.50927763
6.996936 0.51230253
8.551811 0.52617329
10.106685 0.54024305
11.661560 0.54768589
13.216435 0.55771582
14.771309 0.55540735
16.326184 0.55222324
17.881059 0.54241222
19.435933 0.53540719
20.990808 0.52613349
22.545683 0.50746667
24.100557 0.48400380
25.655432 0.45755583
27.210307 0.41823214
28.765182 0.37628156
30.320056 0.35721674
31.874931 0.35932621
33.429806 0.36854021
34.984680 0.38477914
36.539555 0.41162512
38.094430 0.43908803
39.649304 0.46856090
41.204179 0.49162575
42.759054 0.51630256
44.313928 0.52605388
45.868803 0.53494948
47.423678 0.54549682
48.978552 0.53984504
50.533427 0.54905904
52.088302 0.55347699
53.643176 0.56722834
55.198051 0.57180549
56.752926 0.58372598
58.307800 0.58247224
59.862675 0.57827320
61.417550 0.57954684
62.972424 0.57118857
64.527299 0.56215367
66.082174 0.55972579
67.637048 0.55686010
69.191923 0.55301927
70.746798 0.55654169
72.301672 0.55644218
73.856547 0.55297947
75.411422 0.54991477
76.966296 0.54575553
78.521171 0.54561623
80.076046 0.54042216
81.630920 0.52396432
83.185795 0.51256124
84.740670 0.49735714
86.295545 0.48121771
87.850419 0.47502861
89.405294 0.46971513
90.960169 0.48605357
92.515043 0.50199399
