# Density profile (accumulated) at T = 0.360000
# columns : x rho
0.605322 0.85404859
1.815966 0.85565709
3.026609 0.84797568
4.237253 0.85674037
5.447897 0.85083159
6.658541 0.85352337
7.869185 0.85421272
9.079828 0.85332641
10.290472 0.85460664
11.501116 0.85234161
12.711760 0.85332641
13.922404 0.85335923
15.133047 0.85372033
16.343691 0.85536165
17.554335 0.85109420
18.764979 0.85585405
19.975623 0.85368750
21.186266 0.85467230
22.396910 0.85395011
23.607554 0.85263705
24.818198 0.85532883
26.028842 0.85158660
27.239485 0.85628080
28.450129 0.85372033
29.660773 0.85457382
30.871417 0.85161943
32.082061 0.85578840
33.292704 0.85486926
34.503348 0.85135681
35.713992 0.85312945
36.924636 0.85372033
38.135280 0.85381881
39.345923 0.85365467
40.556567 0.85404859
41.767211 0.85411424
42.977855 0.85276836
44.188499 0.85244009
45.399142 0.85523035
46.609786 0.85349054
47.820430 0.85234161
49.031074 0.85401577
50.241718 0.85158660
51.452361 0.85411424
52.663005 0.85414707
53.873649 0.85181639
55.084293 0.85335923
56.294937 0.85391729
57.505580 0.85230878
58.716224 0.85283401
59.926868 0.85568992
61.137512 0.85135681
62.348156 0.85289966
63.558799 0.85188204
64.769443 0.85457382
65.980087 0.85358902
67.190731 0.85217748
68.401375 0.85427838
69.612018 0.85345771
70.822662 0.85381881
72.033306 0.85280118
