# Density profile (accumulated) at T = 0.400000
# columns : x rho
0.613220 0.83292479
1.839661 0.83161335
3.066102 0.83026992
4.292543 0.83276486
5.518984 0.83289280
6.745425 0.83049383
7.971866 0.83122951
9.198307 0.83071773
10.424748 0.83410828
11.651189 0.83302075
12.877630 0.83238102
14.104071 0.83138944
15.330512 0.83010999
16.556953 0.83222109
17.783394 0.83090965
19.009835 0.83420424
20.236276 0.83129349
21.462717 0.83238102
22.689158 0.83215712
23.915599 0.83046184
25.142040 0.83215712
26.368481 0.83196520
27.594922 0.83282883
28.821363 0.83266890
30.047804 0.83394835
31.274245 0.83260493
32.500686 0.82988609
33.727127 0.83244499
34.953568 0.83177328
36.180009 0.83346856
37.406450 0.83042985
38.632891 0.83142143
39.859332 0.83206116
41.085773 0.82975814
42.312214 0.83212513
43.538655 0.83257294
44.765096 0.83388438
45.991537 0.82927834
47.217978 0.83247698
48.444419 0.83148540
49.670860 0.83388438
50.897301 0.83174129
52.123742 0.83151739
53.350183 0.82934232
54.576624 0.83026992
55.803065 0.83218910
57.029506 0.83225308
58.255947 0.83113355
59.482388 0.82873458
60.708829 0.83145342
61.935270 0.82902245
63.161711 0.83103759
64.388152 0.83142143
65.614593 0.83103759
66.841034 0.83129349
68.067475 0.83110157
69.293916 0.83087766
70.520357 0.83017396
71.746798 0.83151739
72.973239 0.83193321
