# Density profile (accumulated) at T = 0.360000
# columns : x rho
0.609009 0.84487423
1.827026 0.84701463
3.045044 0.84701463
4.263062 0.84597686
5.481079 0.84876587
6.699097 0.84863615
7.917114 0.84814969
9.135132 0.84860372
10.353150 0.84714435
11.571167 0.84639845
12.789185 0.84562013
14.007202 0.84954419
15.225220 0.84789025
16.443238 0.84620387
17.661255 0.84730650
18.879273 0.84646332
20.097291 0.84328515
21.315308 0.83955566
22.533326 0.83618291
23.751343 0.82762131
24.969361 0.81432489
26.187379 0.80589301
27.405396 0.81017381
28.623414 0.81704903
29.841431 0.82126497
31.059449 0.82009748
32.277467 0.82214059
33.495484 0.83015087
34.713502 0.83388036
35.931519 0.84036642
37.149537 0.83773956
38.367555 0.84442021
39.585572 0.84335001
40.803590 0.84737136
42.021607 0.84273383
43.239625 0.84824698
44.457643 0.84694977
45.675660 0.84795511
46.893678 0.84928475
48.111695 0.84636602
49.329713 0.84691734
50.547731 0.84853885
51.765748 0.84947933
52.983766 0.84733893
54.201783 0.85090627
55.419801 0.84020427
56.637819 0.84318785
57.855836 0.83465869
59.073854 0.83446410
60.291872 0.82872394
61.509889 0.82243246
62.727907 0.81831381
63.945924 0.81653015
65.163942 0.81095213
66.381960 0.80595787
67.599977 0.80809827
68.817995 0.82009748
70.036012 0.82758888
71.254030 0.83579375
72.472048 0.83991239
