# Density profile (accumulated) at T = 0.300000
# columns : x rho
0.599731 0.86870983
1.799192 0.86891048
2.998653 0.87148548
4.198114 0.86847574
5.397575 0.86947899
6.597036 0.86998061
7.796498 0.87001405
8.995959 0.86967964
10.195420 0.86817477
11.394881 0.87138515
12.594342 0.86884360
13.793803 0.86844230
14.993265 0.87014782
16.192726 0.86720497
17.392187 0.87155236
18.591648 0.86633549
19.791109 0.86967964
20.990570 0.87208743
22.190032 0.86750594
23.389493 0.87121795
24.588954 0.86911113
25.788415 0.86944555
26.987876 0.86951243
28.187337 0.86931178
29.386799 0.86904425
30.586260 0.86887704
31.785721 0.86770659
32.985182 0.86921146
34.184643 0.86914457
35.384104 0.87165269
36.583566 0.86723841
37.783027 0.86857607
38.982488 0.86914457
40.181949 0.86870983
41.381410 0.87074977
42.580871 0.86760627
43.780333 0.87031503
44.979794 0.86723841
46.179255 0.87228808
47.378716 0.86860951
48.578177 0.86891048
49.777638 0.87202054
50.977100 0.86553289
52.176561 0.87131827
53.376022 0.86857607
54.575483 0.86894393
55.774944 0.87004749
56.974405 0.87192022
58.173867 0.86774003
59.373328 0.87041535
60.572789 0.86810789
61.772250 0.87074977
62.971711 0.87071632
64.171172 0.87071632
65.370633 0.86680367
66.570095 0.87091697
67.769556 0.87181989
68.969017 0.86797412
70.168478 0.87088353
71.367939 0.87181989
