# Density profile (accumulated) at T = 0.380000
# columns : x rho
0.609111 0.84057038
1.827333 0.84439587
3.045556 0.84105667
4.263778 0.84400683
5.482000 0.83969505
6.700222 0.84287215
7.918445 0.84365022
9.136667 0.84423377
10.354889 0.84274248
11.573112 0.84332603
12.791334 0.84232102
14.009556 0.84287215
15.227778 0.84215893
16.446001 0.84267764
17.664223 0.84309909
18.882445 0.84348812
20.100667 0.84442829
21.318890 0.84429861
22.537112 0.84271006
23.755334 0.84322877
24.973556 0.84407167
26.191779 0.84238586
27.410001 0.84335844
28.628223 0.84468764
29.846445 0.84319635
31.064668 0.84235344
32.282890 0.84300183
33.501112 0.84507667
34.719335 0.84394199
35.937557 0.84222377
37.155779 0.84108909
38.374001 0.84874007
39.592224 0.83940328
40.810446 0.84374748
42.028668 0.84238586
43.246890 0.84264522
44.465113 0.84446070
45.683335 0.84433103
46.901557 0.84345570
48.119779 0.84037586
49.338002 0.84527119
50.556224 0.84258038
51.774446 0.84293699
52.992668 0.84164022
54.210891 0.84264522
55.429113 0.84105667
56.647335 0.84296941
57.865558 0.84459038
59.083780 0.84202925
60.302002 0.84326119
61.520224 0.84235344
62.738447 0.84452554
63.956669 0.84180231
65.174891 0.84232102
66.393113 0.84154296
67.611336 0.84222377
68.829558 0.84271006
70.047780 0.83979231
71.266002 0.84326119
72.484225 0.84199683
