# Density profile (accumulated) at T = 0.440000
# columns : x rho
0.720042 0.61906020
2.160127 0.61374747
3.600212 0.61606744
5.040297 0.61567305
6.480382 0.61084751
7.920467 0.60683397
9.360552 0.60305242
10.800637 0.61026752
12.240721 0.61481466
13.680806 0.61838741
15.120891 0.60769236
16.560976 0.61270349
18.001061 0.61562665
19.441146 0.61776102
20.881231 0.62096257
22.321315 0.61947779
23.761400 0.61425787
25.201485 0.60896834
26.641570 0.60741396
28.081655 0.60242603
29.521740 0.59553573
30.961825 0.58409829
32.401910 0.57240565
33.841994 0.58801903
35.282079 0.60845795
36.722164 0.61379387
38.162249 0.61873540
39.602334 0.62448892
41.042419 0.63072964
42.482504 0.63761994
43.922589 0.63214482
45.362673 0.62912886
46.802758 0.63260881
48.242843 0.63806074
49.682928 0.63432559
51.123013 0.63244641
52.563098 0.63321200
54.003183 0.62103217
55.443267 0.61205390
56.883352 0.59783249
58.323437 0.59683491
59.763522 0.59537333
61.203607 0.59502533
62.643692 0.59110459
64.083777 0.59261257
65.523862 0.59073339
66.963946 0.58198711
68.404031 0.56646653
69.844116 0.54980916
71.284201 0.54593482
72.724286 0.54456603
74.164371 0.54461243
75.604456 0.54628281
77.044541 0.55064435
78.484625 0.56744092
79.924710 0.58066473
81.364795 0.59922448
82.804880 0.60609158
84.244965 0.62567211
85.685050 0.62764408
