# Density profile (accumulated) at T = 0.280000
# columns : x rho
0.597381 0.87474825
1.792143 0.87795023
2.986904 0.87538865
4.181666 0.87586052
5.376428 0.87670315
6.571190 0.87626498
7.765951 0.87663574
8.960713 0.87468084
10.155475 0.87788282
11.350236 0.87643350
12.544998 0.87397303
13.739760 0.87677056
14.934522 0.87613016
16.129283 0.87629868
17.324045 0.87683797
18.518807 0.87670315
19.713569 0.87528753
20.908330 0.87795023
22.103092 0.87414156
23.297854 0.87501789
24.492616 0.87943326
25.687377 0.87569199
26.882139 0.87461343
28.076901 0.87835470
29.271663 0.87646721
30.466424 0.87478196
31.661186 0.87795023
32.855948 0.87781541
34.050709 0.87340005
35.245471 0.87626498
36.440233 0.87862434
37.634995 0.87535494
38.829756 0.87660203
40.024518 0.87805135
41.219280 0.87498419
42.414042 0.87602904
43.608803 0.87683797
44.803565 0.87606275
45.998327 0.87677056
47.193089 0.87811876
48.387850 0.87326523
49.582612 0.87879286
50.777374 0.87737725
51.972136 0.87393933
53.166897 0.87687167
54.361659 0.87764689
55.556421 0.87387192
56.751182 0.87730984
57.945944 0.87656833
59.140706 0.87626498
60.335468 0.87872545
61.530229 0.87393933
62.724991 0.87683797
63.919753 0.87730984
65.114515 0.87687167
66.309276 0.87404044
67.504038 0.87953437
68.698800 0.87522012
69.893562 0.87508530
71.088323 0.87660203
