# Density profile (accumulated) at T = 0.340000
# columns : x rho
0.603646 0.85661931
1.810937 0.85757658
3.018229 0.86289104
4.225521 0.85576108
5.432812 0.85902898
6.640104 0.85780764
7.847395 0.85668533
9.054687 0.86034934
10.261979 0.85797269
11.469270 0.86018430
12.676562 0.85619020
13.883853 0.86173573
15.091145 0.85803871
16.298437 0.85503488
17.505728 0.85949111
18.713020 0.85906199
19.920311 0.85846782
21.127603 0.85836880
22.334895 0.85787366
23.542186 0.85988722
24.749478 0.85942509
25.956770 0.85734552
27.164061 0.85754357
28.371353 0.85823676
29.578644 0.85886393
30.785936 0.85553001
31.993228 0.85955713
33.200519 0.85975518
34.407811 0.85668533
35.615102 0.85846782
36.822394 0.85741153
38.029686 0.85833579
39.236977 0.85770862
40.444269 0.85698241
41.651560 0.85668533
42.858852 0.85853384
44.066144 0.85932606
45.273435 0.85767561
46.480727 0.85902898
47.688018 0.85642126
48.895310 0.85741153
50.102602 0.85850083
51.309893 0.85790667
52.517185 0.85665232
53.724476 0.86097652
54.931768 0.85681737
56.139060 0.85823676
57.346351 0.85698241
58.553643 0.86143864
59.760934 0.85727950
60.968226 0.85810472
62.175518 0.86001925
63.382809 0.85628922
64.590101 0.85708144
65.797392 0.85945810
67.004684 0.85767561
68.211976 0.86061342
69.419267 0.85688339
70.626559 0.85685038
71.833851 0.86048138
