# Density profile (accumulated) at T = 0.340000
# columns : x rho
0.604366 0.84341475
1.813099 0.83906793
3.021831 0.84259149
4.230564 0.84252563
5.439296 0.83867277
6.648029 0.83580782
7.856761 0.83854105
9.065494 0.84025343
10.274227 0.83659815
11.482959 0.83528093
12.691692 0.84219633
13.900424 0.84130720
15.109157 0.84888121
16.317889 0.85454525
17.526622 0.85424887
18.735354 0.86001170
19.944087 0.85797001
21.152819 0.86225097
22.361552 0.86146064
23.570284 0.85698210
24.779017 0.85698210
25.987750 0.86080203
27.196482 0.85820053
28.405215 0.85925430
29.613947 0.86152650
30.822680 0.85770657
32.031412 0.85836518
33.240145 0.85869448
34.448877 0.85401836
35.657610 0.84720176
36.866342 0.83863984
38.075075 0.82510542
39.283807 0.81930966
40.492540 0.81512749
41.701273 0.82243806
42.910005 0.82619213
44.118738 0.83169151
45.327470 0.84338182
46.536203 0.84614798
47.744935 0.85513799
48.953668 0.85770657
50.162400 0.85632349
51.371133 0.86178995
52.579865 0.85793708
53.788598 0.85882621
54.997330 0.85783829
56.206063 0.85747606
57.414796 0.85826639
58.623528 0.86099962
59.832261 0.85928723
61.040993 0.85678452
62.249726 0.86162529
63.458458 0.85760778
64.667191 0.85655400
65.875923 0.86030808
67.084656 0.85902379
68.293388 0.85451232
69.502121 0.85829932
70.710853 0.85046187
71.919586 0.84618091
