# Density profile (accumulated) at T = 0.420000
# columns : x rho
0.667499 0.71215059
2.002497 0.71485017
3.337494 0.70988293
4.672492 0.70729133
6.007490 0.70464574
7.342488 0.69668196
8.677486 0.69495423
10.012483 0.69052691
11.347481 0.69230863
12.682479 0.69163374
14.017477 0.69071588
15.352474 0.70486171
16.687472 0.70359290
18.022470 0.70178418
19.357468 0.70062336
20.692465 0.70343093
22.027463 0.70577956
23.362461 0.70761528
24.697459 0.70856014
26.032457 0.70926203
27.367454 0.70343093
28.702452 0.70040739
30.037450 0.69357744
31.372448 0.68979802
32.707445 0.68888016
34.042443 0.68933909
35.377441 0.69651999
36.712439 0.70243208
38.047437 0.70259405
39.382434 0.70515866
40.717432 0.70478072
42.052430 0.69762682
43.387428 0.69149876
44.722425 0.69732986
46.057423 0.69962451
47.392421 0.69778879
48.727419 0.70013743
50.062416 0.70515866
51.397414 0.70475372
52.732412 0.69881463
54.067410 0.69319950
55.402408 0.69984048
56.737405 0.70540162
58.072403 0.70866812
59.407401 0.71717181
60.742399 0.71352737
62.077396 0.71166466
63.412394 0.71044985
64.747392 0.71190762
66.082390 0.71522811
67.417387 0.71382433
68.752385 0.70556360
70.087383 0.70769627
71.422381 0.70777726
72.757379 0.70545561
74.092376 0.69557513
75.427374 0.68942008
76.762372 0.68731440
78.097370 0.69452229
79.432367 0.69851768
