# Layer profile at T = 0.380000
# input   = bicrystal_Sigma147_theta16.4264deg.dat
# seed    = 5000821
# n_samples = 1000
# Lx = 86.215064  Ly = 49.776290
# columns : x rho coord psi6 psi4
0.718459 0.79979661 5.783620 0.756273 0.143602
2.155377 0.80095705 5.796851 0.763857 0.140689
3.592294 0.80790572 5.825681 0.779181 0.134441
5.029212 0.81184843 5.859438 0.794925 0.126049
6.466130 0.81794425 5.892159 0.811383 0.118328
7.903048 0.82638892 5.915932 0.822088 0.112923
9.339965 0.82613726 5.937840 0.831091 0.108753
10.776883 0.82868184 5.951494 0.837095 0.105198
12.213801 0.83235891 5.963735 0.843136 0.102534
13.650718 0.83498738 5.974180 0.845313 0.100837
15.087636 0.83431628 5.975182 0.846220 0.100337
16.524554 0.83304399 5.976235 0.844904 0.100792
17.961472 0.83508525 5.979206 0.845315 0.100134
19.398389 0.83501534 5.976509 0.845599 0.100080
20.835307 0.83251270 5.972223 0.843794 0.101308
22.272225 0.83163188 5.960778 0.840401 0.103450
23.709143 0.82788491 5.947090 0.833073 0.107334
25.146060 0.82545218 5.930149 0.827355 0.110256
26.582978 0.82275380 5.916308 0.818583 0.114120
28.019896 0.81910469 5.895402 0.809740 0.119058
29.456814 0.81384775 5.871173 0.798475 0.124446
30.893731 0.81045031 5.845861 0.787609 0.129461
32.330649 0.80464810 5.828155 0.779331 0.133735
33.767567 0.80701093 5.821677 0.774376 0.135075
35.204484 0.80406088 5.816797 0.771203 0.136789
36.641402 0.80218740 5.812291 0.769395 0.137533
38.078320 0.80400496 5.811620 0.769229 0.138083
39.515238 0.80262082 5.818890 0.770181 0.136745
40.952155 0.80601826 5.823712 0.772985 0.135310
42.389073 0.80540308 5.826407 0.777075 0.135040
43.825991 0.80982115 5.837937 0.784899 0.131401
45.262909 0.81388969 5.867950 0.795807 0.125072
46.699826 0.82019523 5.890086 0.808024 0.119678
48.136744 0.81851748 5.908103 0.816588 0.115120
49.573662 0.82329907 5.925806 0.823640 0.111994
51.010580 0.82539625 5.931787 0.827956 0.109999
52.447497 0.82513061 5.933985 0.829106 0.109249
53.884415 0.82306138 5.932902 0.831107 0.108938
55.321333 0.82673845 5.941622 0.834050 0.107399
56.758250 0.82620716 5.953142 0.835213 0.105756
58.195168 0.82759130 5.954522 0.836709 0.104858
59.632086 0.82905933 5.954956 0.837122 0.104828
61.069004 0.82918517 5.958099 0.837771 0.104764
62.505921 0.82911526 5.957877 0.837324 0.104444
63.942839 0.82847212 5.956561 0.837328 0.104527
65.379757 0.82805269 5.952183 0.836943 0.105104
66.816675 0.82798278 5.954948 0.836092 0.105410
68.253592 0.82661262 5.951017 0.834443 0.106410
69.690510 0.82643086 5.943935 0.830587 0.107843
71.127428 0.82496283 5.937700 0.826929 0.109408
72.564346 0.82371850 5.923552 0.820654 0.112479
74.001263 0.81756676 5.911656 0.816507 0.114610
75.438181 0.81780444 5.897560 0.809735 0.118089
76.875099 0.81664400 5.881870 0.805848 0.120547
78.312016 0.81328850 5.875417 0.800751 0.122746
79.748934 0.81398756 5.869014 0.796117 0.124481
81.185852 0.81119131 5.855274 0.789231 0.128270
82.622770 0.80724861 5.830129 0.779602 0.133498
84.059687 0.80312414 5.805581 0.768487 0.139121
85.496605 0.79967078 5.790755 0.760541 0.142768
