# Layer profile at T = 0.360000
# input   = perfect_Sigma147_theta16.4264deg.dat
# seed    = 4000041
# n_samples = 1000
# Lx = 84.659852  Ly = 48.878388
# columns : x rho coord psi6 psi4
0.705499 0.85382512 5.993853 0.873243 0.089426
2.116496 0.85202716 5.993993 0.874025 0.089365
3.527494 0.85354963 5.994836 0.873682 0.089502
4.938491 0.85218666 5.994385 0.872858 0.089449
6.349489 0.85350613 5.993663 0.873094 0.089713
7.760486 0.85121519 5.993714 0.874251 0.089195
9.171484 0.85170817 5.994076 0.873041 0.089545
10.582481 0.85424561 5.993873 0.873186 0.089512
11.993479 0.85218666 5.993977 0.873813 0.089304
13.404476 0.85076570 5.994137 0.872997 0.089332
14.815474 0.85344813 5.994597 0.872405 0.089864
16.226472 0.85347713 5.993867 0.873332 0.089719
17.637469 0.85231716 5.993552 0.873434 0.089154
19.048467 0.85162118 5.993632 0.873589 0.089555
20.459464 0.85457910 5.994316 0.874202 0.089573
21.870462 0.85147618 5.993274 0.873070 0.089763
23.281459 0.85170817 5.993463 0.872823 0.089458
24.692457 0.85188217 5.993549 0.872777 0.089426
26.103454 0.85189667 5.993583 0.872712 0.089519
27.514452 0.85452110 5.994146 0.874350 0.089291
28.925449 0.85282464 5.994440 0.873376 0.089682
30.336447 0.85250565 5.993163 0.872482 0.089611
31.747444 0.85162118 5.993173 0.872489 0.090007
33.158442 0.85417311 5.993821 0.874203 0.089357
34.569439 0.85089619 5.994360 0.873877 0.089457
35.980437 0.85289714 5.993591 0.872227 0.089983
37.391434 0.85227366 5.994250 0.872536 0.090092
38.802432 0.85253465 5.993435 0.872906 0.089644
40.213429 0.85236066 5.993213 0.873638 0.089629
41.624427 0.85202716 5.993703 0.871871 0.089898
43.035425 0.85227366 5.993518 0.872258 0.089604
44.446422 0.85357863 5.994343 0.873895 0.089371
45.857420 0.85288264 5.994441 0.875019 0.089005
47.268417 0.85156318 5.994245 0.875369 0.088966
48.679415 0.85265065 5.994218 0.873450 0.089717
50.090412 0.85398461 5.993684 0.873846 0.089742
51.501410 0.85180967 5.993787 0.873372 0.089397
52.912407 0.85259265 5.993827 0.873842 0.089462
54.323405 0.85275215 5.994168 0.873825 0.089422
55.734402 0.85320163 5.993984 0.872643 0.089760
57.145400 0.85024371 5.994441 0.874347 0.089209
58.556397 0.85424561 5.994501 0.874048 0.089274
59.967395 0.85141818 5.993971 0.872477 0.089863
61.378392 0.85250565 5.993027 0.873425 0.089836
62.789390 0.85299864 5.993558 0.873512 0.089250
64.200387 0.85262165 5.993929 0.873761 0.089329
65.611385 0.85230266 5.994216 0.874272 0.089576
67.022382 0.85157768 5.994841 0.873647 0.089519
68.433380 0.85378162 5.994633 0.873100 0.089593
69.844378 0.85215766 5.994147 0.873077 0.089534
71.255375 0.85360762 5.993341 0.872961 0.089452
72.666373 0.85093969 5.993440 0.872320 0.089758
74.077370 0.85301314 5.993915 0.873239 0.089508
75.488368 0.85379612 5.994039 0.873088 0.089391
76.899365 0.85224466 5.993960 0.873538 0.089342
78.310363 0.85370912 5.994191 0.873537 0.089349
79.721360 0.85276665 5.994797 0.873807 0.089401
81.132358 0.85183867 5.994434 0.873312 0.089302
82.543355 0.85253465 5.994200 0.873774 0.089364
83.954353 0.85283914 5.994491 0.873832 0.089195
