# Layer profile at T = 0.420000
# input   = perfect_Sigma147_theta16.4264deg.dat
# seed    = 7000050
# n_samples = 1000
# Lx = 92.622948  Ly = 53.475884
# columns : x rho coord psi6 psi4
0.771858 0.70948381 5.632895 0.594605 0.190548
2.315574 0.70895081 5.632601 0.596450 0.190472
3.859290 0.71165215 5.645128 0.594023 0.189552
5.403005 0.71258490 5.658156 0.595533 0.188457
6.946721 0.71291197 5.663325 0.592899 0.188112
8.490437 0.71783010 5.671521 0.595994 0.186063
10.034153 0.71832676 5.669910 0.592194 0.187861
11.577869 0.71483804 5.651201 0.594573 0.188853
13.121584 0.70452933 5.626926 0.593605 0.191389
14.665300 0.69478996 5.619604 0.596434 0.191082
16.209016 0.69537142 5.618912 0.597176 0.190405
17.752732 0.69591653 5.622082 0.598257 0.190527
19.296448 0.70193701 5.632554 0.599385 0.189296
20.840163 0.70792115 5.661533 0.600291 0.186956
22.383879 0.71610997 5.672441 0.599691 0.185623
23.927595 0.71986520 5.675630 0.600546 0.185068
25.471311 0.71360244 5.666282 0.601050 0.185891
27.015027 0.71246376 5.657740 0.601567 0.185928
28.558742 0.71589192 5.672476 0.600166 0.185795
30.102458 0.72276036 5.683902 0.601663 0.185160
31.646174 0.72129461 5.687357 0.601622 0.183975
33.189890 0.72110079 5.681864 0.601310 0.183936
34.733606 0.71745458 5.674422 0.600733 0.185301
36.277321 0.71483804 5.674417 0.599762 0.185667
37.821037 0.71285140 5.671368 0.599880 0.186108
39.364753 0.71510454 5.676943 0.599881 0.185435
40.908469 0.71747881 5.676763 0.601774 0.185081
42.452185 0.72004690 5.685486 0.600271 0.184066
43.995900 0.72289361 5.701790 0.602594 0.182553
45.539616 0.72305108 5.702743 0.600726 0.181792
47.083332 0.72571608 5.707990 0.600767 0.182791
48.627048 0.72690322 5.702968 0.601509 0.183449
50.170764 0.72358408 5.702761 0.598964 0.183405
51.714479 0.72143997 5.680452 0.599745 0.185968
53.258195 0.71487438 5.672518 0.598856 0.186475
54.801911 0.70758197 5.660892 0.599050 0.187045
56.345627 0.71005315 5.656800 0.601637 0.186745
57.889343 0.71549217 5.660273 0.600394 0.187255
59.433058 0.71698215 5.667602 0.597523 0.187320
60.976774 0.71481381 5.662560 0.600070 0.186462
62.520490 0.71735767 5.666340 0.601192 0.185914
64.064206 0.71503185 5.669626 0.602211 0.185777
65.607922 0.71394163 5.675586 0.600469 0.185542
67.151637 0.72028917 5.686282 0.602871 0.184476
68.695353 0.72357197 5.701232 0.601050 0.182610
70.239069 0.72467431 5.690387 0.602089 0.183851
71.782785 0.72045876 5.692947 0.599385 0.184357
73.326501 0.72208199 5.684846 0.599568 0.185144
74.870216 0.71963504 5.677883 0.596944 0.185987
76.413932 0.70919308 5.660210 0.598011 0.187529
77.957648 0.69916299 5.641250 0.599234 0.188285
79.501364 0.68954475 5.619117 0.597767 0.190192
81.045080 0.69401469 5.612476 0.599617 0.191020
82.588795 0.68878160 5.617341 0.599305 0.190691
84.132511 0.69775780 5.626847 0.597246 0.190287
85.676227 0.69535930 5.619828 0.596450 0.190883
87.219943 0.70356024 5.624656 0.597199 0.190650
88.763659 0.70058028 5.640298 0.598157 0.188529
90.307374 0.70404478 5.639711 0.595764 0.189625
91.851090 0.70658865 5.638025 0.597466 0.189241
