# Layer profile at T = 0.340000
# input   = bicrystal_Sigma147_theta16.4264deg.dat
# seed    = 3000815
# n_samples = 1000
# Lx = 84.643891  Ly = 48.869173
# columns : x rho coord psi6 psi4
0.705366 0.84640143 5.952135 0.865245 0.096636
2.116097 0.85446626 5.978203 0.876554 0.090157
3.526829 0.85552514 5.991048 0.882816 0.086648
4.937560 0.85613435 5.995426 0.885100 0.085550
6.348292 0.85838264 5.996891 0.886485 0.085302
7.759023 0.85754134 5.996938 0.886145 0.085197
9.169755 0.85655500 5.996715 0.885957 0.084809
10.580486 0.85786046 5.997176 0.886209 0.084847
11.991218 0.85784595 5.996517 0.885592 0.084945
13.401949 0.85704817 5.996750 0.886187 0.084710
14.812681 0.85784595 5.997514 0.886878 0.084394
16.223412 0.85675807 5.997681 0.886272 0.084760
17.634144 0.85667104 5.997308 0.885701 0.084707
19.044875 0.85748332 5.997158 0.886121 0.084639
20.455607 0.85609083 5.996916 0.886716 0.084840
21.866338 0.85684510 5.997088 0.886711 0.084449
23.277070 0.85761387 5.997006 0.886545 0.084703
24.687801 0.85839714 5.997533 0.886856 0.084495
26.098533 0.85809254 5.996890 0.886231 0.084628
27.509264 0.85683059 5.997461 0.886576 0.084275
28.919996 0.85658401 5.997104 0.886789 0.084736
30.330728 0.85806353 5.996906 0.886007 0.084612
31.741459 0.85797650 5.996805 0.886310 0.084955
33.152191 0.85623588 5.997391 0.886348 0.084954
34.562922 0.85957206 5.996777 0.885425 0.084594
35.973654 0.85523503 5.995539 0.885069 0.085367
37.384385 0.85706268 5.991504 0.883091 0.086563
38.795117 0.85514800 5.981342 0.877324 0.089566
40.205848 0.84815655 5.960409 0.866143 0.095247
41.616580 0.84719921 5.930231 0.850332 0.103250
43.027311 0.83809001 5.907267 0.838145 0.109076
44.438043 0.83720520 5.892529 0.830777 0.113296
45.848774 0.83518899 5.883326 0.826487 0.115260
47.259506 0.83373848 5.870283 0.823591 0.117656
48.670237 0.83175128 5.863381 0.818186 0.119910
50.080969 0.83365145 5.871487 0.822459 0.117722
51.491700 0.83565315 5.888441 0.832030 0.113010
52.902432 0.84315229 5.915634 0.844126 0.106517
54.313163 0.84788095 5.942553 0.859276 0.099112
55.723895 0.85046286 5.963655 0.870973 0.093490
57.134626 0.85336388 5.975999 0.879113 0.089572
58.545358 0.85391507 5.979939 0.881951 0.088034
59.956089 0.85688861 5.978282 0.882377 0.088111
61.366821 0.85245005 5.980500 0.882942 0.087654
62.777552 0.85633742 5.988939 0.884029 0.086738
64.188284 0.85604732 5.996255 0.884347 0.085447
65.599015 0.85703367 5.995786 0.884738 0.086044
67.009747 0.85633742 5.992683 0.883778 0.086191
68.420478 0.85562667 5.988777 0.881218 0.087634
69.831210 0.85288521 5.975969 0.873753 0.091284
71.241941 0.85200040 5.955872 0.863505 0.096660
72.652673 0.84399358 5.933506 0.850494 0.102672
74.063404 0.83674103 5.907985 0.837454 0.109554
75.474136 0.83703114 5.882352 0.826763 0.115174
76.884867 0.83179480 5.866963 0.819086 0.119596
78.295599 0.83222995 5.868950 0.818438 0.119235
79.706330 0.83352090 5.868892 0.818719 0.118692
81.117062 0.83114207 5.873543 0.823040 0.117088
82.527793 0.83737926 5.889208 0.834105 0.112179
83.938525 0.84480587 5.915714 0.847433 0.105698
