# Layer profile at T = 0.420000
# input   = bicrystal_Sigma147_theta16.4264deg.dat
# seed    = 7000827
# n_samples = 1000
# Lx = 93.232012  Ly = 53.827527
# columns : x rho coord psi6 psi4
0.776933 0.70090185 5.649734 0.591563 0.190068
2.330800 0.70280284 5.655632 0.591763 0.189973
3.884667 0.70484730 5.652797 0.592589 0.189324
5.438534 0.70063882 5.653118 0.592886 0.189884
6.992401 0.70087794 5.643257 0.593799 0.189901
8.546268 0.69861828 5.637243 0.595360 0.189699
10.100135 0.70191810 5.633429 0.593008 0.190439
11.654002 0.69955084 5.647143 0.592280 0.190059
13.207868 0.70138009 5.651916 0.592018 0.189415
14.761735 0.69480435 5.640156 0.595662 0.189239
16.315602 0.69348920 5.629698 0.594653 0.191216
17.869469 0.69348920 5.625664 0.594761 0.191456
19.423336 0.69555757 5.624886 0.595788 0.191138
20.977203 0.69594016 5.631105 0.596152 0.190487
22.531070 0.69578473 5.636573 0.596245 0.189508
24.084937 0.69895304 5.637656 0.593294 0.190971
25.638803 0.69874979 5.633752 0.594004 0.189823
27.192670 0.69681294 5.625991 0.594071 0.191404
28.746537 0.69674121 5.636488 0.594549 0.190033
30.300404 0.69890522 5.635664 0.592940 0.191015
31.854271 0.69644231 5.634341 0.594204 0.190382
33.408138 0.69906065 5.632187 0.595305 0.190573
34.962005 0.69552170 5.626294 0.593539 0.191138
36.515872 0.69316640 5.614382 0.590523 0.193238
38.069738 0.68788189 5.594664 0.593005 0.195199
39.623605 0.68570592 5.581783 0.590028 0.196079
41.177472 0.68358973 5.603278 0.589767 0.194458
42.731339 0.68922095 5.609468 0.589977 0.193884
44.285206 0.69295119 5.610155 0.590305 0.194032
45.839073 0.69458915 5.615533 0.591295 0.193479
47.392940 0.69298706 5.625996 0.592498 0.192392
48.946807 0.69910847 5.643431 0.594408 0.189880
50.500673 0.70181050 5.655656 0.593983 0.188660
52.054540 0.70221700 5.665509 0.596798 0.187587
53.608407 0.70470383 5.660514 0.592515 0.188116
55.162274 0.70323325 5.661606 0.594725 0.188310
56.716141 0.70601897 5.670849 0.597807 0.186702
58.270008 0.70701131 5.680697 0.597183 0.186133
59.823875 0.71113609 5.687206 0.596829 0.185703
61.377741 0.71327620 5.696123 0.596723 0.185047
62.931608 0.71255884 5.700515 0.596058 0.184822
64.485475 0.71069372 5.687701 0.598027 0.184735
66.039342 0.70653308 5.679364 0.596009 0.186197
67.593209 0.70905577 5.677469 0.596634 0.186080
69.147076 0.70664068 5.676909 0.597052 0.186890
70.700943 0.70733412 5.675907 0.594317 0.187350
72.254810 0.70682002 5.671882 0.594420 0.187264
73.808676 0.70664068 5.670276 0.594301 0.187134
75.362543 0.70642547 5.666740 0.595699 0.186884
76.916410 0.69978996 5.648938 0.592651 0.189976
78.470277 0.69525868 5.650554 0.593951 0.189435
80.024144 0.69944324 5.648610 0.597839 0.189203
81.578011 0.70335281 5.652722 0.597125 0.189388
83.131878 0.70372344 5.656592 0.593906 0.188240
84.685745 0.70289849 5.664694 0.593812 0.188221
86.239611 0.71016767 5.659102 0.592727 0.189332
87.793478 0.70502663 5.666842 0.591963 0.188624
89.347345 0.71038287 5.663901 0.594572 0.188720
90.901212 0.70420168 5.672020 0.592219 0.187921
92.455079 0.69955084 5.654099 0.590761 0.189816
