# Layer profile at T = 0.280000
# input   = perfect_Sigma147_theta16.4264deg.dat
# seed    = 29
# n_samples = 1000
# Lx = 83.536121  Ly = 48.229602
# columns : x rho coord psi6 psi4
0.696134 0.87748711 5.999593 0.920810 0.070640
2.088403 0.87559578 5.999830 0.921593 0.070557
3.480672 0.87571492 5.999524 0.920561 0.070943
4.872940 0.87534261 5.999609 0.920994 0.070755
6.265209 0.87572981 5.999660 0.921454 0.070520
7.657478 0.87580427 5.999779 0.921038 0.070435
9.049746 0.87568514 5.999711 0.920437 0.070666
10.442015 0.87584895 5.999473 0.920945 0.070834
11.834284 0.87665314 5.999660 0.921497 0.070425
13.226553 0.87511923 5.999813 0.921566 0.070764
14.618821 0.87538729 5.999711 0.921299 0.070566
16.011090 0.87553621 5.999830 0.920705 0.070788
17.403359 0.87607234 5.999881 0.920952 0.070816
18.795627 0.87447886 5.999813 0.921740 0.070653
20.187896 0.87559578 5.999694 0.920949 0.070496
21.580165 0.87614680 5.999677 0.920597 0.070788
22.972433 0.87580427 5.999711 0.920604 0.071060
24.364702 0.87526815 5.999745 0.920522 0.070890
25.756971 0.87556600 5.999524 0.920628 0.071141
27.149239 0.87663825 5.999643 0.920993 0.070734
28.541508 0.87584895 5.999694 0.920794 0.070801
29.933777 0.87421079 5.999881 0.920476 0.070896
31.326045 0.87622126 5.999864 0.921416 0.070474
32.718314 0.87666803 5.999796 0.921692 0.070613
34.110583 0.87477670 5.999779 0.921181 0.070635
35.502852 0.87631061 5.999694 0.920683 0.070989
36.895120 0.87604255 5.999728 0.920495 0.070783
38.287389 0.87354064 5.999778 0.920847 0.070678
39.679658 0.87552132 5.999660 0.921305 0.070672
41.071926 0.87654889 5.999864 0.920979 0.070674
42.464195 0.87626594 5.999643 0.920775 0.070844
43.856464 0.87428525 5.999676 0.921095 0.070957
45.248732 0.87571492 5.999728 0.920897 0.070805
46.641001 0.87641486 5.999711 0.921434 0.070524
48.033270 0.87684674 5.999694 0.921100 0.070770
49.425538 0.87504476 5.999711 0.921419 0.070686
50.817807 0.87468735 5.999813 0.921705 0.070473
52.210076 0.87656378 5.999626 0.921310 0.070541
53.602344 0.87471713 5.999642 0.921334 0.070659
54.994613 0.87617658 5.999575 0.921172 0.070841
56.386882 0.87519369 5.999677 0.920403 0.070852
57.779150 0.87510433 5.999762 0.920419 0.070789
59.171419 0.87683185 5.999728 0.921259 0.070757
60.563688 0.87500009 5.999711 0.921275 0.070518
61.955957 0.87726373 5.999779 0.921343 0.070458
63.348225 0.87452353 5.999693 0.920718 0.070775
64.740494 0.87578938 5.999915 0.920614 0.070577
66.132763 0.87580427 5.999813 0.921126 0.070615
67.525031 0.87611701 5.999660 0.920853 0.070672
68.917300 0.87645954 5.999728 0.920545 0.070700
70.309569 0.87418101 5.999642 0.920980 0.070908
71.701837 0.87708502 5.999677 0.921166 0.070796
73.094106 0.87379381 5.999727 0.921555 0.070541
74.486375 0.87623615 5.999660 0.921380 0.070866
75.878643 0.87608723 5.999762 0.920828 0.070925
77.270912 0.87500009 5.999677 0.920961 0.070672
78.663181 0.87708502 5.999915 0.920788 0.070788
80.055449 0.87453842 5.999642 0.921141 0.070646
81.447718 0.87547664 5.999609 0.921718 0.070505
82.839987 0.87476181 5.999608 0.921506 0.070472
