# Layer profile at T = 0.320000
# input   = perfect_Sigma147_theta16.4264deg.dat
# seed    = 2000035
# n_samples = 1000
# Lx = 84.016047  Ly = 48.506688
# columns : x rho coord psi6 psi4
0.700134 0.86603323 5.998589 0.900574 0.078927
2.100401 0.86594489 5.998504 0.899807 0.079301
3.500669 0.86520876 5.998298 0.900863 0.079234
4.900936 0.86604795 5.998317 0.900250 0.079371
6.301204 0.86516459 5.998605 0.900539 0.079364
7.701471 0.86489958 5.998366 0.899883 0.079409
9.101738 0.86603323 5.998419 0.900274 0.079198
10.502006 0.86537071 5.998503 0.901278 0.079115
11.902273 0.86610684 5.998776 0.900609 0.079384
13.302541 0.86581239 5.998538 0.900355 0.079355
14.702808 0.86557683 5.998588 0.900817 0.079266
16.103076 0.86501736 5.998758 0.900747 0.079230
17.503343 0.86482597 5.998706 0.901555 0.079309
18.903611 0.86728466 5.998455 0.901109 0.078730
20.303878 0.86615101 5.998810 0.900497 0.079088
21.704146 0.86434012 5.999216 0.900597 0.079099
23.104413 0.86619518 5.998555 0.901058 0.079029
24.504680 0.86504681 5.998298 0.900799 0.078917
25.904948 0.86718160 5.998574 0.901240 0.079174
27.305215 0.86512042 5.998468 0.901105 0.079029
28.705483 0.86563572 5.998384 0.901147 0.078828
30.105750 0.86548849 5.998197 0.900081 0.079421
31.506018 0.86616573 5.998555 0.900602 0.079137
32.906285 0.86526765 5.998469 0.899741 0.079322
34.306553 0.86669575 5.998369 0.900090 0.079136
35.706820 0.86657797 5.998556 0.900835 0.079330
37.107088 0.86479652 5.998400 0.901596 0.078847
38.507355 0.86616573 5.998266 0.900681 0.079026
39.907622 0.86537071 5.998214 0.900853 0.078989
41.307890 0.86615101 5.998470 0.901014 0.078928
42.708157 0.86593017 5.998368 0.900191 0.079061
44.108425 0.86584184 5.998521 0.900460 0.079107
45.508692 0.86560627 5.998112 0.899938 0.079322
46.908960 0.86615101 5.998249 0.900372 0.079478
48.309227 0.86709326 5.998421 0.900419 0.079388
49.709495 0.86526765 5.998452 0.900078 0.079360
51.109762 0.86526765 5.998264 0.900477 0.079139
52.510030 0.86646019 5.998403 0.900784 0.079169
53.910297 0.86618046 5.998623 0.900306 0.079387
55.310564 0.86372177 5.998330 0.900552 0.079020
56.710832 0.86597434 5.998470 0.901203 0.079039
58.111099 0.86553266 5.998435 0.900854 0.079778
59.511367 0.86775579 5.998643 0.900205 0.079311
60.911634 0.86550321 5.998707 0.900698 0.078892
62.311902 0.86482597 5.998723 0.899948 0.079237
63.712169 0.86585656 5.998317 0.899718 0.079382
65.112437 0.86464930 5.998604 0.900338 0.078987
66.512704 0.86638658 5.998692 0.900541 0.079129
67.912972 0.86472291 5.998570 0.900190 0.079253
69.313239 0.86638658 5.998556 0.899912 0.079480
70.713506 0.86404567 5.998313 0.900650 0.079214
72.113774 0.86570933 5.998367 0.899458 0.079206
73.514041 0.86771162 5.998677 0.900627 0.079006
74.914309 0.86478180 5.998774 0.900519 0.079013
76.314576 0.86545905 5.998265 0.899961 0.079394
77.714844 0.86542960 5.998248 0.900523 0.079280
79.115111 0.86594489 5.998181 0.900888 0.078926
80.515379 0.86500264 5.998434 0.899949 0.079216
81.915646 0.86591545 5.998385 0.900494 0.079079
83.315914 0.86488486 5.998383 0.900398 0.079250
