# Layer profile at T = 0.300000
# input   = bicrystal_Sigma147_theta16.4264deg.dat
# seed    = 1000809
# n_samples = 1000
# Lx = 83.990602  Ly = 48.491997
# columns : x rho coord psi6 psi4
0.699922 0.86785442 5.988576 0.905243 0.078522
2.099765 0.86872359 5.997355 0.909041 0.076332
3.499608 0.86873832 5.998881 0.910047 0.075620
4.899452 0.86941597 5.999322 0.910760 0.075048
6.299295 0.86872359 5.999542 0.910998 0.075074
7.699139 0.86954856 5.999627 0.910250 0.075108
9.098982 0.86873832 5.999356 0.910960 0.074985
10.498825 0.86910661 5.999220 0.910523 0.075304
11.898669 0.86975480 5.999543 0.909894 0.075211
13.298512 0.86757452 5.999372 0.910339 0.075330
14.698355 0.87084494 5.999290 0.910476 0.075602
16.098199 0.86985792 5.999221 0.910640 0.075221
17.498042 0.86841422 5.999355 0.910649 0.075137
18.897886 0.86941597 5.999322 0.910549 0.075427
20.297729 0.86863520 5.999288 0.910238 0.075148
21.697572 0.86938651 5.999373 0.910438 0.075064
23.097416 0.86862047 5.999389 0.910307 0.075288
24.497259 0.87096279 5.999459 0.909424 0.075792
25.897102 0.86878252 5.999305 0.910161 0.075289
27.296946 0.86948963 5.999221 0.910116 0.075502
28.696789 0.86957802 5.999305 0.910675 0.075429
30.096632 0.86730935 5.999049 0.910019 0.075793
31.496476 0.86859100 5.997286 0.908882 0.076418
32.896319 0.86697053 5.991844 0.905167 0.078535
34.296163 0.86399474 5.977902 0.896315 0.082765
35.696006 0.85895653 5.948531 0.881258 0.091554
37.095849 0.85007336 5.897754 0.855178 0.104995
38.495693 0.84108707 5.871563 0.841375 0.111778
39.895536 0.84793727 5.895533 0.855109 0.106253
41.295379 0.85310807 5.912019 0.862213 0.102173
42.695223 0.84842342 5.912453 0.863975 0.101052
44.095066 0.85405090 5.917773 0.866839 0.098695
45.494910 0.85322593 5.934321 0.874277 0.094620
46.894753 0.85998774 5.949346 0.880946 0.090710
48.294596 0.86166714 5.966473 0.890975 0.085786
49.694440 0.86817852 5.986629 0.901967 0.080155
51.094283 0.86680848 5.996040 0.907990 0.077139
52.494126 0.87025568 5.999052 0.909192 0.075967
53.893970 0.86741247 5.999202 0.909941 0.075559
55.293813 0.86965168 5.999373 0.910823 0.075407
56.693657 0.86863520 5.999474 0.910206 0.075626
58.093500 0.87087441 5.999391 0.910334 0.075254
59.493343 0.86910661 5.999491 0.910977 0.075147
60.893187 0.86879725 5.999423 0.910555 0.075360
62.293030 0.86747140 5.999406 0.910677 0.075158
63.692873 0.86950436 5.999390 0.910342 0.075280
65.092717 0.86963695 5.999153 0.909882 0.075649
66.492560 0.86817852 5.997489 0.908129 0.076668
67.892404 0.86676428 5.992811 0.904359 0.078720
69.292247 0.86336128 5.971897 0.892733 0.084974
70.692090 0.85661420 5.927031 0.869881 0.097437
72.091934 0.84443115 5.875700 0.842605 0.111351
73.491777 0.83463462 5.842541 0.824037 0.120814
74.891620 0.84085137 5.856845 0.834885 0.116202
76.291464 0.84864439 5.896731 0.854181 0.105977
77.691307 0.85602493 5.933486 0.874306 0.095474
79.091151 0.85823468 5.950633 0.884724 0.089715
80.490994 0.86091583 5.949983 0.891852 0.087613
81.890837 0.85914804 5.958196 0.895872 0.085014
83.290681 0.86468713 5.972571 0.898515 0.082208
