# Layer profile at T = 0.340000
# input   = perfect_Sigma147_theta16.4264deg.dat
# seed    = 3000038
# n_samples = 1000
# Lx = 84.415940  Ly = 48.737566
# columns : x rho coord psi6 psi4
0.703466 0.85936425 5.997183 0.886997 0.084157
2.110399 0.85770173 5.996956 0.886966 0.084309
3.517331 0.85730797 5.997091 0.887401 0.084053
4.924263 0.85672463 5.996596 0.888191 0.084360
6.331196 0.85716214 5.996938 0.888044 0.083977
7.738128 0.85851841 5.996942 0.888594 0.083927
9.145060 0.85706005 5.996971 0.888297 0.083990
10.551993 0.85816840 5.996873 0.888097 0.084064
11.958925 0.85805173 5.996805 0.887717 0.083802
13.365857 0.85951009 5.997183 0.888051 0.083960
14.772790 0.85577670 5.996626 0.888067 0.084111
16.179722 0.85770173 5.996769 0.888208 0.084110
17.586654 0.85882466 5.996570 0.888383 0.083764
18.993587 0.85723506 5.996495 0.888381 0.084004
20.400519 0.85759964 5.996684 0.888168 0.084011
21.807451 0.85676838 5.997208 0.888798 0.083725
23.214384 0.85761423 5.997415 0.888439 0.083725
24.621316 0.85821215 5.996364 0.887585 0.083964
26.028248 0.85698714 5.996631 0.887330 0.084497
27.435181 0.85739547 5.997074 0.888529 0.083899
28.842113 0.85926217 5.996809 0.888979 0.083884
30.249045 0.85596629 5.997070 0.888099 0.084093
31.655978 0.85757048 5.996905 0.887257 0.084225
33.062910 0.85726422 5.996836 0.887282 0.084532
34.469842 0.85862049 5.996586 0.887912 0.083856
35.876775 0.85634546 5.996202 0.887955 0.084401
37.283707 0.85854757 5.996671 0.888360 0.084188
38.690639 0.85777465 5.997059 0.888237 0.083845
40.097572 0.85660796 5.996714 0.887581 0.084201
41.504504 0.85816840 5.996771 0.888223 0.083892
42.911436 0.85609754 5.996763 0.886823 0.084509
44.318369 0.85789131 5.996175 0.887529 0.084273
45.725301 0.85732256 5.996989 0.887637 0.084159
47.132233 0.85891216 5.996944 0.888608 0.084122
48.539166 0.85703089 5.996818 0.888197 0.084159
49.946098 0.85714755 5.997040 0.887691 0.083853
51.353030 0.85828507 5.996687 0.887291 0.083870
52.759963 0.85762881 5.996973 0.888298 0.084146
54.166895 0.85840174 5.997112 0.888544 0.084030
55.573827 0.85525169 5.997118 0.888780 0.083918
56.980760 0.85863508 5.997045 0.888153 0.083746
58.387692 0.85739547 5.996972 0.887830 0.083898
59.794624 0.85758506 5.996973 0.887373 0.084455
61.201557 0.85794965 5.997348 0.888149 0.083969
62.608489 0.85719130 5.997142 0.888281 0.083778
64.015421 0.85738089 5.996666 0.887139 0.084163
65.422354 0.85719130 5.996887 0.887371 0.084061
66.829286 0.85681213 5.997209 0.887716 0.084321
68.236218 0.85758506 5.996633 0.887141 0.084514
69.643151 0.85652046 5.996441 0.887519 0.084358
71.050083 0.85716214 5.996938 0.887742 0.084115
72.457015 0.85652046 5.996833 0.887635 0.084189
73.863948 0.85794965 5.996736 0.888061 0.084224
75.270880 0.85783298 5.996787 0.886348 0.084465
76.677812 0.85627254 5.996389 0.887098 0.084420
78.084745 0.85619962 5.996662 0.887087 0.084261
79.491677 0.85921842 5.996300 0.887547 0.084286
80.898610 0.85628713 5.996611 0.887763 0.084392
82.305542 0.85742464 5.996887 0.888319 0.083796
83.712474 0.85783298 5.997671 0.888503 0.084043
