# Layer profile at T = 0.320000
# input   = bicrystal_Sigma147_theta16.4264deg.dat
# seed    = 2000812
# n_samples = 1000
# Lx = 84.308772  Ly = 48.675692
# columns : x rho coord psi6 psi4
0.702573 0.84919594 5.927929 0.861822 0.099997
2.107719 0.84156397 5.881220 0.837385 0.112872
3.512866 0.83109559 5.843959 0.816249 0.122599
4.918012 0.83248455 5.846941 0.816298 0.122572
6.323158 0.83641750 5.870053 0.827433 0.117196
7.728304 0.84188562 5.889358 0.836821 0.111659
9.133450 0.84678353 5.923339 0.857197 0.101478
10.538597 0.85469330 5.961391 0.878601 0.090830
11.943743 0.86057080 5.984777 0.889965 0.084724
13.348889 0.86080473 5.993478 0.895976 0.081650
14.754035 0.86217907 5.997439 0.898484 0.080430
16.159181 0.86386044 5.998443 0.899325 0.079911
17.564328 0.86406513 5.998646 0.899008 0.079845
18.969474 0.86238376 5.998237 0.898940 0.079924
20.374620 0.86144804 5.998489 0.899839 0.079751
21.779766 0.86377272 5.998460 0.899783 0.079630
23.184912 0.86288086 5.998899 0.899813 0.079674
24.590059 0.86324637 5.998476 0.899315 0.079662
25.995205 0.86350955 5.998662 0.899798 0.079529
27.400351 0.86194514 5.998406 0.898995 0.079768
28.805497 0.86387506 5.998680 0.899260 0.079707
30.210643 0.86280775 5.998390 0.899097 0.079786
31.615790 0.86350955 5.998679 0.899129 0.079797
33.020936 0.86418209 5.998545 0.899692 0.079749
34.426082 0.86223755 5.998694 0.898975 0.079833
35.831228 0.86369961 5.998256 0.899110 0.079723
37.236374 0.86187203 5.997099 0.897617 0.080544
38.641521 0.86223755 5.993065 0.895462 0.082173
40.046667 0.85950349 5.985048 0.891577 0.084174
41.451813 0.85697412 5.967414 0.881614 0.089577
42.856959 0.85103814 5.934631 0.863374 0.098797
44.262105 0.83662219 5.882440 0.836361 0.112743
45.667252 0.83249917 5.833105 0.812510 0.124780
47.072398 0.82682636 5.827999 0.810085 0.126141
48.477544 0.83782108 5.863273 0.825622 0.118450
49.882690 0.84396175 5.903749 0.844745 0.108121
51.287837 0.84986849 5.939117 0.863643 0.097833
52.692983 0.85630157 5.966996 0.879034 0.089827
54.098129 0.85981052 5.983761 0.891054 0.084579
55.503275 0.86209134 5.993013 0.896279 0.081629
56.908421 0.86330486 5.997612 0.898498 0.080354
58.313568 0.86209134 5.998067 0.899080 0.080261
59.718714 0.86206210 5.998575 0.898608 0.080262
61.123860 0.86282238 5.998441 0.898748 0.080266
62.529006 0.86272003 5.998221 0.898160 0.079790
63.934152 0.86304169 5.998425 0.898600 0.079988
65.339299 0.86298320 5.998136 0.899362 0.079875
66.744445 0.86304169 5.998441 0.899418 0.079785
68.149591 0.86251534 5.998542 0.898119 0.080113
69.554737 0.86320251 5.998103 0.899288 0.079903
70.959883 0.86276389 5.998441 0.899057 0.079700
72.365030 0.86143341 5.998812 0.898982 0.079873
73.770176 0.86482540 5.998309 0.898825 0.080126
75.175322 0.86084859 5.998709 0.899280 0.079829
76.580468 0.86334872 5.998510 0.898376 0.080011
77.985614 0.86307093 5.998323 0.897896 0.080209
79.390761 0.86250072 5.998508 0.897886 0.080150
80.795907 0.86295396 5.996357 0.897783 0.080962
82.201053 0.86043921 5.985948 0.891626 0.084123
83.606199 0.85366986 5.962475 0.879360 0.090669
