# Layer profile at T = 0.380000
# input   = perfect_Sigma147_theta16.4264deg.dat
# seed    = 5000044
# n_samples = 1000
# Lx = 85.105856  Ly = 49.135889
# columns : x rho coord psi6 psi4
0.709215 0.84300554 5.986554 0.854847 0.095901
2.127646 0.84487079 5.987382 0.855577 0.096169
3.546077 0.84312032 5.988377 0.856634 0.095627
4.964508 0.84235988 5.988128 0.856755 0.095720
6.382939 0.84471296 5.988212 0.857218 0.095331
7.801370 0.84454078 5.988362 0.855365 0.095867
9.219801 0.84220205 5.989063 0.856360 0.095749
10.638232 0.84458383 5.987955 0.857487 0.095414
12.056663 0.84435426 5.988037 0.856164 0.095310
13.475094 0.84478470 5.989096 0.855938 0.095805
14.893525 0.84360816 5.989642 0.856954 0.095211
16.311956 0.84366555 5.989490 0.857424 0.095144
17.730387 0.84411034 5.988068 0.855073 0.095841
19.148818 0.84346468 5.989215 0.856271 0.095296
20.567249 0.84611907 5.990046 0.857405 0.094833
21.985679 0.84144160 5.988609 0.857676 0.095049
23.404110 0.84369425 5.989881 0.856592 0.095635
24.822541 0.84370860 5.990120 0.856757 0.095164
26.240972 0.84474165 5.988790 0.856321 0.095557
27.659403 0.84382338 5.988574 0.856758 0.095412
29.077834 0.84403860 5.988219 0.856479 0.095726
30.496265 0.84235988 5.989763 0.855853 0.096126
31.914696 0.84400990 5.989171 0.856175 0.095700
33.333127 0.84353642 5.988825 0.856904 0.095545
34.751558 0.84435426 5.988853 0.856140 0.095846
36.169989 0.84290510 5.989038 0.855589 0.095706
37.588420 0.84444035 5.989313 0.856125 0.095482
39.006851 0.84323511 5.989587 0.856059 0.095602
40.425282 0.84220205 5.988075 0.856659 0.095855
41.843712 0.84547341 5.988053 0.856833 0.095818
43.262143 0.84316337 5.989075 0.856910 0.095583
44.680574 0.84375164 5.988198 0.856408 0.095216
46.099005 0.84367990 5.988214 0.855824 0.095770
47.517436 0.84416773 5.988510 0.856324 0.095353
48.935867 0.84421078 5.988681 0.857584 0.095311
50.354298 0.84299119 5.988681 0.856124 0.095645
51.772729 0.84379468 5.989968 0.857313 0.095305
53.191160 0.84402425 5.989613 0.858736 0.094996
54.609591 0.84314902 5.989534 0.857151 0.095187
56.028022 0.84314902 5.989041 0.856381 0.095499
57.446453 0.84352207 5.987039 0.855091 0.096205
58.864884 0.84320641 5.987510 0.857392 0.095726
60.283315 0.84375164 5.987008 0.856061 0.095784
61.701746 0.84277597 5.988627 0.855696 0.095301
63.120176 0.84469861 5.988263 0.855288 0.096053
64.538607 0.84119769 5.988964 0.855666 0.095982
65.957038 0.84487079 5.989097 0.856406 0.095617
67.375469 0.84248901 5.989135 0.856722 0.095679
68.793900 0.84471296 5.989078 0.857656 0.095266
70.212331 0.84307728 5.990129 0.857837 0.094952
71.630762 0.84392382 5.989680 0.857846 0.095196
73.049193 0.84578906 5.987769 0.855692 0.095768
74.467624 0.84161378 5.988561 0.855440 0.095906
75.886055 0.84195813 5.988327 0.856057 0.095687
77.304486 0.84524384 5.988779 0.856990 0.095586
78.722917 0.84360816 5.989438 0.856336 0.095601
80.141348 0.84436861 5.990042 0.856753 0.095272
81.559779 0.84238857 5.988537 0.856544 0.095727
82.978210 0.84347903 5.988926 0.856293 0.095546
84.396640 0.84370860 5.987671 0.855321 0.095967
