# Layer profile at T = 0.440000
# input   = perfect_Sigma147_theta16.4264deg.dat
# seed    = 8000053
# n_samples = 1000
# Lx = 108.304008  Ly = 62.529348
# columns : x rho coord psi6 psi4
0.902533 0.54865944 6.059554 0.495779 0.178614
2.707600 0.54078310 6.012025 0.494281 0.181798
4.512667 0.52961092 5.973184 0.497087 0.184614
6.317734 0.51689714 5.902952 0.501126 0.187350
8.122801 0.50851579 5.825737 0.506216 0.191625
9.927867 0.50109130 5.813519 0.507951 0.192366
11.732934 0.49706896 5.810441 0.506329 0.193066
13.538001 0.50070147 5.815355 0.507327 0.191950
15.343068 0.50664638 5.853650 0.506549 0.190151
17.148135 0.51416833 5.871610 0.503990 0.189859
18.953201 0.51010169 5.883769 0.503746 0.187831
20.758268 0.50387327 5.888240 0.506526 0.187644
22.563335 0.49813213 5.891790 0.501663 0.187526
24.368402 0.50296957 5.895913 0.501609 0.187419
26.173469 0.51415947 5.921097 0.502479 0.186478
27.978536 0.52533165 5.961531 0.497657 0.184581
29.783602 0.54619642 6.003617 0.497029 0.180996
31.588669 0.55404619 6.035324 0.496455 0.179929
33.393736 0.55658008 6.046051 0.496087 0.178455
35.198803 0.55886591 6.053710 0.493518 0.178976
37.003870 0.56084164 6.061104 0.493185 0.177711
38.808936 0.56016829 6.054930 0.494516 0.178356
40.614003 0.55211476 6.055539 0.492849 0.178779
42.419070 0.54536361 6.025116 0.496096 0.180519
44.224137 0.53109050 5.980565 0.500751 0.182339
46.029204 0.51570993 5.935490 0.504941 0.185277
47.834270 0.51017257 5.897834 0.504877 0.186684
49.639337 0.50405046 5.869068 0.507514 0.188173
51.444404 0.50017874 5.851829 0.506815 0.189237
53.249471 0.50360747 5.834313 0.506331 0.189655
55.054538 0.50988906 5.845372 0.503122 0.190628
56.859604 0.52417988 5.901815 0.501206 0.187687
58.664671 0.54009204 5.972211 0.497444 0.184149
60.469738 0.54710012 6.009360 0.495816 0.182222
62.274805 0.54423841 6.053168 0.496734 0.179451
64.079872 0.54123495 6.053561 0.495977 0.179061
65.884938 0.53333203 6.034969 0.495612 0.181449
67.690005 0.52989443 5.968751 0.497265 0.184732
69.495072 0.51519606 5.893052 0.502216 0.188058
71.300139 0.50167604 5.819193 0.503999 0.191570
73.105206 0.48429316 5.770846 0.509795 0.195392
74.910273 0.46632553 5.750997 0.512938 0.195536
76.715339 0.46382707 5.731815 0.514108 0.196468
78.520406 0.45831629 5.714170 0.512615 0.198708
80.325473 0.45594187 5.714566 0.513140 0.198322
82.130540 0.46088563 5.716993 0.514347 0.198555
83.935607 0.47066682 5.724268 0.512268 0.197374
85.740673 0.47102121 5.763148 0.510289 0.195553
87.545740 0.48485132 5.768186 0.509779 0.195069
89.350807 0.50284553 5.802875 0.505390 0.192418
91.155874 0.52121185 5.877628 0.502884 0.189030
92.960941 0.53057664 5.955031 0.497303 0.184965
94.766007 0.54479658 6.009400 0.494472 0.182230
96.571074 0.56077962 6.056181 0.492129 0.178806
98.376141 0.57203154 6.103694 0.490949 0.175610
100.181208 0.57149995 6.119836 0.490510 0.175225
101.986275 0.56427037 6.111825 0.492145 0.174965
103.791341 0.55992022 6.091902 0.493371 0.176791
105.596408 0.55562323 6.086585 0.492383 0.177330
107.401475 0.55308047 6.081472 0.495639 0.177667
