# Layer profile at T = 0.280000
# input   = bicrystal_Sigma147_theta16.4264deg.dat
# seed    = 806
# n_samples = 1000
# Lx = 83.665682  Ly = 48.304404
# columns : x rho coord psi6 psi4
0.697214 0.84288178 5.811445 0.815179 0.127976
2.091642 0.82355194 5.801341 0.812335 0.130115
3.486070 0.86218192 5.893412 0.861322 0.104901
4.880498 0.86535902 5.967540 0.899942 0.083111
6.274926 0.87425193 5.989692 0.912849 0.075641
7.669354 0.87340569 5.998028 0.918225 0.072633
9.063782 0.87548417 5.999440 0.919889 0.071672
10.458210 0.87589987 5.999712 0.920404 0.071036
11.852638 0.87432616 5.999796 0.920669 0.071406
13.247066 0.87538025 5.999678 0.920558 0.071199
14.641494 0.87469732 5.999745 0.920725 0.070904
16.035922 0.87493486 5.999813 0.920578 0.070935
17.430350 0.87585533 5.999763 0.920776 0.070838
18.824778 0.87432616 5.999847 0.920585 0.070800
20.219206 0.87696880 5.999814 0.920561 0.070646
21.613634 0.87496455 5.999593 0.920625 0.070772
23.008062 0.87543963 5.999661 0.921156 0.070676
24.402490 0.87621164 5.999763 0.919775 0.071047
25.796918 0.87437070 5.999762 0.920214 0.071413
27.191347 0.87535055 5.999746 0.920252 0.070945
28.585775 0.87536540 5.999593 0.920360 0.071056
29.980203 0.87447463 5.999847 0.920198 0.070925
31.374631 0.87478640 5.999762 0.920489 0.071026
32.769059 0.87463793 5.999864 0.920935 0.070917
34.163487 0.87576625 5.999746 0.920336 0.071126
35.557915 0.87443009 5.999677 0.920035 0.071400
36.952343 0.87545448 5.999050 0.919628 0.071702
38.346771 0.87336116 5.995002 0.916844 0.073273
39.741199 0.87355416 5.980863 0.908283 0.077877
41.135627 0.85498148 5.941013 0.886915 0.090535
42.530055 0.86351808 5.861787 0.842968 0.112987
43.924483 0.82150316 5.827665 0.827463 0.122493
45.318911 0.86319146 5.888291 0.856595 0.105656
46.713339 0.85820312 5.947445 0.889377 0.088880
48.107767 0.87071852 5.964569 0.898698 0.083784
49.502195 0.85907905 5.950125 0.893548 0.086470
50.896623 0.86613102 5.944652 0.889058 0.087397
52.291051 0.87157960 5.974552 0.906644 0.079175
53.685479 0.87273761 5.995271 0.916970 0.073335
55.079907 0.87557325 5.999627 0.919428 0.071962
56.474335 0.87426678 5.999796 0.920296 0.071284
57.868763 0.87572171 5.999729 0.920706 0.071119
59.263191 0.87402924 5.999677 0.920336 0.071051
60.657619 0.87765173 5.999865 0.920555 0.071006
62.052047 0.87336116 5.999728 0.920571 0.070835
63.446475 0.87549902 5.999661 0.920453 0.071231
64.840903 0.87591471 5.999627 0.920108 0.071277
66.235331 0.87407378 5.999609 0.920135 0.071139
67.629759 0.87592956 5.999746 0.920593 0.071207
69.024187 0.87462309 5.999694 0.920460 0.070827
70.418615 0.87524663 5.999576 0.920660 0.070932
71.813043 0.87526148 5.999746 0.920036 0.071148
73.207471 0.87500909 5.999729 0.919727 0.071488
74.601899 0.87517240 5.999712 0.920080 0.071432
75.996327 0.87520209 5.999491 0.919456 0.071949
77.390755 0.87385108 5.998165 0.918468 0.072240
78.785184 0.87373231 5.992643 0.915026 0.074399
80.179612 0.86933782 5.975340 0.904212 0.080261
81.574040 0.86485425 5.940176 0.883204 0.091691
82.968468 0.84583618 5.883471 0.853929 0.108216
