# Layer profile at T = 0.440000
# input   = bicrystal_Sigma147_theta16.4264deg.dat
# seed    = 8000830
# n_samples = 1000
# Lx = 116.434408  Ly = 67.223437
# columns : x rho coord psi6 psi4
0.970287 0.50253726 6.585490 0.427503 0.172102
2.910860 0.48671535 6.513647 0.432092 0.175017
4.851434 0.47645871 6.483646 0.433163 0.176702
6.792007 0.48481427 6.469697 0.430385 0.177417
8.732581 0.49658105 6.528234 0.430336 0.175491
10.673154 0.50463765 6.607860 0.425219 0.172614
12.613728 0.51020291 6.646964 0.422643 0.170774
14.554301 0.51113046 6.672921 0.423018 0.168902
16.494875 0.51323085 6.675409 0.424002 0.167716
18.435448 0.51149841 6.660582 0.427131 0.168278
20.376021 0.50730530 6.592650 0.429977 0.169179
22.316595 0.50591781 6.522016 0.437650 0.170664
24.257168 0.49205065 6.465921 0.442544 0.172272
26.197742 0.47612142 6.388659 0.446750 0.174259
28.138315 0.45727158 6.250771 0.452613 0.178145
30.078889 0.43678895 6.116304 0.464183 0.184907
32.019462 0.40826505 6.002535 0.471834 0.190725
33.960036 0.39191421 5.953116 0.473053 0.193623
35.900609 0.39325570 5.961268 0.470026 0.194405
37.841183 0.40141962 6.023374 0.461815 0.194477
39.781756 0.41959489 6.177430 0.453507 0.189357
41.722330 0.44148799 6.351518 0.443225 0.183019
43.662903 0.46268353 6.446453 0.434768 0.180711
45.603477 0.47875840 6.479833 0.435371 0.178156
47.544050 0.47789218 6.455937 0.436033 0.177605
49.484624 0.45838310 6.327057 0.442359 0.182499
51.425197 0.42103603 6.170287 0.452894 0.189678
53.365770 0.38477749 6.036796 0.461675 0.195228
55.306344 0.35984878 5.922949 0.464999 0.202573
57.246917 0.33546434 5.786116 0.469659 0.210899
59.187491 0.31781034 5.735088 0.471796 0.213466
61.128064 0.31094191 5.655154 0.478163 0.218711
63.068638 0.31495105 5.586063 0.485430 0.219010
65.009211 0.33808599 5.609264 0.484937 0.213357
66.949785 0.37374661 5.772049 0.477121 0.206031
68.890358 0.41814608 5.990944 0.462831 0.195099
70.830932 0.45641302 6.247565 0.444936 0.184953
72.771505 0.48943666 6.453859 0.434036 0.176105
74.712079 0.49785355 6.559881 0.429243 0.173174
76.652652 0.49280955 6.544005 0.429357 0.172687
78.593226 0.48368742 6.535627 0.433167 0.172851
80.533799 0.47513255 6.531961 0.436033 0.173539
82.474373 0.46685364 6.532232 0.433125 0.173849
84.414946 0.46405568 6.449543 0.438550 0.176799
86.355520 0.45578444 6.318141 0.443711 0.183811
88.296093 0.45217392 6.211182 0.450648 0.185632
90.236666 0.44896967 6.160102 0.452800 0.187580
92.177240 0.44253052 6.207989 0.449336 0.187557
94.117813 0.42924595 6.234106 0.450754 0.187469
96.058387 0.41012780 6.183769 0.453962 0.188825
97.998960 0.39944955 6.092460 0.460803 0.192142
99.939534 0.39067238 6.067047 0.460943 0.192729
101.880107 0.40371165 6.102497 0.457281 0.192832
103.820681 0.43471156 6.186972 0.451564 0.187033
105.761254 0.47386005 6.336030 0.441138 0.180938
107.701828 0.51008026 6.529208 0.428538 0.173215
109.642401 0.52461434 6.659453 0.424475 0.167990
111.582975 0.52742764 6.697401 0.422016 0.166513
113.523548 0.52607082 6.683302 0.425604 0.166066
115.464122 0.51503994 6.646231 0.426336 0.168670
