# Layer profile at T = 0.300000
# input   = perfect_Sigma147_theta16.4264deg.dat
# seed    = 1000032
# n_samples = 1000
# Lx = 83.781954  Ly = 48.371534
# columns : x rho coord psi6 psi4
0.698183 0.87065745 5.999422 0.911587 0.074869
2.094549 0.86970992 5.999540 0.912101 0.074590
3.490915 0.87045018 5.999303 0.910907 0.074912
4.887281 0.87010966 5.999336 0.910808 0.074664
6.283647 0.87126446 5.999354 0.910066 0.075068
7.680012 0.86962109 5.999506 0.910497 0.074968
9.076378 0.87084992 5.999371 0.912088 0.074550
10.472744 0.87065745 5.999201 0.911381 0.074722
11.869110 0.87036135 5.999269 0.910506 0.074848
13.265476 0.87012447 5.999404 0.911478 0.074771
14.661842 0.87119043 5.999422 0.911218 0.075060
16.058208 0.87096836 5.999354 0.912235 0.074781
17.454574 0.86994681 5.999523 0.911518 0.074617
18.850940 0.87028732 5.999575 0.911372 0.074818
20.247305 0.87077589 5.999507 0.911518 0.074798
21.643671 0.87056862 5.999388 0.911443 0.074635
23.040037 0.87166420 5.999524 0.911264 0.074648
24.436403 0.86935460 5.999268 0.911222 0.074939
25.832769 0.87073148 5.999184 0.911299 0.074942
27.229135 0.87163459 5.999287 0.911653 0.074598
28.625501 0.87052420 5.999337 0.911303 0.074729
30.021867 0.86948785 5.999285 0.911785 0.074824
31.418233 0.87193069 5.999389 0.911544 0.075041
32.814599 0.87092394 5.999388 0.911471 0.074626
34.210964 0.87039096 5.999286 0.911889 0.074681
35.607330 0.87003564 5.999098 0.911298 0.075093
37.003696 0.87098316 5.999473 0.911498 0.074872
38.400062 0.87087953 5.999507 0.912047 0.074612
39.796428 0.86981356 5.999438 0.911870 0.074451
41.192794 0.87046498 5.999575 0.912501 0.074465
42.589160 0.87043537 5.999422 0.912644 0.074456
43.985526 0.87058342 5.999439 0.911515 0.074754
45.381892 0.87101277 5.999235 0.911414 0.074730
46.778257 0.87138290 5.999167 0.911383 0.074644
48.174623 0.87068706 5.999286 0.911439 0.074693
49.570989 0.86876240 5.999267 0.911205 0.074954
50.967355 0.87228601 5.999491 0.911124 0.075119
52.363721 0.86910292 5.999438 0.911233 0.074736
53.760087 0.86978395 5.999370 0.910853 0.075020
55.156453 0.87116082 5.999388 0.911411 0.074737
56.552819 0.87107199 5.999167 0.911977 0.074713
57.949185 0.87099797 5.999354 0.911067 0.074765
59.345551 0.86960629 5.999438 0.910650 0.075066
60.741916 0.87068706 5.999218 0.911406 0.074997
62.138282 0.87030213 5.999388 0.911650 0.074870
63.534648 0.87030213 5.999388 0.911120 0.074913
64.931014 0.87010966 5.999592 0.911288 0.074688
66.327380 0.87056862 5.999422 0.911600 0.074764
67.723746 0.87056862 5.999218 0.911733 0.074778
69.120112 0.87113121 5.999303 0.910972 0.074668
70.516478 0.87053901 5.999388 0.911426 0.074958
71.912844 0.87077589 5.999439 0.911255 0.074669
73.309209 0.87116082 5.999269 0.911920 0.074477
74.705575 0.86926577 5.999165 0.910947 0.075068
76.101941 0.87138290 5.999218 0.911055 0.074647
77.498307 0.87031693 5.999252 0.911486 0.074899
78.894673 0.87150134 5.999473 0.911837 0.074743
80.291039 0.86933980 5.999319 0.911381 0.074874
81.687405 0.86976915 5.999353 0.910851 0.075105
83.083771 0.87138290 5.999456 0.910749 0.074941
