# Layer profile at T = 0.400000
# input   = bicrystal_Sigma147_theta16.4264deg.dat
# seed    = 6000824
# n_samples = 1000
# Lx = 90.750608  Ly = 52.394888
# columns : x rho coord psi6 psi4
0.756255 0.74047483 5.698114 0.637495 0.177519
2.268765 0.74196383 5.701526 0.638364 0.175963
3.781275 0.74244334 5.699373 0.639785 0.176708
5.293785 0.74038650 5.698572 0.641726 0.175713
6.806296 0.74275880 5.701148 0.641761 0.175933
8.318806 0.74041173 5.705553 0.643357 0.174909
9.831316 0.74070196 5.698479 0.642258 0.176504
11.343826 0.74176193 5.693279 0.643557 0.176557
12.856336 0.73679018 5.690969 0.644523 0.176081
14.368846 0.74140861 5.692843 0.643405 0.176460
15.881356 0.73954105 5.698278 0.644221 0.175153
17.393866 0.74355378 5.703063 0.647927 0.174481
18.906377 0.73937701 5.697034 0.644158 0.175853
20.418887 0.73883440 5.692285 0.645457 0.175553
21.931397 0.74149694 5.700163 0.646787 0.174000
23.443907 0.73960414 5.700334 0.646041 0.174215
24.956417 0.73849370 5.694296 0.645523 0.175081
26.468927 0.73877131 5.688382 0.644991 0.175993
27.981437 0.73932653 5.689862 0.644689 0.175868
29.493948 0.73617187 5.681008 0.642565 0.178062
31.006458 0.73285316 5.674725 0.642036 0.178696
32.518968 0.73685328 5.676371 0.641625 0.177667
34.031478 0.73581855 5.679500 0.641217 0.178339
35.543988 0.73681542 5.679129 0.638297 0.178062
37.056498 0.73098560 5.669872 0.637528 0.179740
38.569008 0.73234842 5.662457 0.636045 0.181217
40.081518 0.73420336 5.666025 0.635952 0.180515
41.594029 0.73333267 5.664476 0.634376 0.181471
43.106539 0.73432955 5.661460 0.631461 0.182597
44.619049 0.73836751 5.666969 0.632173 0.180782
46.131559 0.73309292 5.673747 0.634444 0.180121
47.644069 0.73708041 5.673954 0.637217 0.180065
49.156579 0.73612139 5.677815 0.639937 0.178976
50.669089 0.73677756 5.681116 0.638938 0.178361
52.181599 0.73838013 5.691635 0.640789 0.176962
53.694110 0.74003317 5.696825 0.644050 0.174888
55.206620 0.74046221 5.700409 0.643710 0.175686
56.719130 0.74272095 5.711820 0.645772 0.174076
58.231640 0.74375568 5.717039 0.646448 0.172858
59.744150 0.74362949 5.716584 0.645777 0.173407
61.256660 0.74312474 5.712129 0.646171 0.173691
62.769170 0.74288499 5.708792 0.647530 0.173829
64.281681 0.74188812 5.709489 0.646756 0.173433
65.794191 0.74067673 5.705982 0.647033 0.174642
67.306701 0.74161051 5.697249 0.645751 0.175896
68.819211 0.73853156 5.697046 0.642805 0.175723
70.331721 0.74070196 5.701716 0.644698 0.174762
71.844231 0.74391972 5.713166 0.646836 0.173802
73.356741 0.74367996 5.713108 0.646743 0.174006
74.869251 0.74188812 5.708775 0.643197 0.174787
76.381762 0.73962938 5.703552 0.643261 0.176346
77.894272 0.74397019 5.699227 0.640198 0.176838
79.406782 0.73808990 5.693428 0.642067 0.176939
80.919292 0.73853156 5.694449 0.640075 0.177374
82.431802 0.74150956 5.702789 0.641531 0.177047
83.944312 0.74143384 5.702538 0.643001 0.175252
85.456822 0.74202692 5.694017 0.641405 0.176309
86.969332 0.73830442 5.699995 0.639124 0.176929
88.481843 0.74152218 5.696838 0.639102 0.176407
89.994353 0.74100481 5.689611 0.639673 0.178307
