# Layer profile at T = 0.400000
# input   = perfect_Sigma147_theta16.4264deg.dat
# seed    = 6000047
# n_samples = 1000
# Lx = 88.381912  Ly = 51.027321
# columns : x rho coord psi6 psi4
0.736516 0.78043107 5.964440 0.828162 0.106320
2.209548 0.78361075 5.968132 0.828223 0.105848
3.682580 0.78176148 5.969010 0.829839 0.105640
5.155612 0.78442230 5.972439 0.830778 0.104571
6.628643 0.78408970 5.974430 0.832631 0.104561
8.101675 0.78307859 5.974601 0.832096 0.104337
9.574707 0.78423604 5.974570 0.832783 0.104382
11.047739 0.78218721 5.974096 0.831804 0.105091
12.520771 0.78539350 5.974100 0.832523 0.104548
13.993803 0.78600549 5.975491 0.832390 0.104065
15.466835 0.78122932 5.977895 0.832442 0.103921
16.939867 0.78604540 5.977828 0.832578 0.103489
18.412898 0.78402318 5.977686 0.833082 0.103631
19.885930 0.78584584 5.978262 0.832495 0.104185
21.358962 0.78302537 5.977810 0.832623 0.103592
22.831994 0.78325154 5.974929 0.831923 0.104763
24.305026 0.78275929 5.970103 0.828562 0.105892
25.778058 0.78216060 5.965352 0.828178 0.106585
27.251090 0.78069715 5.960106 0.826009 0.107562
28.724121 0.77995213 5.957220 0.823175 0.108720
30.197153 0.78102976 5.956546 0.822873 0.108943
31.670185 0.77902084 5.953616 0.822512 0.109209
33.143217 0.77831572 5.954087 0.822268 0.108775
34.616249 0.78085680 5.956434 0.822457 0.109253
36.089281 0.78084350 5.960812 0.822899 0.108235
37.562313 0.78120271 5.962908 0.823486 0.107341
39.035345 0.78156192 5.964304 0.826081 0.106971
40.508376 0.78178809 5.965420 0.826155 0.107038
41.981408 0.78145549 5.967415 0.827486 0.106316
43.454440 0.78246660 5.968919 0.827789 0.106119
44.927472 0.78311850 5.970542 0.827836 0.106003
46.400504 0.78210739 5.967051 0.828377 0.105719
47.873536 0.78041777 5.960535 0.826771 0.107474
49.346568 0.77959291 5.960272 0.824980 0.107916
50.819600 0.78114949 5.962786 0.825317 0.107044
52.292631 0.78225373 5.962618 0.825714 0.107266
53.765663 0.78173487 5.964754 0.825145 0.106937
55.238695 0.78221382 5.962871 0.825917 0.107647
56.711727 0.78051090 5.963472 0.826808 0.107175
58.184759 0.78204087 5.965347 0.825810 0.106776
59.657791 0.78237347 5.967878 0.825533 0.106765
61.130823 0.78121601 5.969040 0.827127 0.106468
62.603855 0.78327815 5.968272 0.828831 0.106126
64.076886 0.78298546 5.970792 0.828874 0.105811
65.549918 0.78266616 5.970746 0.828158 0.105730
67.022950 0.78350432 5.969096 0.828147 0.105963
68.495982 0.78297215 5.967631 0.827498 0.105872
69.969014 0.78172157 5.969774 0.827032 0.106406
71.442046 0.78138897 5.967293 0.827827 0.106241
72.915078 0.78142888 5.968248 0.829119 0.105821
74.388109 0.78381031 5.970568 0.829139 0.105457
75.861141 0.78208078 5.972765 0.829643 0.105157
77.334173 0.78317171 5.973330 0.830096 0.104920
78.807205 0.78259964 5.969570 0.830550 0.105482
80.280237 0.78375709 5.969887 0.829493 0.105587
81.753269 0.78184131 5.969847 0.828765 0.105986
83.226301 0.78180139 5.966306 0.828142 0.106076
84.699333 0.78315841 5.966908 0.827624 0.106420
86.172364 0.78172157 5.965332 0.827493 0.106590
87.645396 0.78145549 5.965610 0.827482 0.106161
