# Layer profile at T = 0.360000
# input   = bicrystal_Sigma147_theta16.4264deg.dat
# seed    = 4000818
# n_samples = 1000
# Lx = 85.165757  Ly = 49.170473
# columns : x rho coord psi6 psi4
0.709715 0.84412689 5.967479 0.860806 0.096798
2.129144 0.84723604 5.978540 0.865928 0.093733
3.548573 0.84843959 5.987740 0.868688 0.091880
4.968002 0.84852555 5.992418 0.869981 0.091374
6.387432 0.84821034 5.994105 0.870455 0.090580
7.806861 0.84885509 5.994227 0.871691 0.090156
9.226290 0.84836795 5.994140 0.871279 0.090314
10.645720 0.84800975 5.993394 0.870418 0.090731
12.065149 0.85086100 5.994510 0.869282 0.090593
13.484578 0.84769454 5.994507 0.870579 0.090518
14.904007 0.84949985 5.995008 0.871586 0.090158
16.323437 0.84945686 5.994501 0.871432 0.090250
17.742866 0.84935657 5.994011 0.870811 0.090705
19.162295 0.84822467 5.989612 0.870368 0.091239
20.581725 0.84839660 5.984834 0.869242 0.091778
22.001154 0.84713575 5.978047 0.867901 0.093325
23.420583 0.84465703 5.976150 0.868044 0.093320
24.840012 0.84818168 5.976840 0.866606 0.093540
26.259442 0.84537342 5.974170 0.865066 0.094864
27.678871 0.84363975 5.966611 0.861304 0.096476
29.098300 0.84412689 5.960587 0.854611 0.099115
30.517730 0.83673371 5.935307 0.840968 0.105525
31.937159 0.83042944 5.893459 0.821845 0.115328
33.356588 0.82402488 5.853457 0.802724 0.124458
34.776017 0.81757734 5.828099 0.790887 0.130493
36.195447 0.81756301 5.827728 0.788886 0.131109
37.614876 0.82184705 5.848640 0.800021 0.126085
39.034305 0.82846652 5.879112 0.814135 0.119370
40.453735 0.83108853 5.901267 0.824641 0.113983
41.873164 0.83282220 5.912879 0.831481 0.110540
43.292593 0.83600299 5.918935 0.834994 0.108938
44.712022 0.83512899 5.930276 0.840668 0.105905
46.131452 0.84075984 5.945501 0.848226 0.102077
47.550881 0.84245053 5.963179 0.856208 0.098193
48.970310 0.84672024 5.978171 0.863108 0.094731
50.389740 0.84656263 5.986325 0.867034 0.092915
51.809169 0.84826765 5.988953 0.867971 0.092086
53.228598 0.84726470 5.988230 0.868267 0.091707
54.648027 0.84692083 5.983759 0.868209 0.092760
56.067457 0.84647667 5.981229 0.868022 0.092766
57.486886 0.84650532 5.982854 0.867425 0.093183
58.906315 0.84783781 5.981580 0.864778 0.093659
60.325745 0.84482896 5.972882 0.860869 0.095658
61.745174 0.84017240 5.956070 0.856038 0.099036
63.164603 0.83809486 5.938951 0.848038 0.102644
64.584032 0.83525794 5.924660 0.839143 0.106944
66.003462 0.83630387 5.916445 0.833999 0.109415
67.422891 0.83128912 5.912442 0.830623 0.111350
68.842320 0.83227774 5.892508 0.821242 0.115569
70.261750 0.82495619 5.871980 0.811370 0.120546
71.681179 0.82475560 5.858746 0.805635 0.122994
73.100608 0.82315088 5.859097 0.806084 0.123078
74.520037 0.82538603 5.877393 0.814296 0.118599
75.939467 0.83289384 5.896544 0.824614 0.114608
77.358896 0.83157567 5.913196 0.833206 0.110197
78.778325 0.83683400 5.919905 0.834220 0.108936
80.197755 0.83302279 5.919642 0.836495 0.108202
81.617184 0.83660476 5.922264 0.840175 0.106792
83.036613 0.83745010 5.940067 0.847689 0.103727
84.456042 0.84213532 5.956513 0.854703 0.099265
