# Density profile (accumulated) at T = 0.440000
# columns : x rho
0.902533 0.54865944
2.707600 0.54078310
4.512667 0.52961092
6.317734 0.51689714
8.122801 0.50851579
9.927867 0.50109130
11.732934 0.49706896
13.538001 0.50070147
15.343068 0.50664638
17.148135 0.51416833
18.953201 0.51010169
20.758268 0.50387327
22.563335 0.49813213
24.368402 0.50296957
26.173469 0.51415947
27.978536 0.52533165
29.783602 0.54619642
31.588669 0.55404619
33.393736 0.55658008
35.198803 0.55886591
37.003870 0.56084164
38.808936 0.56016829
40.614003 0.55211476
42.419070 0.54536361
44.224137 0.53109050
46.029204 0.51570993
47.834270 0.51017257
49.639337 0.50405046
51.444404 0.50017874
53.249471 0.50360747
55.054538 0.50988906
56.859604 0.52417988
58.664671 0.54009204
60.469738 0.54710012
62.274805 0.54423841
64.079872 0.54123495
65.884938 0.53333203
67.690005 0.52989443
69.495072 0.51519606
71.300139 0.50167604
73.105206 0.48429316
74.910273 0.46632553
76.715339 0.46382707
78.520406 0.45831629
80.325473 0.45594187
82.130540 0.46088563
83.935607 0.47066682
85.740673 0.47102121
87.545740 0.48485132
89.350807 0.50284553
91.155874 0.52121185
92.960941 0.53057664
94.766007 0.54479658
96.571074 0.56077962
98.376141 0.57203154
100.181208 0.57149995
101.986275 0.56427037
103.791341 0.55992022
105.596408 0.55562323
107.401475 0.55308047
