# Density profile (accumulated) at T = 0.300000
# columns : x rho
0.698183 0.87065745
2.094549 0.86970992
3.490915 0.87045018
4.887281 0.87010966
6.283647 0.87126446
7.680012 0.86962109
9.076378 0.87084992
10.472744 0.87065745
11.869110 0.87036135
13.265476 0.87012447
14.661842 0.87119043
16.058208 0.87096836
17.454574 0.86994681
18.850940 0.87028732
20.247305 0.87077589
21.643671 0.87056862
23.040037 0.87166420
24.436403 0.86935460
25.832769 0.87073148
27.229135 0.87163459
28.625501 0.87052420
30.021867 0.86948785
31.418233 0.87193069
32.814599 0.87092394
34.210964 0.87039096
35.607330 0.87003564
37.003696 0.87098316
38.400062 0.87087953
39.796428 0.86981356
41.192794 0.87046498
42.589160 0.87043537
43.985526 0.87058342
45.381892 0.87101277
46.778257 0.87138290
48.174623 0.87068706
49.570989 0.86876240
50.967355 0.87228601
52.363721 0.86910292
53.760087 0.86978395
55.156453 0.87116082
56.552819 0.87107199
57.949185 0.87099797
59.345551 0.86960629
60.741916 0.87068706
62.138282 0.87030213
63.534648 0.87030213
64.931014 0.87010966
66.327380 0.87056862
67.723746 0.87056862
69.120112 0.87113121
70.516478 0.87053901
71.912844 0.87077589
73.309209 0.87116082
74.705575 0.86926577
76.101941 0.87138290
77.498307 0.87031693
78.894673 0.87150134
80.291039 0.86933980
81.687405 0.86976915
83.083771 0.87138290
