# Density profile (accumulated) at T = 0.380000
# columns : x rho
0.718459 0.79979661
2.155377 0.80095705
3.592294 0.80790572
5.029212 0.81184843
6.466130 0.81794425
7.903048 0.82638892
9.339965 0.82613726
10.776883 0.82868184
12.213801 0.83235891
13.650718 0.83498738
15.087636 0.83431628
16.524554 0.83304399
17.961472 0.83508525
19.398389 0.83501534
20.835307 0.83251270
22.272225 0.83163188
23.709143 0.82788491
25.146060 0.82545218
26.582978 0.82275380
28.019896 0.81910469
29.456814 0.81384775
30.893731 0.81045031
32.330649 0.80464810
33.767567 0.80701093
35.204484 0.80406088
36.641402 0.80218740
38.078320 0.80400496
39.515238 0.80262082
40.952155 0.80601826
42.389073 0.80540308
43.825991 0.80982115
45.262909 0.81388969
46.699826 0.82019523
48.136744 0.81851748
49.573662 0.82329907
51.010580 0.82539625
52.447497 0.82513061
53.884415 0.82306138
55.321333 0.82673845
56.758250 0.82620716
58.195168 0.82759130
59.632086 0.82905933
61.069004 0.82918517
62.505921 0.82911526
63.942839 0.82847212
65.379757 0.82805269
66.816675 0.82798278
68.253592 0.82661262
69.690510 0.82643086
71.127428 0.82496283
72.564346 0.82371850
74.001263 0.81756676
75.438181 0.81780444
76.875099 0.81664400
78.312016 0.81328850
79.748934 0.81398756
81.185852 0.81119131
82.622770 0.80724861
84.059687 0.80312414
85.496605 0.79967078
