# Density profile (accumulated) at T = 0.320000
# columns : x rho
0.700134 0.86603323
2.100401 0.86594489
3.500669 0.86520876
4.900936 0.86604795
6.301204 0.86516459
7.701471 0.86489958
9.101738 0.86603323
10.502006 0.86537071
11.902273 0.86610684
13.302541 0.86581239
14.702808 0.86557683
16.103076 0.86501736
17.503343 0.86482597
18.903611 0.86728466
20.303878 0.86615101
21.704146 0.86434012
23.104413 0.86619518
24.504680 0.86504681
25.904948 0.86718160
27.305215 0.86512042
28.705483 0.86563572
30.105750 0.86548849
31.506018 0.86616573
32.906285 0.86526765
34.306553 0.86669575
35.706820 0.86657797
37.107088 0.86479652
38.507355 0.86616573
39.907622 0.86537071
41.307890 0.86615101
42.708157 0.86593017
44.108425 0.86584184
45.508692 0.86560627
46.908960 0.86615101
48.309227 0.86709326
49.709495 0.86526765
51.109762 0.86526765
52.510030 0.86646019
53.910297 0.86618046
55.310564 0.86372177
56.710832 0.86597434
58.111099 0.86553266
59.511367 0.86775579
60.911634 0.86550321
62.311902 0.86482597
63.712169 0.86585656
65.112437 0.86464930
66.512704 0.86638658
67.912972 0.86472291
69.313239 0.86638658
70.713506 0.86404567
72.113774 0.86570933
73.514041 0.86771162
74.914309 0.86478180
76.314576 0.86545905
77.714844 0.86542960
79.115111 0.86594489
80.515379 0.86500264
81.915646 0.86591545
83.315914 0.86488486
