# Density profile (accumulated) at T = 0.400000
# columns : x rho
0.736516 0.78043107
2.209548 0.78361075
3.682580 0.78176148
5.155612 0.78442230
6.628643 0.78408970
8.101675 0.78307859
9.574707 0.78423604
11.047739 0.78218721
12.520771 0.78539350
13.993803 0.78600549
15.466835 0.78122932
16.939867 0.78604540
18.412898 0.78402318
19.885930 0.78584584
21.358962 0.78302537
22.831994 0.78325154
24.305026 0.78275929
25.778058 0.78216060
27.251090 0.78069715
28.724121 0.77995213
30.197153 0.78102976
31.670185 0.77902084
33.143217 0.77831572
34.616249 0.78085680
36.089281 0.78084350
37.562313 0.78120271
39.035345 0.78156192
40.508376 0.78178809
41.981408 0.78145549
43.454440 0.78246660
44.927472 0.78311850
46.400504 0.78210739
47.873536 0.78041777
49.346568 0.77959291
50.819600 0.78114949
52.292631 0.78225373
53.765663 0.78173487
55.238695 0.78221382
56.711727 0.78051090
58.184759 0.78204087
59.657791 0.78237347
61.130823 0.78121601
62.603855 0.78327815
64.076886 0.78298546
65.549918 0.78266616
67.022950 0.78350432
68.495982 0.78297215
69.969014 0.78172157
71.442046 0.78138897
72.915078 0.78142888
74.388109 0.78381031
75.861141 0.78208078
77.334173 0.78317171
78.807205 0.78259964
80.280237 0.78375709
81.753269 0.78184131
83.226301 0.78180139
84.699333 0.78315841
86.172364 0.78172157
87.645396 0.78145549
