# Density profile (accumulated) at T = 0.440000
# columns : x rho
0.970287 0.50253726
2.910860 0.48671535
4.851434 0.47645871
6.792007 0.48481427
8.732581 0.49658105
10.673154 0.50463765
12.613728 0.51020291
14.554301 0.51113046
16.494875 0.51323085
18.435448 0.51149841
20.376021 0.50730530
22.316595 0.50591781
24.257168 0.49205065
26.197742 0.47612142
28.138315 0.45727158
30.078889 0.43678895
32.019462 0.40826505
33.960036 0.39191421
35.900609 0.39325570
37.841183 0.40141962
39.781756 0.41959489
41.722330 0.44148799
43.662903 0.46268353
45.603477 0.47875840
47.544050 0.47789218
49.484624 0.45838310
51.425197 0.42103603
53.365770 0.38477749
55.306344 0.35984878
57.246917 0.33546434
59.187491 0.31781034
61.128064 0.31094191
63.068638 0.31495105
65.009211 0.33808599
66.949785 0.37374661
68.890358 0.41814608
70.830932 0.45641302
72.771505 0.48943666
74.712079 0.49785355
76.652652 0.49280955
78.593226 0.48368742
80.533799 0.47513255
82.474373 0.46685364
84.414946 0.46405568
86.355520 0.45578444
88.296093 0.45217392
90.236666 0.44896967
92.177240 0.44253052
94.117813 0.42924595
96.058387 0.41012780
97.998960 0.39944955
99.939534 0.39067238
101.880107 0.40371165
103.820681 0.43471156
105.761254 0.47386005
107.701828 0.51008026
109.642401 0.52461434
111.582975 0.52742764
113.523548 0.52607082
115.464122 0.51503994
