# Density profile (accumulated) at T = 0.280000
# columns : x rho
0.696134 0.87748711
2.088403 0.87559578
3.480672 0.87571492
4.872940 0.87534261
6.265209 0.87572981
7.657478 0.87580427
9.049746 0.87568514
10.442015 0.87584895
11.834284 0.87665314
13.226553 0.87511923
14.618821 0.87538729
16.011090 0.87553621
17.403359 0.87607234
18.795627 0.87447886
20.187896 0.87559578
21.580165 0.87614680
22.972433 0.87580427
24.364702 0.87526815
25.756971 0.87556600
27.149239 0.87663825
28.541508 0.87584895
29.933777 0.87421079
31.326045 0.87622126
32.718314 0.87666803
34.110583 0.87477670
35.502852 0.87631061
36.895120 0.87604255
38.287389 0.87354064
39.679658 0.87552132
41.071926 0.87654889
42.464195 0.87626594
43.856464 0.87428525
45.248732 0.87571492
46.641001 0.87641486
48.033270 0.87684674
49.425538 0.87504476
50.817807 0.87468735
52.210076 0.87656378
53.602344 0.87471713
54.994613 0.87617658
56.386882 0.87519369
57.779150 0.87510433
59.171419 0.87683185
60.563688 0.87500009
61.955957 0.87726373
63.348225 0.87452353
64.740494 0.87578938
66.132763 0.87580427
67.525031 0.87611701
68.917300 0.87645954
70.309569 0.87418101
71.701837 0.87708502
73.094106 0.87379381
74.486375 0.87623615
75.878643 0.87608723
77.270912 0.87500009
78.663181 0.87708502
80.055449 0.87453842
81.447718 0.87547664
82.839987 0.87476181
