# Density profile (accumulated) at T = 0.280000
# columns : x rho
0.697214 0.84288178
2.091642 0.82355194
3.486070 0.86218192
4.880498 0.86535902
6.274926 0.87425193
7.669354 0.87340569
9.063782 0.87548417
10.458210 0.87589987
11.852638 0.87432616
13.247066 0.87538025
14.641494 0.87469732
16.035922 0.87493486
17.430350 0.87585533
18.824778 0.87432616
20.219206 0.87696880
21.613634 0.87496455
23.008062 0.87543963
24.402490 0.87621164
25.796918 0.87437070
27.191347 0.87535055
28.585775 0.87536540
29.980203 0.87447463
31.374631 0.87478640
32.769059 0.87463793
34.163487 0.87576625
35.557915 0.87443009
36.952343 0.87545448
38.346771 0.87336116
39.741199 0.87355416
41.135627 0.85498148
42.530055 0.86351808
43.924483 0.82150316
45.318911 0.86319146
46.713339 0.85820312
48.107767 0.87071852
49.502195 0.85907905
50.896623 0.86613102
52.291051 0.87157960
53.685479 0.87273761
55.079907 0.87557325
56.474335 0.87426678
57.868763 0.87572171
59.263191 0.87402924
60.657619 0.87765173
62.052047 0.87336116
63.446475 0.87549902
64.840903 0.87591471
66.235331 0.87407378
67.629759 0.87592956
69.024187 0.87462309
70.418615 0.87524663
71.813043 0.87526148
73.207471 0.87500909
74.601899 0.87517240
75.996327 0.87520209
77.390755 0.87385108
78.785184 0.87373231
80.179612 0.86933782
81.574040 0.86485425
82.968468 0.84583618
