# Density profile (accumulated) at T = 0.400000
# columns : x rho
0.756255 0.74047483
2.268765 0.74196383
3.781275 0.74244334
5.293785 0.74038650
6.806296 0.74275880
8.318806 0.74041173
9.831316 0.74070196
11.343826 0.74176193
12.856336 0.73679018
14.368846 0.74140861
15.881356 0.73954105
17.393866 0.74355378
18.906377 0.73937701
20.418887 0.73883440
21.931397 0.74149694
23.443907 0.73960414
24.956417 0.73849370
26.468927 0.73877131
27.981437 0.73932653
29.493948 0.73617187
31.006458 0.73285316
32.518968 0.73685328
34.031478 0.73581855
35.543988 0.73681542
37.056498 0.73098560
38.569008 0.73234842
40.081518 0.73420336
41.594029 0.73333267
43.106539 0.73432955
44.619049 0.73836751
46.131559 0.73309292
47.644069 0.73708041
49.156579 0.73612139
50.669089 0.73677756
52.181599 0.73838013
53.694110 0.74003317
55.206620 0.74046221
56.719130 0.74272095
58.231640 0.74375568
59.744150 0.74362949
61.256660 0.74312474
62.769170 0.74288499
64.281681 0.74188812
65.794191 0.74067673
67.306701 0.74161051
68.819211 0.73853156
70.331721 0.74070196
71.844231 0.74391972
73.356741 0.74367996
74.869251 0.74188812
76.381762 0.73962938
77.894272 0.74397019
79.406782 0.73808990
80.919292 0.73853156
82.431802 0.74150956
83.944312 0.74143384
85.456822 0.74202692
86.969332 0.73830442
88.481843 0.74152218
89.994353 0.74100481
