# Density profile (accumulated) at T = 0.420000
# columns : x rho
0.776933 0.70090185
2.330800 0.70280284
3.884667 0.70484730
5.438534 0.70063882
6.992401 0.70087794
8.546268 0.69861828
10.100135 0.70191810
11.654002 0.69955084
13.207868 0.70138009
14.761735 0.69480435
16.315602 0.69348920
17.869469 0.69348920
19.423336 0.69555757
20.977203 0.69594016
22.531070 0.69578473
24.084937 0.69895304
25.638803 0.69874979
27.192670 0.69681294
28.746537 0.69674121
30.300404 0.69890522
31.854271 0.69644231
33.408138 0.69906065
34.962005 0.69552170
36.515872 0.69316640
38.069738 0.68788189
39.623605 0.68570592
41.177472 0.68358973
42.731339 0.68922095
44.285206 0.69295119
45.839073 0.69458915
47.392940 0.69298706
48.946807 0.69910847
50.500673 0.70181050
52.054540 0.70221700
53.608407 0.70470383
55.162274 0.70323325
56.716141 0.70601897
58.270008 0.70701131
59.823875 0.71113609
61.377741 0.71327620
62.931608 0.71255884
64.485475 0.71069372
66.039342 0.70653308
67.593209 0.70905577
69.147076 0.70664068
70.700943 0.70733412
72.254810 0.70682002
73.808676 0.70664068
75.362543 0.70642547
76.916410 0.69978996
78.470277 0.69525868
80.024144 0.69944324
81.578011 0.70335281
83.131878 0.70372344
84.685745 0.70289849
86.239611 0.71016767
87.793478 0.70502663
89.347345 0.71038287
90.901212 0.70420168
92.455079 0.69955084
