# Density profile (accumulated) at T = 0.340000
# columns : x rho
0.703466 0.85936425
2.110399 0.85770173
3.517331 0.85730797
4.924263 0.85672463
6.331196 0.85716214
7.738128 0.85851841
9.145060 0.85706005
10.551993 0.85816840
11.958925 0.85805173
13.365857 0.85951009
14.772790 0.85577670
16.179722 0.85770173
17.586654 0.85882466
18.993587 0.85723506
20.400519 0.85759964
21.807451 0.85676838
23.214384 0.85761423
24.621316 0.85821215
26.028248 0.85698714
27.435181 0.85739547
28.842113 0.85926217
30.249045 0.85596629
31.655978 0.85757048
33.062910 0.85726422
34.469842 0.85862049
35.876775 0.85634546
37.283707 0.85854757
38.690639 0.85777465
40.097572 0.85660796
41.504504 0.85816840
42.911436 0.85609754
44.318369 0.85789131
45.725301 0.85732256
47.132233 0.85891216
48.539166 0.85703089
49.946098 0.85714755
51.353030 0.85828507
52.759963 0.85762881
54.166895 0.85840174
55.573827 0.85525169
56.980760 0.85863508
58.387692 0.85739547
59.794624 0.85758506
61.201557 0.85794965
62.608489 0.85719130
64.015421 0.85738089
65.422354 0.85719130
66.829286 0.85681213
68.236218 0.85758506
69.643151 0.85652046
71.050083 0.85716214
72.457015 0.85652046
73.863948 0.85794965
75.270880 0.85783298
76.677812 0.85627254
78.084745 0.85619962
79.491677 0.85921842
80.898610 0.85628713
82.305542 0.85742464
83.712474 0.85783298
