# Density profile (accumulated) at T = 0.360000
# columns : x rho
0.709715 0.84412689
2.129144 0.84723604
3.548573 0.84843959
4.968002 0.84852555
6.387432 0.84821034
7.806861 0.84885509
9.226290 0.84836795
10.645720 0.84800975
12.065149 0.85086100
13.484578 0.84769454
14.904007 0.84949985
16.323437 0.84945686
17.742866 0.84935657
19.162295 0.84822467
20.581725 0.84839660
22.001154 0.84713575
23.420583 0.84465703
24.840012 0.84818168
26.259442 0.84537342
27.678871 0.84363975
29.098300 0.84412689
30.517730 0.83673371
31.937159 0.83042944
33.356588 0.82402488
34.776017 0.81757734
36.195447 0.81756301
37.614876 0.82184705
39.034305 0.82846652
40.453735 0.83108853
41.873164 0.83282220
43.292593 0.83600299
44.712022 0.83512899
46.131452 0.84075984
47.550881 0.84245053
48.970310 0.84672024
50.389740 0.84656263
51.809169 0.84826765
53.228598 0.84726470
54.648027 0.84692083
56.067457 0.84647667
57.486886 0.84650532
58.906315 0.84783781
60.325745 0.84482896
61.745174 0.84017240
63.164603 0.83809486
64.584032 0.83525794
66.003462 0.83630387
67.422891 0.83128912
68.842320 0.83227774
70.261750 0.82495619
71.681179 0.82475560
73.100608 0.82315088
74.520037 0.82538603
75.939467 0.83289384
77.358896 0.83157567
78.778325 0.83683400
80.197755 0.83302279
81.617184 0.83660476
83.036613 0.83745010
84.456042 0.84213532
