# Density profile (accumulated) at T = 0.360000
# columns : x rho
0.705499 0.85382512
2.116496 0.85202716
3.527494 0.85354963
4.938491 0.85218666
6.349489 0.85350613
7.760486 0.85121519
9.171484 0.85170817
10.582481 0.85424561
11.993479 0.85218666
13.404476 0.85076570
14.815474 0.85344813
16.226472 0.85347713
17.637469 0.85231716
19.048467 0.85162118
20.459464 0.85457910
21.870462 0.85147618
23.281459 0.85170817
24.692457 0.85188217
26.103454 0.85189667
27.514452 0.85452110
28.925449 0.85282464
30.336447 0.85250565
31.747444 0.85162118
33.158442 0.85417311
34.569439 0.85089619
35.980437 0.85289714
37.391434 0.85227366
38.802432 0.85253465
40.213429 0.85236066
41.624427 0.85202716
43.035425 0.85227366
44.446422 0.85357863
45.857420 0.85288264
47.268417 0.85156318
48.679415 0.85265065
50.090412 0.85398461
51.501410 0.85180967
52.912407 0.85259265
54.323405 0.85275215
55.734402 0.85320163
57.145400 0.85024371
58.556397 0.85424561
59.967395 0.85141818
61.378392 0.85250565
62.789390 0.85299864
64.200387 0.85262165
65.611385 0.85230266
67.022382 0.85157768
68.433380 0.85378162
69.844378 0.85215766
71.255375 0.85360762
72.666373 0.85093969
74.077370 0.85301314
75.488368 0.85379612
76.899365 0.85224466
78.310363 0.85370912
79.721360 0.85276665
81.132358 0.85183867
82.543355 0.85253465
83.954353 0.85283914
