# Density profile (accumulated) at T = 0.380000
# columns : x rho
0.709215 0.84300554
2.127646 0.84487079
3.546077 0.84312032
4.964508 0.84235988
6.382939 0.84471296
7.801370 0.84454078
9.219801 0.84220205
10.638232 0.84458383
12.056663 0.84435426
13.475094 0.84478470
14.893525 0.84360816
16.311956 0.84366555
17.730387 0.84411034
19.148818 0.84346468
20.567249 0.84611907
21.985679 0.84144160
23.404110 0.84369425
24.822541 0.84370860
26.240972 0.84474165
27.659403 0.84382338
29.077834 0.84403860
30.496265 0.84235988
31.914696 0.84400990
33.333127 0.84353642
34.751558 0.84435426
36.169989 0.84290510
37.588420 0.84444035
39.006851 0.84323511
40.425282 0.84220205
41.843712 0.84547341
43.262143 0.84316337
44.680574 0.84375164
46.099005 0.84367990
47.517436 0.84416773
48.935867 0.84421078
50.354298 0.84299119
51.772729 0.84379468
53.191160 0.84402425
54.609591 0.84314902
56.028022 0.84314902
57.446453 0.84352207
58.864884 0.84320641
60.283315 0.84375164
61.701746 0.84277597
63.120176 0.84469861
64.538607 0.84119769
65.957038 0.84487079
67.375469 0.84248901
68.793900 0.84471296
70.212331 0.84307728
71.630762 0.84392382
73.049193 0.84578906
74.467624 0.84161378
75.886055 0.84195813
77.304486 0.84524384
78.722917 0.84360816
80.141348 0.84436861
81.559779 0.84238857
82.978210 0.84347903
84.396640 0.84370860
