# Density profile (accumulated) at T = 0.340000
# columns : x rho
0.705366 0.84640143
2.116097 0.85446626
3.526829 0.85552514
4.937560 0.85613435
6.348292 0.85838264
7.759023 0.85754134
9.169755 0.85655500
10.580486 0.85786046
11.991218 0.85784595
13.401949 0.85704817
14.812681 0.85784595
16.223412 0.85675807
17.634144 0.85667104
19.044875 0.85748332
20.455607 0.85609083
21.866338 0.85684510
23.277070 0.85761387
24.687801 0.85839714
26.098533 0.85809254
27.509264 0.85683059
28.919996 0.85658401
30.330728 0.85806353
31.741459 0.85797650
33.152191 0.85623588
34.562922 0.85957206
35.973654 0.85523503
37.384385 0.85706268
38.795117 0.85514800
40.205848 0.84815655
41.616580 0.84719921
43.027311 0.83809001
44.438043 0.83720520
45.848774 0.83518899
47.259506 0.83373848
48.670237 0.83175128
50.080969 0.83365145
51.491700 0.83565315
52.902432 0.84315229
54.313163 0.84788095
55.723895 0.85046286
57.134626 0.85336388
58.545358 0.85391507
59.956089 0.85688861
61.366821 0.85245005
62.777552 0.85633742
64.188284 0.85604732
65.599015 0.85703367
67.009747 0.85633742
68.420478 0.85562667
69.831210 0.85288521
71.241941 0.85200040
72.652673 0.84399358
74.063404 0.83674103
75.474136 0.83703114
76.884867 0.83179480
78.295599 0.83222995
79.706330 0.83352090
81.117062 0.83114207
82.527793 0.83737926
83.938525 0.84480587
