# Density profile (accumulated) at T = 0.420000
# columns : x rho
0.771858 0.70948381
2.315574 0.70895081
3.859290 0.71165215
5.403005 0.71258490
6.946721 0.71291197
8.490437 0.71783010
10.034153 0.71832676
11.577869 0.71483804
13.121584 0.70452933
14.665300 0.69478996
16.209016 0.69537142
17.752732 0.69591653
19.296448 0.70193701
20.840163 0.70792115
22.383879 0.71610997
23.927595 0.71986520
25.471311 0.71360244
27.015027 0.71246376
28.558742 0.71589192
30.102458 0.72276036
31.646174 0.72129461
33.189890 0.72110079
34.733606 0.71745458
36.277321 0.71483804
37.821037 0.71285140
39.364753 0.71510454
40.908469 0.71747881
42.452185 0.72004690
43.995900 0.72289361
45.539616 0.72305108
47.083332 0.72571608
48.627048 0.72690322
50.170764 0.72358408
51.714479 0.72143997
53.258195 0.71487438
54.801911 0.70758197
56.345627 0.71005315
57.889343 0.71549217
59.433058 0.71698215
60.976774 0.71481381
62.520490 0.71735767
64.064206 0.71503185
65.607922 0.71394163
67.151637 0.72028917
68.695353 0.72357197
70.239069 0.72467431
71.782785 0.72045876
73.326501 0.72208199
74.870216 0.71963504
76.413932 0.70919308
77.957648 0.69916299
79.501364 0.68954475
81.045080 0.69401469
82.588795 0.68878160
84.132511 0.69775780
85.676227 0.69535930
87.219943 0.70356024
88.763659 0.70058028
90.307374 0.70404478
91.851090 0.70658865
