# Density profile (accumulated) at T = 0.300000
# columns : x rho
0.699922 0.86785442
2.099765 0.86872359
3.499608 0.86873832
4.899452 0.86941597
6.299295 0.86872359
7.699139 0.86954856
9.098982 0.86873832
10.498825 0.86910661
11.898669 0.86975480
13.298512 0.86757452
14.698355 0.87084494
16.098199 0.86985792
17.498042 0.86841422
18.897886 0.86941597
20.297729 0.86863520
21.697572 0.86938651
23.097416 0.86862047
24.497259 0.87096279
25.897102 0.86878252
27.296946 0.86948963
28.696789 0.86957802
30.096632 0.86730935
31.496476 0.86859100
32.896319 0.86697053
34.296163 0.86399474
35.696006 0.85895653
37.095849 0.85007336
38.495693 0.84108707
39.895536 0.84793727
41.295379 0.85310807
42.695223 0.84842342
44.095066 0.85405090
45.494910 0.85322593
46.894753 0.85998774
48.294596 0.86166714
49.694440 0.86817852
51.094283 0.86680848
52.494126 0.87025568
53.893970 0.86741247
55.293813 0.86965168
56.693657 0.86863520
58.093500 0.87087441
59.493343 0.86910661
60.893187 0.86879725
62.293030 0.86747140
63.692873 0.86950436
65.092717 0.86963695
66.492560 0.86817852
67.892404 0.86676428
69.292247 0.86336128
70.692090 0.85661420
72.091934 0.84443115
73.491777 0.83463462
74.891620 0.84085137
76.291464 0.84864439
77.691307 0.85602493
79.091151 0.85823468
80.490994 0.86091583
81.890837 0.85914804
83.290681 0.86468713
