# Density profile (accumulated) at T = 0.320000
# columns : x rho
0.702573 0.84919594
2.107719 0.84156397
3.512866 0.83109559
4.918012 0.83248455
6.323158 0.83641750
7.728304 0.84188562
9.133450 0.84678353
10.538597 0.85469330
11.943743 0.86057080
13.348889 0.86080473
14.754035 0.86217907
16.159181 0.86386044
17.564328 0.86406513
18.969474 0.86238376
20.374620 0.86144804
21.779766 0.86377272
23.184912 0.86288086
24.590059 0.86324637
25.995205 0.86350955
27.400351 0.86194514
28.805497 0.86387506
30.210643 0.86280775
31.615790 0.86350955
33.020936 0.86418209
34.426082 0.86223755
35.831228 0.86369961
37.236374 0.86187203
38.641521 0.86223755
40.046667 0.85950349
41.451813 0.85697412
42.856959 0.85103814
44.262105 0.83662219
45.667252 0.83249917
47.072398 0.82682636
48.477544 0.83782108
49.882690 0.84396175
51.287837 0.84986849
52.692983 0.85630157
54.098129 0.85981052
55.503275 0.86209134
56.908421 0.86330486
58.313568 0.86209134
59.718714 0.86206210
61.123860 0.86282238
62.529006 0.86272003
63.934152 0.86304169
65.339299 0.86298320
66.744445 0.86304169
68.149591 0.86251534
69.554737 0.86320251
70.959883 0.86276389
72.365030 0.86143341
73.770176 0.86482540
75.175322 0.86084859
76.580468 0.86334872
77.985614 0.86307093
79.390761 0.86250072
80.795907 0.86295396
82.201053 0.86043921
83.606199 0.85366986
