# Layer profile at T = 0.440000
# input   = perfect_Sigma21_theta21.7868deg.dat
# seed    = 8000029
# n_samples = 1000
# Lx = 91.295592  Ly = 22.589800
# columns : x rho coord psi6 psi4
0.760797 0.58055154 5.815084 0.525061 0.185833
2.282390 0.56734330 5.719194 0.529949 0.191852
3.803983 0.54092682 5.669284 0.532159 0.196503
5.325576 0.52510021 5.583301 0.540907 0.203278
6.847169 0.50240764 5.511031 0.539293 0.210233
8.368763 0.48934487 5.528656 0.535393 0.207819
9.890356 0.48937396 5.514119 0.536635 0.207833
11.411949 0.49193415 5.551245 0.532036 0.205077
12.933542 0.51581953 5.596390 0.534381 0.201668
14.455135 0.54438889 5.647178 0.525027 0.198848
15.976729 0.57089265 5.740611 0.523502 0.192132
17.498322 0.58849394 5.818321 0.524766 0.186516
19.019915 0.59998568 5.831790 0.520656 0.187912
20.541508 0.59099594 5.854288 0.522231 0.186437
22.063101 0.58631196 5.834069 0.523853 0.186450
23.584695 0.57298735 5.792485 0.527529 0.188415
25.106288 0.54936380 5.716147 0.530732 0.193833
26.627881 0.52379102 5.654577 0.532449 0.197444
28.149474 0.51218290 5.591196 0.535460 0.201201
29.671067 0.50304769 5.555086 0.534915 0.205937
31.192661 0.50255311 5.507526 0.542166 0.207404
32.714254 0.49429068 5.506945 0.544078 0.206902
34.235847 0.49551259 5.491369 0.546737 0.207793
35.757440 0.49245782 5.523188 0.538379 0.207050
37.279033 0.49816006 5.529638 0.536567 0.206711
38.800627 0.50860446 5.576307 0.529470 0.203993
40.322220 0.52841682 5.600066 0.530613 0.200659
41.843813 0.54971292 5.644509 0.527448 0.198928
43.365406 0.56716874 5.712952 0.526302 0.195447
44.886999 0.58026061 5.792780 0.519984 0.190468
46.408592 0.58456638 5.806798 0.522364 0.189354
47.930186 0.59399252 5.834207 0.518294 0.187514
49.451779 0.59867650 5.874575 0.519110 0.186154
50.973372 0.59629087 5.908275 0.517934 0.182899
52.494965 0.60653162 5.928482 0.517373 0.180541
54.016558 0.61840158 5.961423 0.515253 0.179279
55.538152 0.62331830 5.958226 0.515751 0.177834
57.059745 0.61866341 5.958100 0.521577 0.177593
58.581338 0.61636506 5.968139 0.523796 0.176526
60.102931 0.62424928 5.969986 0.524902 0.177528
61.624524 0.62672219 5.994337 0.520417 0.175405
63.146118 0.62096176 5.963784 0.521554 0.176558
64.667711 0.61200111 5.940340 0.522629 0.177620
66.189304 0.61048827 5.923370 0.526045 0.178265
67.710897 0.60990641 5.926159 0.522834 0.179372
69.232490 0.61194292 5.905724 0.524269 0.180111
70.754084 0.60109122 5.909298 0.520585 0.181550
72.275677 0.60557155 5.925486 0.517317 0.181951
73.797270 0.59975294 5.893185 0.520684 0.183011
75.318863 0.59704729 5.846799 0.525189 0.184718
76.840456 0.58468275 5.833308 0.527010 0.185625
78.362050 0.57548935 5.832061 0.523587 0.187521
79.883643 0.57676944 5.816797 0.522811 0.187921
81.405236 0.59143233 5.841606 0.522837 0.184721
82.926829 0.59949110 5.882656 0.523001 0.182819
84.448422 0.61133197 5.936373 0.526315 0.178768
85.970016 0.61278662 5.955799 0.525469 0.177055
87.491609 0.61805246 5.944267 0.524423 0.177879
89.013202 0.60923727 5.902392 0.523298 0.180695
90.534795 0.59521443 5.861479 0.519949 0.184457
