# Layer profile at T = 0.440000
# input   = bicrystal_Sigma21_theta21.7868deg.dat
# seed    = 8000806
# n_samples = 1000
# Lx = 91.732405  Ly = 22.697884
# columns : x rho coord psi6 psi4
0.764437 0.57483402 5.799880 0.525087 0.188618
2.293310 0.58615895 5.804287 0.523934 0.189852
3.822184 0.58601487 5.791159 0.522560 0.190467
5.351057 0.57336437 5.761321 0.524794 0.192522
6.879930 0.55278930 5.707606 0.530079 0.195660
8.408804 0.54088804 5.655887 0.534200 0.198900
9.937677 0.53800637 5.602357 0.532551 0.202955
11.466551 0.52846807 5.553520 0.536972 0.204459
12.995424 0.49668334 5.550070 0.539772 0.206880
14.524297 0.48861468 5.497582 0.544806 0.209316
16.053171 0.49570357 5.498198 0.543509 0.206999
17.582044 0.50864223 5.537647 0.541332 0.204812
19.110918 0.53158027 5.658535 0.539095 0.194999
20.639791 0.56546862 5.707231 0.535900 0.192135
22.168665 0.57915651 5.788238 0.530031 0.186336
23.697538 0.58425706 5.817509 0.530978 0.186198
25.226411 0.57999220 5.825955 0.531406 0.186306
26.755285 0.57296094 5.804909 0.529962 0.187939
28.284158 0.56045452 5.753869 0.533340 0.191743
29.813032 0.55258759 5.715634 0.535762 0.192522
31.341905 0.54316455 5.727731 0.536466 0.193751
32.870778 0.55140610 5.747531 0.533243 0.189916
34.399652 0.55569978 5.722412 0.536130 0.191031
35.928525 0.56440240 5.733687 0.532253 0.191512
37.457399 0.56198181 5.767870 0.527539 0.190709
38.986272 0.56189536 5.800810 0.528807 0.189227
40.515146 0.58206699 5.823853 0.523611 0.187631
42.044019 0.58376717 5.846925 0.525062 0.185400
43.572892 0.58808967 5.847952 0.523622 0.185936
45.101766 0.59376654 5.833147 0.527411 0.187189
46.630639 0.58471812 5.821546 0.525928 0.187728
48.159513 0.57725462 5.793930 0.530990 0.187497
49.688386 0.56166482 5.730183 0.533238 0.190861
51.217259 0.53910141 5.649669 0.535522 0.198565
52.746133 0.51705669 5.552639 0.540415 0.203982
54.275006 0.49930565 5.502626 0.542105 0.208357
55.803880 0.50155334 5.559724 0.542241 0.203982
57.332753 0.53019707 5.621719 0.537734 0.197733
58.861627 0.55051279 5.690379 0.537883 0.194354
60.390500 0.55374025 5.754788 0.530668 0.191085
61.919373 0.57077088 5.822235 0.527340 0.186415
63.448247 0.59768560 5.849573 0.531772 0.182894
64.977120 0.58955931 5.851459 0.531401 0.183119
66.505994 0.57898361 5.813309 0.528154 0.187638
68.034867 0.56471938 5.790172 0.527069 0.187799
69.563740 0.56454649 5.794804 0.532433 0.187892
71.092614 0.56258695 5.783537 0.533688 0.188872
72.621487 0.56587205 5.761725 0.528783 0.191158
74.150361 0.57417124 5.779674 0.527784 0.189797
75.679234 0.57696645 5.836730 0.522873 0.186851
77.208108 0.58437232 5.855072 0.522673 0.186637
78.736981 0.58823375 5.863077 0.522895 0.184429
80.265854 0.58123131 5.836490 0.525626 0.185875
81.794728 0.57811912 5.826289 0.525412 0.187437
83.323601 0.59019328 5.840096 0.523994 0.186139
84.852475 0.59575489 5.866160 0.529379 0.182586
86.381348 0.59921288 5.883861 0.526128 0.181388
87.910221 0.59494802 5.860748 0.525975 0.184473
89.439095 0.58347901 5.806895 0.530144 0.187995
90.967968 0.57607313 5.787905 0.526015 0.189609
