# Layer profile at T = 0.280000
# input   = bicrystal_Sigma21_theta21.7868deg.dat
# seed    = 782
# n_samples = 1000
# Lx = 73.859868  Ly = 18.275578
# columns : x rho coord psi6 psi4
0.615499 0.84815014 5.881924 0.848429 0.104216
1.846497 0.85984048 5.913462 0.871646 0.095916
3.077495 0.86428548 5.958445 0.895052 0.083844
4.308492 0.87073073 5.987340 0.910906 0.075975
5.539490 0.87517573 5.996496 0.915865 0.072476
6.770488 0.87264208 5.999032 0.918882 0.071563
8.001486 0.86873048 5.999847 0.919058 0.071704
9.232484 0.87602028 5.999696 0.919794 0.071480
10.463481 0.87553133 5.999238 0.919196 0.071457
11.694479 0.86970838 5.999642 0.919640 0.071263
12.925477 0.87064183 5.999745 0.920060 0.071038
14.156475 0.87504238 5.999797 0.919908 0.070851
15.387473 0.87477568 5.999746 0.921267 0.070786
16.618470 0.87046403 5.999898 0.920144 0.070928
17.849468 0.87246428 5.999898 0.920242 0.071307
19.080466 0.87562023 6.000000 0.919800 0.071128
20.311464 0.87522018 5.999898 0.921909 0.070866
21.542462 0.86828598 5.999846 0.920832 0.070861
22.773459 0.87419783 5.999695 0.920995 0.070933
24.004457 0.87770938 5.999848 0.920933 0.071210
25.235455 0.87148638 5.999898 0.920229 0.071244
26.466453 0.86819708 5.999795 0.920177 0.070702
27.697451 0.87602028 5.999848 0.920193 0.071270
28.928448 0.87677593 5.999899 0.920084 0.071224
30.159446 0.87015288 5.999847 0.919035 0.072135
31.390444 0.86877493 5.996981 0.917266 0.073142
32.621442 0.86926388 5.982307 0.910033 0.077544
33.852440 0.86441883 5.932483 0.883284 0.091141
35.083437 0.84494974 5.844495 0.836211 0.113399
36.314435 0.82636965 5.753214 0.783559 0.135522
37.545433 0.81867980 5.746444 0.780913 0.138454
38.776431 0.84277169 5.828059 0.827378 0.117762
40.007429 0.86037388 5.930667 0.881834 0.091883
41.238426 0.87153083 5.977508 0.907752 0.078644
42.469424 0.86833043 5.994676 0.915277 0.073775
43.700422 0.87241983 5.998930 0.918648 0.071731
44.931420 0.87508683 5.999797 0.918839 0.071635
46.162418 0.87224203 5.999694 0.918706 0.071659
47.393415 0.87188643 5.999796 0.919975 0.071032
48.624413 0.87033068 5.999796 0.919919 0.071485
49.855411 0.87824278 5.999899 0.919684 0.070985
51.086409 0.87028623 5.999745 0.920098 0.070889
52.317407 0.87286433 5.999796 0.919993 0.070809
53.548404 0.87499793 5.999695 0.920359 0.071185
54.779402 0.87264208 5.999694 0.920654 0.070681
56.010400 0.87482013 5.999746 0.920076 0.071155
57.241398 0.87037513 5.999847 0.920360 0.070782
58.472396 0.87708708 6.000000 0.921786 0.070675
59.703393 0.87170863 5.999745 0.921387 0.070520
60.934391 0.87330883 5.999542 0.920130 0.071106
62.165389 0.87393113 5.997406 0.918237 0.072369
63.396387 0.87219758 5.987004 0.914315 0.074648
64.627385 0.86788593 5.979309 0.907071 0.077077
65.858382 0.87019733 5.978444 0.909365 0.077815
67.089380 0.86739698 5.970022 0.905246 0.080069
68.320378 0.86184073 5.932487 0.883441 0.089573
69.551376 0.84637214 5.884302 0.859762 0.102531
70.782374 0.84326064 5.859575 0.841052 0.108848
72.013372 0.84926139 5.854915 0.839834 0.110286
73.244369 0.84250499 5.854701 0.838229 0.111343
