# Layer profile at T = 0.320000
# input   = perfect_Sigma21_theta21.7868deg.dat
# seed    = 2000011
# n_samples = 1000
# Lx = 74.094090  Ly = 18.333533
# columns : x rho coord psi6 psi4
0.617451 0.86474857 5.998621 0.900370 0.079219
1.852352 0.86519026 5.998213 0.899003 0.079036
3.087254 0.86452772 5.998467 0.899996 0.079367
4.322155 0.86903300 5.998933 0.901168 0.078787
5.557057 0.86532277 5.998469 0.901330 0.078863
6.791958 0.86382101 5.998773 0.901031 0.079048
8.026860 0.86386518 5.998977 0.899540 0.079552
9.261761 0.86881215 5.998526 0.899811 0.079791
10.496663 0.86461606 5.998621 0.900805 0.079245
11.731564 0.86373267 5.998364 0.900371 0.079570
12.966466 0.86483691 5.998366 0.899645 0.079192
14.201367 0.86938636 5.998019 0.899790 0.079197
15.436269 0.86669202 5.997860 0.899284 0.079679
16.671170 0.86068498 5.998512 0.899851 0.079727
17.906072 0.86920968 5.998120 0.900573 0.079184
19.140973 0.86890049 5.999136 0.900514 0.079429
20.375875 0.85966909 5.998972 0.900743 0.079266
21.610776 0.86576447 5.998214 0.900429 0.078966
22.845678 0.86611782 5.998215 0.899881 0.079392
24.080579 0.87000473 5.998172 0.899115 0.079939
25.315481 0.85984577 5.998356 0.899747 0.079490
26.550382 0.86744290 5.998574 0.900320 0.079074
27.785284 0.86934219 5.999085 0.901282 0.078944
29.020185 0.86488108 5.998928 0.901387 0.079080
30.255087 0.86161254 5.998565 0.899473 0.079764
31.489988 0.86664785 5.998216 0.901311 0.078964
32.724890 0.87035808 5.998528 0.901831 0.079148
33.959791 0.86209840 5.998463 0.899992 0.078885
35.194693 0.86240759 5.998771 0.899744 0.079341
36.429594 0.86907717 5.998882 0.901541 0.079226
37.664496 0.86951886 5.999238 0.900629 0.079220
38.899397 0.86174505 5.998872 0.900085 0.078985
40.134299 0.86351183 5.998517 0.899816 0.079287
41.369200 0.86832629 5.998525 0.900363 0.079429
42.604102 0.86735456 5.998319 0.901420 0.078813
43.839003 0.86470440 5.998519 0.900582 0.078330
45.073905 0.86258427 5.998310 0.900699 0.078794
46.308806 0.86810544 5.999237 0.901152 0.078541
47.543708 0.86841463 5.998118 0.900752 0.078708
48.778609 0.86024329 5.998460 0.900190 0.079016
50.013511 0.86638284 5.998674 0.901347 0.079044
51.248412 0.87102062 5.999037 0.902269 0.078466
52.483314 0.86474857 5.998723 0.901791 0.078691
53.718215 0.86240759 5.998617 0.900000 0.079365
54.953117 0.86704538 5.998268 0.899832 0.079543
56.188018 0.86806127 5.998066 0.899743 0.079533
57.422920 0.86064081 5.998974 0.900421 0.079154
58.657821 0.86435104 5.999131 0.900739 0.079015
59.892723 0.86956303 5.998933 0.900956 0.078755
61.127624 0.86479274 5.998519 0.900293 0.078817
62.362526 0.86549945 5.998265 0.900569 0.079318
63.597427 0.86360016 5.998721 0.900818 0.078987
64.832329 0.86779626 5.998829 0.900415 0.079489
66.067230 0.87031391 5.998579 0.900721 0.078931
67.302132 0.86280512 5.998976 0.901567 0.079441
68.537033 0.86302596 5.998158 0.900615 0.078927
69.771935 0.87004890 5.998528 0.900508 0.079255
71.006836 0.86607365 5.999286 0.900870 0.078884
72.241738 0.86240759 5.998822 0.900576 0.079171
73.476639 0.86947470 5.998679 0.900019 0.079075
