# Layer profile at T = 0.400000
# input   = bicrystal_Sigma21_theta21.7868deg.dat
# seed    = 6000800
# n_samples = 1000
# Lx = 79.853546  Ly = 19.758628
# columns : x rho coord psi6 psi4
0.665446 0.75321498 5.731055 0.653513 0.170014
1.996339 0.74374608 5.709940 0.651627 0.173348
3.327231 0.74017148 5.691533 0.652488 0.174103
4.658124 0.73811798 5.691396 0.655583 0.174686
5.989016 0.74876574 5.707059 0.653682 0.174362
7.319908 0.74614183 5.715713 0.651104 0.173324
8.650801 0.74382214 5.715389 0.645191 0.174289
9.981693 0.74192075 5.698309 0.644668 0.175540
11.312586 0.74089400 5.705589 0.648388 0.174289
12.643478 0.74290947 5.704853 0.646952 0.174639
13.974371 0.74245314 5.705849 0.645859 0.175055
15.305263 0.74370806 5.715805 0.643214 0.173617
16.636155 0.74131231 5.702524 0.643304 0.174804
17.967048 0.73857431 5.708629 0.645050 0.174855
19.297940 0.74462072 5.714672 0.645556 0.172983
20.628833 0.74496297 5.713068 0.653675 0.172727
21.959725 0.74656013 5.724480 0.651404 0.171553
23.290618 0.74690238 5.720432 0.659223 0.170992
24.621510 0.75074318 5.733056 0.660597 0.168699
25.952402 0.74656013 5.705837 0.658002 0.172326
27.283295 0.73853629 5.696308 0.651633 0.176216
28.614187 0.74359397 5.692288 0.647736 0.176683
29.945080 0.74188272 5.704905 0.647337 0.174698
31.275972 0.74058978 5.705520 0.647153 0.174075
32.606865 0.74462072 5.715132 0.649624 0.173876
33.937757 0.74614183 5.709342 0.647540 0.174636
35.268650 0.73701518 5.694907 0.644404 0.175947
36.599542 0.73347860 5.667513 0.640947 0.178285
37.930434 0.73705320 5.648024 0.639168 0.181471
39.261327 0.72845894 5.650188 0.632419 0.183591
40.592219 0.72796458 5.639973 0.631252 0.185572
41.923112 0.73199552 5.639618 0.631187 0.184079
43.254004 0.72918147 5.639218 0.636237 0.184181
44.584897 0.72849697 5.633398 0.635604 0.183672
45.915789 0.72518856 5.636759 0.636947 0.182643
47.246681 0.72769839 5.639110 0.639377 0.182267
48.577574 0.72887725 5.658580 0.641097 0.179644
49.908466 0.73534196 5.663029 0.638622 0.180723
51.239359 0.73393493 5.685959 0.642677 0.176055
52.570251 0.73785179 5.687162 0.649142 0.174330
53.901144 0.73705320 5.692550 0.651907 0.174577
55.232036 0.74020951 5.700128 0.653720 0.172913
56.562928 0.73397296 5.700845 0.656732 0.171938
57.893821 0.74496297 5.710720 0.659653 0.172025
59.224713 0.74503903 5.709933 0.656346 0.171247
60.555606 0.74283342 5.707024 0.657288 0.172075
61.886498 0.74735872 5.727879 0.657521 0.169055
63.217391 0.74705449 5.729295 0.659435 0.168116
64.548283 0.74640802 5.736346 0.658407 0.169182
65.879176 0.75078121 5.733678 0.659263 0.169108
67.210068 0.75272062 5.750884 0.662378 0.166236
68.540960 0.74990657 5.746197 0.661153 0.166512
69.871853 0.74773899 5.729492 0.658530 0.169722
71.202745 0.75028685 5.728434 0.655244 0.169889
72.533638 0.74610380 5.726758 0.653038 0.171603
73.864530 0.74789110 5.718056 0.654181 0.172017
75.195423 0.74192075 5.714249 0.652304 0.172374
76.526315 0.74895588 5.718609 0.650951 0.172072
77.857207 0.74336581 5.717772 0.649560 0.172133
79.188100 0.74386017 5.723276 0.647718 0.172074
