# Layer profile at T = 0.300000
# input   = bicrystal_Sigma21_theta21.7868deg.dat
# seed    = 1000785
# n_samples = 1000
# Lx = 74.049655  Ly = 18.322538
# columns : x rho coord psi6 psi4
0.617080 0.83735167 5.812569 0.810255 0.123603
1.851241 0.84628460 5.899723 0.852934 0.103447
3.085402 0.86096645 5.960501 0.888128 0.087354
4.319563 0.86923604 5.984839 0.902912 0.079784
5.553724 0.86587514 5.994842 0.907808 0.077096
6.787885 0.86406202 5.999130 0.909377 0.075859
8.022046 0.87441007 5.999393 0.909080 0.075674
9.256207 0.86795359 5.999490 0.908814 0.075945
10.490368 0.86185090 5.999538 0.909536 0.075301
11.724529 0.87131450 5.999442 0.910214 0.075808
12.958690 0.87295073 5.999493 0.911062 0.075097
14.192851 0.86746715 5.999439 0.910426 0.075304
15.427011 0.86335446 5.999590 0.911231 0.074729
16.661172 0.87131450 5.999492 0.910914 0.074913
17.895333 0.87295073 5.999341 0.911504 0.074877
19.129494 0.86636159 5.999592 0.910810 0.075122
20.363655 0.86578670 5.999540 0.910976 0.075256
21.597816 0.87303917 5.999595 0.911885 0.075204
22.831977 0.87202206 5.999493 0.911565 0.075183
24.066138 0.86605203 5.999489 0.911127 0.075608
25.300299 0.86751137 5.999643 0.910425 0.075530
26.534460 0.87648852 5.999546 0.910584 0.076005
27.768621 0.86702492 5.999031 0.909018 0.075999
29.002782 0.86291224 5.995849 0.908715 0.076766
30.236942 0.86698070 5.985820 0.904154 0.079179
31.471103 0.86556558 5.962346 0.890612 0.085315
32.705264 0.85344864 5.934245 0.876471 0.092576
33.939425 0.84884951 5.906799 0.858465 0.100532
35.173586 0.84402926 5.872000 0.839058 0.110886
36.407747 0.83633456 5.826830 0.807430 0.122469
37.641908 0.83381388 5.810395 0.799920 0.126068
38.876069 0.84389659 5.833622 0.818013 0.119379
40.110230 0.84526749 5.895522 0.849993 0.103730
41.344391 0.85645576 5.960242 0.885398 0.087464
42.578552 0.86857271 5.991345 0.903280 0.079193
43.812713 0.87356984 5.998228 0.908735 0.076466
45.046873 0.86379669 5.999386 0.910613 0.075633
46.281034 0.86733448 5.999133 0.910128 0.075244
47.515195 0.87578096 5.999394 0.910686 0.074753
48.749356 0.86746715 5.999337 0.910770 0.075107
49.983517 0.86720181 5.999643 0.910355 0.075877
51.217678 0.87003205 5.999644 0.910050 0.075193
52.451839 0.86941293 5.999593 0.910841 0.074946
53.686000 0.86605203 5.999183 0.909926 0.075101
54.920161 0.87140294 5.999340 0.911749 0.074719
56.154322 0.87184517 5.999239 0.911284 0.075141
57.388483 0.87051849 5.999238 0.910953 0.075043
58.622644 0.86640581 5.999439 0.909804 0.075278
59.856805 0.86901493 5.999338 0.910528 0.074818
61.090965 0.87471963 5.999191 0.910873 0.075447
62.325126 0.86675959 5.999490 0.910402 0.075524
63.559287 0.86388513 5.999539 0.910118 0.075665
64.793448 0.87396784 5.998887 0.910336 0.075527
66.027609 0.87038583 5.998628 0.909035 0.076362
67.261770 0.86158556 5.993635 0.904570 0.077784
68.495931 0.86530025 5.971891 0.893727 0.084155
69.730092 0.85835733 5.910974 0.862551 0.099252
70.964253 0.83310632 5.836987 0.817732 0.118504
72.198414 0.82417339 5.791436 0.790054 0.130969
73.432575 0.83040875 5.778251 0.785860 0.133530
