# Layer profile at T = 0.340000
# input   = perfect_Sigma21_theta21.7868deg.dat
# seed    = 3000014
# n_samples = 1000
# Lx = 74.335596  Ly = 18.393290
# columns : x rho coord psi6 psi4
0.619463 0.86264943 5.996388 0.888487 0.083892
1.858390 0.85984093 5.997397 0.888467 0.084156
3.097316 0.85720796 5.996877 0.890064 0.083945
4.336243 0.86207895 5.996946 0.889711 0.083425
5.575170 0.86155236 5.997300 0.888339 0.084653
6.814096 0.85988481 5.996632 0.888271 0.083722
8.053023 0.86041141 5.997297 0.889341 0.083736
9.291949 0.86063082 5.996941 0.887916 0.083584
10.530876 0.86400980 5.996851 0.887066 0.084145
11.769803 0.85554041 5.996358 0.887054 0.084185
13.008729 0.86260555 5.996541 0.888069 0.083850
14.247656 0.86207895 5.997149 0.888381 0.083994
15.486582 0.85852444 5.996933 0.887025 0.084116
16.725509 0.85755902 5.996571 0.886766 0.084448
17.964436 0.86365874 5.996799 0.886552 0.084638
19.203362 0.85935822 5.996425 0.887250 0.084137
20.442289 0.85685689 5.996927 0.885770 0.084598
21.681215 0.86133295 5.996688 0.887290 0.084147
22.920142 0.86264943 5.996897 0.888904 0.083627
24.159069 0.85966540 5.997346 0.888949 0.084180
25.397995 0.85589147 5.997026 0.888409 0.084383
26.636922 0.86273720 5.997101 0.888207 0.084353
27.875848 0.86054305 5.996889 0.886867 0.084399
29.114775 0.85883162 5.996474 0.886005 0.084592
30.353702 0.85905104 5.996935 0.886123 0.083857
31.592628 0.86115741 5.996637 0.886513 0.084284
32.831555 0.86137683 5.996128 0.886355 0.084486
34.070481 0.85650583 5.995901 0.887053 0.084300
35.309408 0.85764679 5.997288 0.886573 0.084228
36.548335 0.86637948 5.996809 0.888184 0.084354
37.787261 0.85953375 5.996988 0.887636 0.084119
39.026188 0.85422392 5.996969 0.886653 0.084662
40.265114 0.86102577 5.997401 0.888365 0.084186
41.504041 0.86264943 5.997253 0.887869 0.083709
42.742968 0.85896327 5.997343 0.887287 0.084183
43.981894 0.85593535 5.997488 0.888626 0.083498
45.220821 0.85992869 5.997397 0.888372 0.084061
46.459747 0.86409757 5.997004 0.888932 0.083707
47.698674 0.85795397 5.997033 0.888481 0.083783
48.937601 0.85826115 5.997392 0.887507 0.084456
50.176527 0.86120130 5.996484 0.888146 0.083899
51.415454 0.86190342 5.996996 0.887921 0.083927
52.654380 0.85795397 5.996727 0.887746 0.083707
53.893307 0.85913880 5.996476 0.887440 0.084596
55.132234 0.86133295 5.996077 0.887596 0.084076
56.371160 0.86098188 5.996891 0.889203 0.083724
57.610087 0.86058694 5.996839 0.890078 0.083942
58.849013 0.85668136 5.996261 0.886364 0.084460
60.087940 0.86260555 5.996897 0.887924 0.083927
61.326867 0.86146459 5.995874 0.888459 0.084182
62.565793 0.85751514 5.996827 0.887546 0.084101
63.804720 0.86168401 5.997148 0.888198 0.084162
65.043646 0.86063082 5.996482 0.889672 0.083607
66.282573 0.86102577 5.996687 0.890123 0.083703
67.521499 0.85997258 5.996887 0.888550 0.084196
68.760426 0.86089412 5.997502 0.889000 0.083513
69.999353 0.85953375 5.996681 0.887002 0.084775
71.238279 0.85782232 5.996061 0.886405 0.084513
72.477206 0.86269331 5.996439 0.888046 0.083909
73.716132 0.85984093 5.997448 0.887892 0.084096
