# Layer profile at T = 0.420000
# input   = bicrystal_Sigma21_theta21.7868deg.dat
# seed    = 7000803
# n_samples = 1000
# Lx = 81.678502  Ly = 20.210188
# columns : x rho coord psi6 psi4
0.680654 0.69696105 5.622373 0.579988 0.194097
2.041963 0.70870126 5.621654 0.585762 0.193455
3.403271 0.70368532 5.640496 0.592030 0.190411
4.764579 0.70917377 5.645226 0.589084 0.190072
6.125888 0.70957359 5.668835 0.588364 0.188572
7.487196 0.72065955 5.663842 0.589171 0.188483
8.848504 0.72305847 5.677072 0.589860 0.187711
10.209813 0.71248139 5.659729 0.588003 0.190479
11.571121 0.71128192 5.676171 0.587796 0.186481
12.932429 0.72051416 5.691772 0.593823 0.185958
14.293738 0.72244057 5.700896 0.594026 0.185082
15.655046 0.72607531 5.726922 0.594497 0.181105
17.016355 0.73239975 5.730620 0.593713 0.181578
18.377663 0.72534836 5.729004 0.591964 0.182699
19.738971 0.72760190 5.736187 0.590608 0.181983
21.100280 0.72894675 5.735328 0.593985 0.181807
22.461588 0.72851058 5.734870 0.596135 0.181767
23.822896 0.72858328 5.717835 0.594199 0.183189
25.184205 0.72036877 5.713356 0.587771 0.185602
26.545513 0.72313117 5.717065 0.589801 0.184052
27.906821 0.72338560 5.712139 0.592131 0.185511
29.268130 0.72338560 5.713597 0.588834 0.184816
30.629438 0.73025525 5.721467 0.591567 0.183127
31.990747 0.72371273 5.717995 0.592026 0.182563
33.352055 0.72378542 5.709988 0.586990 0.185838
34.713363 0.72433063 5.716530 0.589645 0.184584
36.074672 0.72545740 5.706949 0.589751 0.184057
37.435980 0.71549822 5.681991 0.588400 0.187309
38.797288 0.70946455 5.648138 0.586143 0.188720
40.158597 0.70521191 5.647356 0.588883 0.189965
41.519905 0.70201334 5.630268 0.586716 0.192229
42.881213 0.69230859 5.601355 0.583984 0.193228
44.242522 0.68707456 5.562398 0.591492 0.196483
45.603830 0.67398951 5.545920 0.596035 0.196776
46.965139 0.65894169 5.544045 0.595360 0.197333
48.326447 0.65530695 5.549337 0.594572 0.196822
49.687755 0.64691071 5.542083 0.598414 0.196074
51.049064 0.64774670 5.527524 0.599225 0.198003
52.410372 0.66272182 5.552131 0.597240 0.196477
53.771680 0.68224036 5.570059 0.591804 0.194919
55.132989 0.70550269 5.614477 0.590408 0.192271
56.494297 0.71804253 5.676031 0.593886 0.187527
57.855605 0.71884218 5.675077 0.591153 0.186770
59.216914 0.70793796 5.681008 0.589264 0.187821
60.578222 0.71884218 5.678060 0.594977 0.185839
61.939531 0.71967817 5.679394 0.593208 0.185773
63.300839 0.71193617 5.679430 0.590423 0.186237
64.662147 0.71248139 5.663147 0.596768 0.187991
66.023456 0.71989625 5.670150 0.594537 0.186974
67.384764 0.71782445 5.671376 0.591646 0.187062
68.746072 0.70775623 5.665366 0.592308 0.186655
70.107381 0.70826509 5.647285 0.597587 0.188020
71.468689 0.71833331 5.665334 0.595402 0.187425
72.829997 0.71030054 5.669379 0.593211 0.187166
74.191306 0.71171809 5.659006 0.591809 0.188303
75.552614 0.70477574 5.653739 0.588989 0.189234
76.913923 0.70150448 5.654352 0.592465 0.190109
78.275231 0.70673850 5.655832 0.591075 0.189287
79.636539 0.71066402 5.638247 0.591058 0.191635
80.997848 0.70215873 5.624236 0.582048 0.194041
