# Layer profile at T = 0.360000
# input   = bicrystal_Sigma21_theta21.7868deg.dat
# seed    = 4000794
# n_samples = 1000
# Lx = 74.794927  Ly = 18.506945
# columns : x rho coord psi6 psi4
0.623291 0.84922575 5.961158 0.854540 0.098805
1.869873 0.84311403 5.950645 0.847748 0.100621
3.116455 0.83960304 5.924884 0.841009 0.104848
4.363037 0.83600536 5.904132 0.837786 0.108528
5.609619 0.84116348 5.916108 0.840866 0.106311
6.856202 0.83999315 5.933485 0.847121 0.103795
8.102784 0.84632160 5.938643 0.849859 0.101203
9.349366 0.83960304 5.937171 0.852668 0.101942
10.595948 0.84493454 5.938439 0.851774 0.101508
11.842530 0.84229047 5.941077 0.852534 0.101189
13.089112 0.84159694 5.946230 0.851073 0.100666
14.335694 0.84658167 5.945727 0.853034 0.101016
15.582276 0.84151025 5.925878 0.853570 0.103355
16.828858 0.83596202 5.891579 0.847245 0.107915
18.075441 0.83006702 5.879008 0.844215 0.109861
19.322023 0.83223430 5.871667 0.843288 0.110946
20.568605 0.82915677 5.869831 0.840532 0.111823
21.815187 0.82802978 5.881537 0.842011 0.110959
23.061769 0.83895286 5.898321 0.841267 0.108676
24.308351 0.83652551 5.910151 0.837873 0.108677
25.554933 0.83565860 5.905441 0.834404 0.109478
26.801515 0.83262441 5.908428 0.834362 0.109429
28.048097 0.83903955 5.910058 0.832804 0.110063
29.294680 0.83691562 5.914595 0.832248 0.109510
30.541262 0.83509511 5.913578 0.828787 0.109968
31.787844 0.83782588 5.910704 0.832857 0.109490
33.034426 0.84003650 5.917647 0.837926 0.107384
34.281008 0.84194370 5.928593 0.842323 0.105720
35.527590 0.83795591 5.945996 0.845985 0.102201
36.774172 0.84562807 5.958173 0.851361 0.099956
38.020754 0.85039608 5.967837 0.856597 0.096929
39.267336 0.84740524 5.978107 0.861939 0.094479
40.513919 0.84671171 5.985410 0.867118 0.092866
41.760501 0.85564089 5.990831 0.869692 0.090896
43.007083 0.85082954 5.991900 0.870088 0.090648
44.253665 0.85061281 5.993783 0.870821 0.091001
45.500247 0.85442722 5.994927 0.871356 0.089553
46.746829 0.85147972 5.995215 0.872878 0.090290
47.993411 0.85538082 5.994578 0.873101 0.089977
49.239993 0.85182648 5.992673 0.873224 0.090238
50.486575 0.85265005 5.994662 0.873739 0.090104
51.733158 0.85421049 5.994469 0.873656 0.089309
52.979740 0.85204321 5.994048 0.872917 0.089778
54.226322 0.85199987 5.993946 0.871871 0.090010
55.472904 0.85607435 5.994532 0.871832 0.089720
56.719486 0.85265005 5.995221 0.871384 0.089978
57.966068 0.84987593 5.995308 0.873583 0.089278
59.212650 0.85360365 5.994211 0.874078 0.089596
60.459232 0.85629107 5.994887 0.873660 0.089750
61.705814 0.85009266 5.994238 0.872487 0.090306
62.952397 0.85204321 5.995574 0.871477 0.090124
64.198979 0.85975872 5.996017 0.872285 0.089114
65.445561 0.84835884 5.994124 0.873163 0.089956
66.692143 0.85438387 5.993608 0.873006 0.089985
67.938725 0.85429718 5.989396 0.870961 0.090712
69.185307 0.84866226 5.983298 0.866498 0.092725
70.431889 0.84965921 5.976584 0.863182 0.093983
71.678471 0.84671171 5.966622 0.858331 0.096497
72.925053 0.84623491 5.958101 0.856680 0.097676
74.171635 0.84437105 5.959805 0.856163 0.098611
