# Layer profile at T = 0.300000
# input   = perfect_Sigma21_theta21.7868deg.dat
# seed    = 1000008
# n_samples = 1000
# Lx = 73.902261  Ly = 18.286067
# columns : x rho coord psi6 psi4
0.615852 0.87212960 5.999135 0.911249 0.074717
1.847557 0.86911047 5.999489 0.912054 0.074641
3.079261 0.87075323 5.998980 0.911449 0.074875
4.310965 0.86853328 5.999335 0.911691 0.074909
5.542670 0.87101963 5.999592 0.911378 0.074948
6.774374 0.86951006 5.999387 0.911625 0.074522
8.006078 0.87301758 5.999237 0.910743 0.074855
9.237783 0.86946566 5.999285 0.910938 0.075145
10.469487 0.86875528 5.999285 0.910961 0.074267
11.701191 0.87128602 5.999541 0.911015 0.074881
12.932896 0.87141922 5.999338 0.911073 0.074526
14.164600 0.86848888 5.999233 0.910145 0.074976
15.396304 0.87057564 5.999796 0.912082 0.074949
16.628009 0.86973205 5.999387 0.912151 0.074183
17.859713 0.87297318 5.999542 0.911979 0.074838
19.091417 0.86808929 5.999437 0.912796 0.074466
20.323122 0.86902167 5.999336 0.911194 0.074745
21.554826 0.87283998 5.999034 0.912673 0.074923
22.786531 0.87008725 5.999388 0.911568 0.075210
24.018235 0.86848888 5.999080 0.911725 0.075340
25.249939 0.87146362 5.999287 0.911339 0.074989
26.481644 0.86986525 5.999336 0.911469 0.074925
27.713348 0.87115282 5.999490 0.911441 0.074435
28.945052 0.86893287 5.999438 0.911589 0.074685
30.176757 0.87004285 5.999286 0.911843 0.074679
31.408461 0.87079763 5.999133 0.910840 0.075011
32.640165 0.87155241 5.998981 0.910146 0.074818
33.871870 0.86942126 5.999285 0.910575 0.074380
35.103574 0.86977645 5.999285 0.912102 0.074314
36.335278 0.86964326 5.999285 0.912059 0.075118
37.566983 0.87133042 5.999389 0.911105 0.075130
38.798687 0.87119722 5.999439 0.910701 0.075359
40.030391 0.86955446 5.999030 0.909962 0.074957
41.262096 0.86862208 5.999131 0.910463 0.075435
42.493800 0.87119722 5.999083 0.909957 0.075139
43.725505 0.86835568 5.999335 0.911532 0.074587
44.957209 0.86955446 5.999336 0.913230 0.074065
46.188913 0.87377236 5.999289 0.913426 0.073890
47.420618 0.86911047 5.999591 0.912880 0.074889
48.652322 0.87066443 5.999694 0.911927 0.074756
49.884026 0.86893287 5.999489 0.911611 0.074964
51.115731 0.87070883 5.999643 0.911335 0.075171
52.347435 0.87062003 5.999388 0.910440 0.075428
53.579139 0.86826689 5.999438 0.911355 0.075145
54.810844 0.87133042 5.999236 0.911957 0.074757
56.042548 0.86999845 5.999439 0.911566 0.074385
57.274252 0.87159681 5.999389 0.911254 0.074955
58.505957 0.87159681 5.999134 0.911813 0.074744
59.737661 0.86533655 5.999025 0.909565 0.075132
60.969365 0.87115282 5.998981 0.909075 0.075315
62.201070 0.87173001 5.998879 0.910042 0.074952
63.432774 0.86795609 5.999284 0.913202 0.074359
64.664479 0.87137482 5.999389 0.911432 0.074736
65.896183 0.87164121 5.999745 0.912031 0.074199
67.127887 0.87084203 5.999592 0.912436 0.074318
68.359592 0.86937686 5.999336 0.912067 0.074355
69.591296 0.86999845 5.999643 0.911657 0.074813
70.823000 0.87017604 5.999337 0.911030 0.075065
72.054705 0.87039804 5.999388 0.911514 0.074066
73.286409 0.86888847 5.999591 0.912032 0.074426
