# Layer profile at T = 0.380000
# input   = perfect_Sigma21_theta21.7868deg.dat
# seed    = 5000020
# n_samples = 1000
# Lx = 75.081186  Ly = 18.577775
# columns : x rho coord psi6 psi4
0.625677 0.84375183 5.987917 0.858783 0.095076
1.877030 0.84474119 5.990172 0.858859 0.095142
3.128383 0.84220327 5.989019 0.856369 0.094889
4.379736 0.83983741 5.988220 0.857098 0.095811
5.631089 0.84474119 5.990579 0.857364 0.095098
6.882442 0.84874165 5.990269 0.858210 0.094727
8.133795 0.84061169 5.989510 0.858600 0.095413
9.385148 0.84297755 5.989335 0.857629 0.095156
10.636501 0.84663388 5.988162 0.856987 0.095262
11.887854 0.83949329 5.988727 0.856362 0.095722
13.139208 0.84289152 5.988926 0.855529 0.095345
14.390561 0.84327866 5.989849 0.857069 0.095710
15.641914 0.84314961 5.989643 0.855903 0.096053
16.893267 0.84444008 5.987520 0.855541 0.095860
18.144620 0.84151502 5.989163 0.857476 0.095746
19.395973 0.84259041 5.989534 0.856935 0.095639
20.647326 0.84297755 5.989284 0.856494 0.095307
21.898679 0.84392390 5.988430 0.854926 0.095872
23.150032 0.84362279 5.988731 0.855523 0.096014
24.401385 0.84405294 5.989960 0.856872 0.095378
25.652738 0.84284851 5.989180 0.855441 0.095426
26.904092 0.84228930 5.989480 0.856042 0.094797
28.155445 0.84400993 5.989552 0.853449 0.096319
29.406798 0.84065471 5.988231 0.853698 0.095948
30.658151 0.84250438 5.987287 0.855606 0.095676
31.909504 0.84276247 5.989843 0.859703 0.094288
33.160857 0.84607468 5.989984 0.858304 0.095085
34.412210 0.84022455 5.989863 0.856088 0.094863
35.663563 0.84306358 5.990663 0.855460 0.095533
36.914916 0.84310660 5.987806 0.855573 0.095755
38.166269 0.84366580 5.989140 0.855444 0.095761
39.417623 0.84521437 5.987786 0.855050 0.095542
40.668976 0.83996646 5.988938 0.855952 0.095272
41.920329 0.84465516 5.989916 0.857526 0.095506
43.171682 0.84263343 5.989739 0.856750 0.095591
44.423035 0.84250438 5.989482 0.857433 0.095120
45.674388 0.84607468 5.989476 0.854907 0.095410
46.925741 0.84198819 5.988761 0.855068 0.095418
48.177094 0.84065471 5.988385 0.855391 0.095741
49.428447 0.84263343 5.988157 0.856328 0.095604
50.679800 0.84314961 5.988368 0.856366 0.096134
51.931153 0.84388088 5.989296 0.856586 0.095165
53.182507 0.84211724 5.988916 0.856995 0.095939
54.433860 0.84297755 5.990866 0.857223 0.095238
55.685213 0.84254740 5.990095 0.856152 0.095602
56.936566 0.84530040 5.989161 0.856614 0.095522
58.187919 0.84078375 5.988079 0.856275 0.095537
59.439272 0.84173010 5.989677 0.856000 0.096294
60.690625 0.84547246 5.989468 0.858413 0.094835
61.941978 0.84276247 5.989434 0.858050 0.095169
63.193331 0.84198819 5.990038 0.856866 0.094951
64.444684 0.84289152 5.989895 0.856867 0.095547
65.696038 0.84314961 5.989439 0.855839 0.095441
66.947391 0.84413897 5.988840 0.853951 0.096784
68.198744 0.84271946 5.989179 0.857180 0.095431
69.450097 0.84117090 5.988852 0.856191 0.095877
70.701450 0.84357977 5.988731 0.857099 0.095294
71.952803 0.84530040 5.990382 0.857334 0.095122
73.204156 0.84362279 5.989190 0.858518 0.094481
74.455509 0.84340771 5.988576 0.859252 0.094779
