# Layer profile at T = 0.360000
# input   = perfect_Sigma21_theta21.7868deg.dat
# seed    = 4000017
# n_samples = 1000
# Lx = 74.706878  Ly = 18.485158
# columns : x rho coord psi6 psi4
0.622557 0.85305350 5.995060 0.874173 0.089386
1.867672 0.85122870 5.994692 0.874176 0.089391
3.112787 0.85049009 5.994636 0.874701 0.088835
4.357901 0.85179352 5.995205 0.874097 0.089672
5.603016 0.85257558 5.994394 0.873305 0.089548
6.848131 0.85088112 5.994741 0.872757 0.089925
8.093245 0.85018595 5.993663 0.873214 0.090002
9.338360 0.85135904 5.993774 0.873900 0.089108
10.583474 0.85353143 5.994095 0.873507 0.089531
11.828589 0.84679703 5.993022 0.872129 0.090352
13.073704 0.85409625 5.993031 0.870251 0.090207
14.318818 0.85014250 5.993612 0.874326 0.089360
15.563933 0.84918665 5.993656 0.875341 0.088544
16.809048 0.85500865 5.993953 0.873790 0.089196
18.054162 0.85079422 5.992851 0.872526 0.089195
19.299277 0.85287971 5.993581 0.872682 0.089542
20.544392 0.84927355 5.993247 0.872752 0.089536
21.789506 0.85261903 5.994191 0.874978 0.089192
23.034621 0.85192386 5.994237 0.873308 0.089404
24.279735 0.85192386 5.994033 0.872982 0.089091
25.524850 0.85083767 5.993668 0.874876 0.088872
26.769965 0.85105491 5.995048 0.875378 0.088928
28.015079 0.85235834 5.994597 0.873871 0.089444
29.260194 0.85066388 5.992952 0.872127 0.089178
30.505309 0.85292316 5.993734 0.874268 0.088901
31.750423 0.85035974 5.994635 0.874095 0.089185
32.995538 0.85374867 5.995013 0.874160 0.088952
34.240653 0.84657979 5.994919 0.874014 0.089183
35.485767 0.85361833 5.994808 0.876951 0.088161
36.730882 0.85544313 5.993448 0.875091 0.089388
37.975996 0.85227144 5.993730 0.874071 0.089151
39.221111 0.84962113 5.994784 0.874688 0.088936
40.466226 0.85444383 5.994712 0.875236 0.088711
41.711340 0.85027285 5.994788 0.875177 0.089026
42.956455 0.85079422 5.994842 0.874289 0.089610
44.201570 0.85257558 5.994751 0.874892 0.089829
45.446684 0.85305350 5.995467 0.875311 0.089200
46.691799 0.85314040 5.995620 0.875119 0.088901
47.936914 0.85183697 5.994389 0.875769 0.088880
49.182028 0.84692737 5.994254 0.874086 0.089269
50.427143 0.85596450 5.993655 0.874291 0.089340
51.672257 0.85209765 5.993371 0.874339 0.089343
52.917372 0.85005561 5.994020 0.873585 0.088679
54.162487 0.85153283 5.994643 0.873761 0.089245
55.407601 0.85466107 5.994662 0.875141 0.089278
56.652716 0.85096801 5.995456 0.873971 0.089113
57.897831 0.84918665 5.994525 0.874127 0.088864
59.142945 0.85140249 5.994438 0.873241 0.089514
60.388060 0.85379212 5.993385 0.873392 0.088984
61.633175 0.85257558 5.995006 0.872855 0.089496
62.878289 0.84866528 5.993498 0.871849 0.089747
64.123404 0.85118525 5.992803 0.873049 0.090290
65.368518 0.85157628 5.992602 0.873742 0.089896
66.613633 0.85227144 5.994137 0.874418 0.089633
67.858748 0.84892597 5.993603 0.873510 0.089435
69.103862 0.85192386 5.993574 0.873382 0.089487
70.348977 0.85166318 5.993164 0.874718 0.088755
71.594092 0.84923010 5.994065 0.873188 0.089473
72.839206 0.85196731 5.995002 0.871323 0.090186
74.084321 0.85266247 5.994752 0.872676 0.089489
