# Layer profile at T = 0.320000
# input   = bicrystal_Sigma21_theta21.7868deg.dat
# seed    = 2000788
# n_samples = 1000
# Lx = 74.277942  Ly = 18.379024
# columns : x rho coord psi6 psi4
0.618983 0.85229813 5.943637 0.867367 0.094892
1.856949 0.85317715 5.960025 0.876795 0.090667
3.094914 0.86609875 5.980564 0.889031 0.085049
4.332880 0.86042907 5.992440 0.895360 0.081927
5.570846 0.86390120 5.996540 0.898611 0.080544
6.808811 0.86719753 5.998429 0.901187 0.079991
8.046777 0.86798865 5.998683 0.899439 0.080068
9.284743 0.85722065 5.998513 0.898704 0.080372
10.522708 0.86306613 5.998370 0.898521 0.079887
11.760674 0.87049385 5.998283 0.898754 0.080134
12.998640 0.86324194 5.998676 0.899191 0.079675
14.236606 0.85972585 5.998978 0.899497 0.079310
15.474571 0.86535159 5.998426 0.900235 0.079411
16.712537 0.86825235 5.998836 0.900202 0.079441
17.950503 0.86170365 5.998776 0.898958 0.079653
19.188468 0.86139599 5.997857 0.897663 0.080344
20.426434 0.87115312 5.996468 0.897660 0.080149
21.664400 0.86086858 5.993363 0.896543 0.080871
22.902366 0.86025327 5.988811 0.891849 0.083221
24.140331 0.86223106 5.982312 0.888405 0.084631
25.378297 0.86574714 5.975074 0.885904 0.086215
26.616263 0.84996873 5.966027 0.883903 0.088240
27.854228 0.85194652 5.955788 0.875362 0.091416
29.092194 0.85612187 5.924277 0.856968 0.099646
30.330160 0.84746352 5.875480 0.830842 0.111684
31.568125 0.82843273 5.863017 0.827957 0.114125
32.806091 0.84557363 5.892094 0.843681 0.107376
34.044057 0.85396827 5.912918 0.855660 0.101407
35.282023 0.84421115 5.915296 0.853406 0.102315
36.519988 0.84561758 5.915437 0.850152 0.102304
37.757954 0.85436383 5.923813 0.855197 0.100679
38.995920 0.84882600 5.915912 0.851603 0.102037
40.233885 0.84451880 5.917304 0.853727 0.100999
41.471851 0.85647348 5.942269 0.869748 0.094204
42.709817 0.85871498 5.974511 0.886886 0.086402
43.947783 0.86100043 5.991169 0.894327 0.082314
45.185748 0.86469232 5.997357 0.897521 0.080565
46.423714 0.86904347 5.998280 0.898679 0.080147
47.661680 0.86139599 5.998929 0.899197 0.079974
48.899645 0.86139599 5.998877 0.898548 0.080521
50.137611 0.86943903 5.998534 0.899014 0.080119
51.375577 0.86596690 5.999188 0.900645 0.079458
52.613542 0.86148390 5.999133 0.899220 0.079609
53.851508 0.86460442 5.999288 0.900256 0.079179
55.089474 0.86926323 5.999140 0.899377 0.079611
56.327440 0.86631851 5.998884 0.899233 0.079804
57.565405 0.85906659 5.998926 0.899286 0.080152
58.803371 0.86746123 5.997568 0.897738 0.081100
60.041337 0.86543949 5.988878 0.894281 0.083063
61.279302 0.85550656 5.973337 0.886314 0.086556
62.517268 0.85366061 5.951037 0.873073 0.092928
63.755234 0.85686904 5.932140 0.859667 0.097897
64.993200 0.84623289 5.917576 0.852885 0.101718
66.231165 0.84421115 5.900458 0.845648 0.106391
67.469131 0.83801405 5.878114 0.835611 0.110911
68.707097 0.84530992 5.852649 0.820697 0.118129
69.945062 0.83142140 5.844479 0.815764 0.118950
71.183028 0.83810195 5.867271 0.828474 0.113296
72.420994 0.84469461 5.907696 0.848397 0.104359
73.658959 0.85410012 5.928781 0.858228 0.098753
