# Layer profile at T = 0.400000
# input   = perfect_Sigma21_theta21.7868deg.dat
# seed    = 6000023
# n_samples = 1000
# Lx = 75.705439  Ly = 18.732238
# columns : x rho coord psi6 psi4
0.630879 0.82870970 5.979527 0.832033 0.103342
1.892636 0.83090978 5.981771 0.834100 0.102832
3.154393 0.82997897 5.980935 0.838139 0.102832
4.416151 0.82913279 5.979180 0.836450 0.102367
5.677908 0.82997897 5.979864 0.834053 0.102909
6.939665 0.83069823 5.979576 0.835895 0.102602
8.201423 0.82892124 5.980400 0.835453 0.102946
9.463180 0.82934434 5.978472 0.834472 0.103045
10.724937 0.83014821 5.978951 0.834016 0.103400
11.986695 0.82993666 5.983126 0.835097 0.102734
13.248452 0.82883663 5.982593 0.836596 0.102796
14.510209 0.83014821 5.984252 0.838156 0.101845
15.771966 0.83150210 5.982191 0.834386 0.102723
17.033724 0.82693271 5.980916 0.833479 0.103219
18.295481 0.83310985 5.978620 0.832093 0.103513
19.557238 0.83336371 5.978677 0.835384 0.103103
20.818996 0.82570575 5.977967 0.834191 0.103905
22.080753 0.82947126 5.975771 0.834137 0.103599
23.342510 0.83133287 5.978625 0.834316 0.103504
24.604268 0.82989436 5.978282 0.835615 0.103031
25.866025 0.82519804 5.977953 0.834080 0.104274
27.127782 0.83154441 5.981480 0.834603 0.103699
28.389540 0.82697502 5.979996 0.831542 0.103839
29.651297 0.82760966 5.977660 0.831259 0.104029
30.913054 0.83057130 5.980388 0.833843 0.103623
32.174812 0.83137518 5.979389 0.835215 0.102541
33.436569 0.82866739 5.977433 0.835552 0.103708
34.698326 0.82693271 5.978972 0.833398 0.103264
35.960084 0.83086747 5.979529 0.832947 0.103007
37.221841 0.83010590 5.980326 0.835883 0.103160
38.483598 0.83065592 5.981256 0.835400 0.102855
39.745355 0.82735581 5.979494 0.835620 0.102809
41.007113 0.82968281 5.978480 0.835359 0.103193
42.268870 0.83175596 5.980416 0.834787 0.102721
43.530627 0.82879432 5.981673 0.836500 0.103059
44.792385 0.82997897 5.979406 0.835054 0.102670
46.054142 0.82892124 5.980757 0.833492 0.102712
47.315899 0.82612884 5.977978 0.835351 0.103276
48.577657 0.83327909 5.978878 0.835305 0.103094
49.839414 0.83061361 5.980084 0.837289 0.102785
51.101171 0.82972512 5.981796 0.837194 0.102317
52.362929 0.82676348 5.981065 0.837767 0.102093
53.624686 0.83205212 5.978338 0.836195 0.103142
54.886443 0.83090978 5.979072 0.833790 0.103585
56.148201 0.82769428 5.980269 0.833084 0.103030
57.409958 0.82870970 5.981723 0.836778 0.102234
58.671715 0.83230598 5.978294 0.835361 0.102967
59.933473 0.82731350 5.973816 0.831898 0.104520
61.195230 0.82587498 5.966445 0.829522 0.105747
62.456987 0.82549420 5.961304 0.828805 0.106400
63.718745 0.82705964 5.961940 0.830304 0.106459
64.980502 0.82557882 5.964998 0.830338 0.105665
66.242259 0.82845584 5.966651 0.831140 0.105704
67.504016 0.83078285 5.970768 0.832574 0.104782
68.765774 0.82803275 5.972970 0.832511 0.105132
70.027531 0.82807506 5.970213 0.831903 0.104076
71.289288 0.82841353 5.970633 0.834505 0.104160
72.551046 0.82773659 5.975261 0.834234 0.104078
73.812803 0.83277138 5.975817 0.834662 0.104140
75.074560 0.82676348 5.978097 0.834203 0.103479
