# Layer profile at T = 0.340000
# input   = bicrystal_Sigma21_theta21.7868deg.dat
# seed    = 3000791
# n_samples = 1000
# Lx = 74.524997  Ly = 18.440154
# columns : x rho coord psi6 psi4
0.621042 0.84202870 5.904905 0.840432 0.106327
1.863125 0.84063158 5.938610 0.858835 0.099119
3.105208 0.85224517 5.966393 0.873434 0.091939
4.347291 0.85735340 5.987473 0.882384 0.087727
5.589375 0.85573797 5.995153 0.884468 0.085588
6.831458 0.85477745 5.997293 0.885030 0.084999
8.073541 0.85696046 5.996841 0.885402 0.084732
9.315625 0.85988568 5.997411 0.886279 0.084795
10.557708 0.85429719 5.997598 0.887124 0.084924
11.799791 0.86001666 5.996903 0.885091 0.084505
13.041874 0.85661118 5.997706 0.886289 0.084942
14.283958 0.85958006 5.997765 0.887319 0.083986
15.526041 0.85595627 5.997399 0.888052 0.084003
16.768124 0.85420987 5.997189 0.888572 0.084302
18.010208 0.86237431 5.996760 0.888885 0.084442
19.252291 0.85757170 5.997658 0.888182 0.084070
20.494374 0.85595627 5.996787 0.886792 0.084273
21.736457 0.85857588 5.997457 0.887243 0.084323
22.978541 0.86163209 5.997618 0.888931 0.083875
24.220624 0.85717876 5.998319 0.888481 0.083997
25.462707 0.85290007 5.998106 0.888216 0.084010
26.704790 0.85691680 5.997147 0.886616 0.084303
27.946874 0.86014764 5.997361 0.886798 0.084768
29.188957 0.85582529 5.997245 0.887173 0.084393
30.431040 0.85412255 5.997393 0.887433 0.084855
31.673124 0.86215601 5.997063 0.888815 0.083929
32.915207 0.85949274 5.997714 0.889820 0.083536
34.157290 0.85372961 5.996471 0.888782 0.084108
35.399373 0.85818294 5.992114 0.885638 0.085124
36.641457 0.85787732 5.985903 0.880740 0.086513
37.883540 0.85189589 5.974426 0.877218 0.089379
39.125623 0.84958190 5.962228 0.869282 0.092247
40.367706 0.85202687 5.964694 0.871819 0.091681
41.609790 0.85412255 5.971886 0.874844 0.090875
42.851873 0.85198321 5.976222 0.873737 0.090552
44.093956 0.85303105 5.979220 0.877085 0.089157
45.336040 0.85796464 5.978525 0.877452 0.089175
46.578123 0.85076072 5.967515 0.874579 0.091238
47.820206 0.84700595 5.956701 0.867445 0.093833
49.062289 0.85049876 5.953696 0.866594 0.094082
50.304373 0.85036778 5.958258 0.868472 0.094053
51.546456 0.84910164 5.957322 0.868820 0.093562
52.788539 0.84770452 5.950917 0.870123 0.094388
54.030623 0.84879602 5.937915 0.869362 0.095491
55.272706 0.84036962 5.915991 0.866860 0.099309
56.514789 0.84167942 5.908185 0.864301 0.100122
57.756872 0.84429903 5.914779 0.865730 0.099182
58.998956 0.84133014 5.904411 0.868040 0.099878
60.241039 0.84019498 5.900956 0.869380 0.099784
61.483122 0.84189772 5.897474 0.868392 0.101106
62.725205 0.84137380 5.911992 0.871330 0.098114
63.967289 0.84063158 5.919861 0.872329 0.097672
65.209372 0.84491027 5.927088 0.871859 0.096256
66.451455 0.84215968 5.934263 0.870873 0.095779
67.693539 0.84552151 5.937003 0.870846 0.095769
68.935622 0.84678765 5.939830 0.867386 0.097276
70.177705 0.84491027 5.934115 0.859613 0.098939
71.419788 0.84495393 5.923526 0.851348 0.101873
72.661872 0.84076256 5.912395 0.842357 0.104964
73.903955 0.84076256 5.896090 0.833117 0.109900
