# Layer profile at T = 0.420000
# input   = perfect_Sigma21_theta21.7868deg.dat
# seed    = 7000026
# n_samples = 1000
# Lx = 83.071117  Ly = 20.554771
# columns : x rho coord psi6 psi4
0.692259 0.66795596 5.581724 0.606453 0.191259
2.076778 0.66085790 5.595789 0.601036 0.191034
3.461297 0.65527081 5.603228 0.604028 0.189862
4.845815 0.64581843 5.602536 0.606265 0.188961
6.230334 0.64757538 5.599002 0.607531 0.190437
7.614852 0.64884038 5.605578 0.609069 0.189892
8.999371 0.66901013 5.625400 0.610804 0.187759
10.383890 0.69427502 5.689695 0.609773 0.181239
11.768408 0.70523837 5.731938 0.605599 0.178771
13.152927 0.70583573 5.736148 0.605760 0.178733
14.537446 0.70365712 5.725993 0.608894 0.178533
15.921964 0.70397337 5.730458 0.608390 0.179048
17.306483 0.70759268 5.744153 0.607130 0.177689
18.691001 0.70337600 5.742919 0.604331 0.178571
20.075520 0.70903337 5.744127 0.607155 0.178421
21.460039 0.70681962 5.753766 0.602303 0.178113
22.844557 0.70502753 5.743272 0.601163 0.180054
24.229076 0.70558976 5.725498 0.598704 0.181798
25.613595 0.70168934 5.731283 0.603406 0.178844
26.998113 0.70172447 5.737506 0.601456 0.178539
28.382632 0.70207586 5.728128 0.608722 0.179994
29.767150 0.69395877 5.702922 0.603456 0.182413
31.151669 0.68932043 5.701789 0.606841 0.181334
32.536188 0.67881389 5.692929 0.605507 0.181901
33.920706 0.67772458 5.653549 0.605822 0.186568
35.305225 0.67547569 5.625917 0.602309 0.188561
36.689743 0.67688125 5.626486 0.607443 0.187810
38.074262 0.68064112 5.653691 0.606838 0.185459
39.458781 0.68485779 5.652078 0.600653 0.187811
40.843299 0.69149905 5.677880 0.597152 0.185544
42.227818 0.69761322 5.696771 0.599593 0.182577
43.612337 0.69620766 5.677333 0.600647 0.184651
44.996855 0.68577140 5.642447 0.607944 0.185742
46.381374 0.68415501 5.655059 0.608365 0.185040
47.765892 0.68742293 5.665031 0.603819 0.185207
49.150411 0.69265863 5.680651 0.601728 0.184283
50.534930 0.69568058 5.685978 0.602668 0.185549
51.919448 0.69248294 5.700005 0.602971 0.182705
53.303967 0.69747266 5.708046 0.603457 0.181883
54.688486 0.69796461 5.702109 0.606538 0.181097
56.073004 0.69884308 5.693534 0.605417 0.183083
57.457523 0.68795001 5.701910 0.605054 0.182408
58.842041 0.69431016 5.710967 0.608032 0.180017
60.226560 0.69898364 5.709230 0.606529 0.181674
61.611079 0.70337600 5.721936 0.605548 0.179248
62.995597 0.69965128 5.716689 0.607988 0.180678
64.380116 0.69782405 5.712976 0.611629 0.180540
65.764635 0.69462641 5.703106 0.606162 0.182094
67.149153 0.69311544 5.706515 0.607384 0.181230
68.533672 0.69002321 5.696491 0.602432 0.182516
69.918190 0.68664987 5.710762 0.601956 0.181113
71.302709 0.69381821 5.704432 0.604428 0.182155
72.687228 0.69996753 5.690261 0.604225 0.182865
74.071746 0.69912419 5.705267 0.607202 0.181098
75.456265 0.69546974 5.690430 0.604794 0.182674
76.840784 0.68686071 5.661534 0.606471 0.184375
78.225302 0.67505403 5.632346 0.605644 0.187233
79.609821 0.66669096 5.622991 0.601144 0.188627
80.994339 0.66602332 5.591907 0.599765 0.192605
82.378858 0.66718290 5.587139 0.599773 0.193490
