# Layer profile at T = 0.280000
# input   = perfect_Sigma21_theta21.7868deg.dat
# seed    = 5
# n_samples = 1000
# Lx = 73.764434  Ly = 18.251964
# columns : x rho coord psi6 psi4
0.614704 0.87891239 5.999899 0.921502 0.070504
1.844111 0.86572113 5.999846 0.919487 0.070788
3.073518 0.86741460 5.999846 0.920259 0.070931
4.302925 0.88024934 5.999747 0.920619 0.070886
5.532333 0.87806565 5.999797 0.920094 0.071160
6.761740 0.86643417 5.999743 0.919421 0.071188
7.991147 0.86982112 5.999898 0.920575 0.070980
9.220554 0.87980369 5.999645 0.920491 0.070765
10.449961 0.87485697 5.999898 0.921000 0.070675
11.679369 0.86616678 5.999691 0.920605 0.070531
12.908776 0.87280698 5.999796 0.920457 0.070505
14.138183 0.88073956 5.999646 0.920375 0.070872
15.367590 0.86982112 5.999846 0.922044 0.070490
16.596998 0.86656787 5.999897 0.921957 0.070445
17.826405 0.88029391 5.999899 0.921354 0.070600
19.055812 0.87597110 5.999847 0.921012 0.070598
20.285219 0.86741460 5.999794 0.919975 0.071518
21.514627 0.86964286 5.999385 0.920320 0.070781
22.744034 0.87712979 5.999543 0.920663 0.070713
23.973441 0.87802109 5.999492 0.921055 0.070565
25.202848 0.86835047 5.999743 0.920731 0.070620
26.432256 0.87008851 5.999641 0.919885 0.070333
27.661663 0.87926891 5.999848 0.920414 0.070861
28.891070 0.87472327 5.999592 0.920317 0.070670
30.120477 0.86794938 5.999846 0.920541 0.070669
31.349884 0.87316350 5.999847 0.922293 0.070548
32.579292 0.87989282 5.999797 0.922040 0.070561
33.808699 0.87142546 5.999847 0.922802 0.070382
35.038106 0.86933090 5.999692 0.921142 0.069895
36.267513 0.87632762 5.999695 0.920856 0.070784
37.496921 0.87539175 5.999695 0.921012 0.070607
38.726328 0.87298524 5.999490 0.921182 0.070381
39.955735 0.87084611 5.999642 0.922069 0.070401
41.185142 0.87494610 5.999593 0.922427 0.070250
42.414550 0.87712979 5.999797 0.921099 0.070874
43.643957 0.86937547 5.999539 0.920672 0.070307
44.873364 0.87334176 5.999745 0.921052 0.070148
46.102771 0.87775370 5.999848 0.920950 0.070704
47.332179 0.87352002 5.999745 0.920987 0.070747
48.561586 0.87182654 5.999744 0.920285 0.070572
49.790993 0.87343089 5.999796 0.920315 0.070892
51.020400 0.87926891 5.999848 0.920355 0.071146
52.249807 0.87053416 5.999949 0.921041 0.070819
53.479215 0.86915264 5.999795 0.921578 0.070515
54.708622 0.87570371 5.999644 0.921563 0.070643
55.938029 0.87882326 5.999949 0.921120 0.070324
57.167436 0.86999938 5.999590 0.921504 0.070651
58.396844 0.87111350 5.999642 0.921543 0.070432
59.626251 0.87499066 5.999593 0.921738 0.070406
60.855658 0.87864500 5.999797 0.920721 0.071034
62.085065 0.86866242 5.999846 0.920348 0.070851
63.314473 0.87356458 5.999541 0.921218 0.070336
64.543880 0.87828848 5.999493 0.920111 0.070676
65.773287 0.87253959 5.999642 0.920317 0.070707
67.002694 0.86794938 5.999538 0.921511 0.070144
68.232102 0.87748631 5.999949 0.921780 0.069939
69.461509 0.87641675 5.999949 0.921230 0.070598
70.690916 0.87008851 5.999590 0.921221 0.070417
71.920323 0.86999938 5.999539 0.920765 0.070380
73.149730 0.87837761 5.999645 0.922195 0.070960
