# Layer profile at T = 0.380000
# input   = bicrystal_Sigma21_theta21.7868deg.dat
# seed    = 5000797
# n_samples = 1000
# Lx = 75.623087  Ly = 18.711861
# columns : x rho coord psi6 psi4
0.630192 0.81075655 5.808692 0.782875 0.135009
1.890577 0.80817007 5.798846 0.778823 0.136477
3.150962 0.80554118 5.794557 0.776914 0.136723
4.411347 0.80800046 5.796757 0.774638 0.137094
5.671731 0.81202859 5.808365 0.780397 0.134450
6.932116 0.81359744 5.827392 0.787724 0.130508
8.192501 0.81826159 5.854182 0.793209 0.126594
9.452886 0.82190811 5.872163 0.800603 0.123123
10.713271 0.82525782 5.886862 0.807975 0.118447
11.973655 0.82623305 5.894386 0.811104 0.117523
13.234040 0.82856512 5.899391 0.815440 0.116256
14.494425 0.82686907 5.909030 0.819692 0.113660
15.754810 0.83195723 5.908211 0.823440 0.113134
17.015194 0.82712348 5.901779 0.825572 0.113354
18.275579 0.83115161 5.904602 0.828768 0.112742
19.535964 0.83144842 5.922485 0.832889 0.108888
20.796349 0.83988629 5.945022 0.840415 0.105220
22.056734 0.84192155 5.963084 0.846046 0.101450
23.317118 0.84416883 5.971370 0.846927 0.100015
24.577503 0.84514406 5.971955 0.846706 0.099814
25.837888 0.84230317 5.975585 0.848464 0.098616
27.098273 0.84493205 5.982135 0.852191 0.098205
28.358657 0.84696732 5.982728 0.852670 0.097829
29.619042 0.84306639 5.976714 0.851735 0.098481
30.879427 0.84399922 5.966089 0.850087 0.100172
32.139812 0.84035270 5.962864 0.846798 0.100974
33.400197 0.84306639 5.965498 0.845524 0.100996
34.660581 0.84162474 5.958184 0.844588 0.102372
35.920966 0.84137034 5.953233 0.841464 0.103184
37.181351 0.84039510 5.942684 0.836715 0.105371
38.441736 0.83522214 5.929536 0.837673 0.106905
39.702120 0.83662138 5.924940 0.835182 0.108453
40.962505 0.83492533 5.921182 0.834248 0.108352
42.222890 0.83462852 5.911959 0.831233 0.109630
43.483275 0.83149082 5.909791 0.829453 0.110975
44.743660 0.83403490 5.917895 0.829768 0.110101
46.004044 0.83615497 5.928651 0.828304 0.109867
47.264429 0.83462852 5.927149 0.827822 0.109592
48.524814 0.83339888 5.922869 0.824866 0.111273
49.785199 0.83246605 5.918963 0.823014 0.111838
51.045583 0.82915874 5.908924 0.816552 0.114666
52.305968 0.82559703 5.887628 0.809744 0.117689
53.566353 0.82542742 5.870293 0.806316 0.120304
54.826738 0.82173850 5.861971 0.806931 0.122359
56.087123 0.82110248 5.869972 0.804550 0.121529
57.347507 0.82216252 5.872976 0.802242 0.123048
58.607892 0.82245933 5.871011 0.799293 0.124489
59.868277 0.81754077 5.848607 0.795040 0.128239
61.128662 0.81474228 5.837106 0.790152 0.130536
62.389046 0.81618392 5.829186 0.788153 0.130754
63.649431 0.81283422 5.836724 0.786371 0.130293
64.909816 0.81249500 5.832168 0.789003 0.130231
66.170201 0.81376705 5.828887 0.788246 0.131029
67.430586 0.81291902 5.813217 0.785687 0.132210
68.690970 0.80638921 5.813387 0.787431 0.132020
69.951355 0.81622633 5.825870 0.785645 0.130297
71.211740 0.81296142 5.835602 0.786801 0.130202
72.472125 0.80969651 5.832897 0.783771 0.132049
73.732509 0.81508149 5.823805 0.779466 0.132784
74.992894 0.81147737 5.821559 0.784741 0.133197
