# Density profile (accumulated) at T = 0.360000
# columns : x rho
0.622557 0.85305350
1.867672 0.85122870
3.112787 0.85049009
4.357901 0.85179352
5.603016 0.85257558
6.848131 0.85088112
8.093245 0.85018595
9.338360 0.85135904
10.583474 0.85353143
11.828589 0.84679703
13.073704 0.85409625
14.318818 0.85014250
15.563933 0.84918665
16.809048 0.85500865
18.054162 0.85079422
19.299277 0.85287971
20.544392 0.84927355
21.789506 0.85261903
23.034621 0.85192386
24.279735 0.85192386
25.524850 0.85083767
26.769965 0.85105491
28.015079 0.85235834
29.260194 0.85066388
30.505309 0.85292316
31.750423 0.85035974
32.995538 0.85374867
34.240653 0.84657979
35.485767 0.85361833
36.730882 0.85544313
37.975996 0.85227144
39.221111 0.84962113
40.466226 0.85444383
41.711340 0.85027285
42.956455 0.85079422
44.201570 0.85257558
45.446684 0.85305350
46.691799 0.85314040
47.936914 0.85183697
49.182028 0.84692737
50.427143 0.85596450
51.672257 0.85209765
52.917372 0.85005561
54.162487 0.85153283
55.407601 0.85466107
56.652716 0.85096801
57.897831 0.84918665
59.142945 0.85140249
60.388060 0.85379212
61.633175 0.85257558
62.878289 0.84866528
64.123404 0.85118525
65.368518 0.85157628
66.613633 0.85227144
67.858748 0.84892597
69.103862 0.85192386
70.348977 0.85166318
71.594092 0.84923010
72.839206 0.85196731
74.084321 0.85266247
