# Density profile (accumulated) at T = 0.340000
# columns : x rho
0.619463 0.86264943
1.858390 0.85984093
3.097316 0.85720796
4.336243 0.86207895
5.575170 0.86155236
6.814096 0.85988481
8.053023 0.86041141
9.291949 0.86063082
10.530876 0.86400980
11.769803 0.85554041
13.008729 0.86260555
14.247656 0.86207895
15.486582 0.85852444
16.725509 0.85755902
17.964436 0.86365874
19.203362 0.85935822
20.442289 0.85685689
21.681215 0.86133295
22.920142 0.86264943
24.159069 0.85966540
25.397995 0.85589147
26.636922 0.86273720
27.875848 0.86054305
29.114775 0.85883162
30.353702 0.85905104
31.592628 0.86115741
32.831555 0.86137683
34.070481 0.85650583
35.309408 0.85764679
36.548335 0.86637948
37.787261 0.85953375
39.026188 0.85422392
40.265114 0.86102577
41.504041 0.86264943
42.742968 0.85896327
43.981894 0.85593535
45.220821 0.85992869
46.459747 0.86409757
47.698674 0.85795397
48.937601 0.85826115
50.176527 0.86120130
51.415454 0.86190342
52.654380 0.85795397
53.893307 0.85913880
55.132234 0.86133295
56.371160 0.86098188
57.610087 0.86058694
58.849013 0.85668136
60.087940 0.86260555
61.326867 0.86146459
62.565793 0.85751514
63.804720 0.86168401
65.043646 0.86063082
66.282573 0.86102577
67.521499 0.85997258
68.760426 0.86089412
69.999353 0.85953375
71.238279 0.85782232
72.477206 0.86269331
73.716132 0.85984093
