# Density profile (accumulated) at T = 0.440000
# columns : x rho
0.760797 0.58055154
2.282390 0.56734330
3.803983 0.54092682
5.325576 0.52510021
6.847169 0.50240764
8.368763 0.48934487
9.890356 0.48937396
11.411949 0.49193415
12.933542 0.51581953
14.455135 0.54438889
15.976729 0.57089265
17.498322 0.58849394
19.019915 0.59998568
20.541508 0.59099594
22.063101 0.58631196
23.584695 0.57298735
25.106288 0.54936380
26.627881 0.52379102
28.149474 0.51218290
29.671067 0.50304769
31.192661 0.50255311
32.714254 0.49429068
34.235847 0.49551259
35.757440 0.49245782
37.279033 0.49816006
38.800627 0.50860446
40.322220 0.52841682
41.843813 0.54971292
43.365406 0.56716874
44.886999 0.58026061
46.408592 0.58456638
47.930186 0.59399252
49.451779 0.59867650
50.973372 0.59629087
52.494965 0.60653162
54.016558 0.61840158
55.538152 0.62331830
57.059745 0.61866341
58.581338 0.61636506
60.102931 0.62424928
61.624524 0.62672219
63.146118 0.62096176
64.667711 0.61200111
66.189304 0.61048827
67.710897 0.60990641
69.232490 0.61194292
70.754084 0.60109122
72.275677 0.60557155
73.797270 0.59975294
75.318863 0.59704729
76.840456 0.58468275
78.362050 0.57548935
79.883643 0.57676944
81.405236 0.59143233
82.926829 0.59949110
84.448422 0.61133197
85.970016 0.61278662
87.491609 0.61805246
89.013202 0.60923727
90.534795 0.59521443
