# Density profile (accumulated) at T = 0.320000
# columns : x rho
0.617451 0.86474857
1.852352 0.86519026
3.087254 0.86452772
4.322155 0.86903300
5.557057 0.86532277
6.791958 0.86382101
8.026860 0.86386518
9.261761 0.86881215
10.496663 0.86461606
11.731564 0.86373267
12.966466 0.86483691
14.201367 0.86938636
15.436269 0.86669202
16.671170 0.86068498
17.906072 0.86920968
19.140973 0.86890049
20.375875 0.85966909
21.610776 0.86576447
22.845678 0.86611782
24.080579 0.87000473
25.315481 0.85984577
26.550382 0.86744290
27.785284 0.86934219
29.020185 0.86488108
30.255087 0.86161254
31.489988 0.86664785
32.724890 0.87035808
33.959791 0.86209840
35.194693 0.86240759
36.429594 0.86907717
37.664496 0.86951886
38.899397 0.86174505
40.134299 0.86351183
41.369200 0.86832629
42.604102 0.86735456
43.839003 0.86470440
45.073905 0.86258427
46.308806 0.86810544
47.543708 0.86841463
48.778609 0.86024329
50.013511 0.86638284
51.248412 0.87102062
52.483314 0.86474857
53.718215 0.86240759
54.953117 0.86704538
56.188018 0.86806127
57.422920 0.86064081
58.657821 0.86435104
59.892723 0.86956303
61.127624 0.86479274
62.362526 0.86549945
63.597427 0.86360016
64.832329 0.86779626
66.067230 0.87031391
67.302132 0.86280512
68.537033 0.86302596
69.771935 0.87004890
71.006836 0.86607365
72.241738 0.86240759
73.476639 0.86947470
