# Density profile (accumulated) at T = 0.340000
# columns : x rho
0.621042 0.84202870
1.863125 0.84063158
3.105208 0.85224517
4.347291 0.85735340
5.589375 0.85573797
6.831458 0.85477745
8.073541 0.85696046
9.315625 0.85988568
10.557708 0.85429719
11.799791 0.86001666
13.041874 0.85661118
14.283958 0.85958006
15.526041 0.85595627
16.768124 0.85420987
18.010208 0.86237431
19.252291 0.85757170
20.494374 0.85595627
21.736457 0.85857588
22.978541 0.86163209
24.220624 0.85717876
25.462707 0.85290007
26.704790 0.85691680
27.946874 0.86014764
29.188957 0.85582529
30.431040 0.85412255
31.673124 0.86215601
32.915207 0.85949274
34.157290 0.85372961
35.399373 0.85818294
36.641457 0.85787732
37.883540 0.85189589
39.125623 0.84958190
40.367706 0.85202687
41.609790 0.85412255
42.851873 0.85198321
44.093956 0.85303105
45.336040 0.85796464
46.578123 0.85076072
47.820206 0.84700595
49.062289 0.85049876
50.304373 0.85036778
51.546456 0.84910164
52.788539 0.84770452
54.030623 0.84879602
55.272706 0.84036962
56.514789 0.84167942
57.756872 0.84429903
58.998956 0.84133014
60.241039 0.84019498
61.483122 0.84189772
62.725205 0.84137380
63.967289 0.84063158
65.209372 0.84491027
66.451455 0.84215968
67.693539 0.84552151
68.935622 0.84678765
70.177705 0.84491027
71.419788 0.84495393
72.661872 0.84076256
73.903955 0.84076256
