# Density profile (accumulated) at T = 0.400000
# columns : x rho
0.630879 0.82870970
1.892636 0.83090978
3.154393 0.82997897
4.416151 0.82913279
5.677908 0.82997897
6.939665 0.83069823
8.201423 0.82892124
9.463180 0.82934434
10.724937 0.83014821
11.986695 0.82993666
13.248452 0.82883663
14.510209 0.83014821
15.771966 0.83150210
17.033724 0.82693271
18.295481 0.83310985
19.557238 0.83336371
20.818996 0.82570575
22.080753 0.82947126
23.342510 0.83133287
24.604268 0.82989436
25.866025 0.82519804
27.127782 0.83154441
28.389540 0.82697502
29.651297 0.82760966
30.913054 0.83057130
32.174812 0.83137518
33.436569 0.82866739
34.698326 0.82693271
35.960084 0.83086747
37.221841 0.83010590
38.483598 0.83065592
39.745355 0.82735581
41.007113 0.82968281
42.268870 0.83175596
43.530627 0.82879432
44.792385 0.82997897
46.054142 0.82892124
47.315899 0.82612884
48.577657 0.83327909
49.839414 0.83061361
51.101171 0.82972512
52.362929 0.82676348
53.624686 0.83205212
54.886443 0.83090978
56.148201 0.82769428
57.409958 0.82870970
58.671715 0.83230598
59.933473 0.82731350
61.195230 0.82587498
62.456987 0.82549420
63.718745 0.82705964
64.980502 0.82557882
66.242259 0.82845584
67.504016 0.83078285
68.765774 0.82803275
70.027531 0.82807506
71.289288 0.82841353
72.551046 0.82773659
73.812803 0.83277138
75.074560 0.82676348
