# Density profile (accumulated) at T = 0.380000
# columns : x rho
0.630192 0.81075655
1.890577 0.80817007
3.150962 0.80554118
4.411347 0.80800046
5.671731 0.81202859
6.932116 0.81359744
8.192501 0.81826159
9.452886 0.82190811
10.713271 0.82525782
11.973655 0.82623305
13.234040 0.82856512
14.494425 0.82686907
15.754810 0.83195723
17.015194 0.82712348
18.275579 0.83115161
19.535964 0.83144842
20.796349 0.83988629
22.056734 0.84192155
23.317118 0.84416883
24.577503 0.84514406
25.837888 0.84230317
27.098273 0.84493205
28.358657 0.84696732
29.619042 0.84306639
30.879427 0.84399922
32.139812 0.84035270
33.400197 0.84306639
34.660581 0.84162474
35.920966 0.84137034
37.181351 0.84039510
38.441736 0.83522214
39.702120 0.83662138
40.962505 0.83492533
42.222890 0.83462852
43.483275 0.83149082
44.743660 0.83403490
46.004044 0.83615497
47.264429 0.83462852
48.524814 0.83339888
49.785199 0.83246605
51.045583 0.82915874
52.305968 0.82559703
53.566353 0.82542742
54.826738 0.82173850
56.087123 0.82110248
57.347507 0.82216252
58.607892 0.82245933
59.868277 0.81754077
61.128662 0.81474228
62.389046 0.81618392
63.649431 0.81283422
64.909816 0.81249500
66.170201 0.81376705
67.430586 0.81291902
68.690970 0.80638921
69.951355 0.81622633
71.211740 0.81296142
72.472125 0.80969651
73.732509 0.81508149
74.992894 0.81147737
