# Density profile (accumulated) at T = 0.300000
# columns : x rho
0.617080 0.83735167
1.851241 0.84628460
3.085402 0.86096645
4.319563 0.86923604
5.553724 0.86587514
6.787885 0.86406202
8.022046 0.87441007
9.256207 0.86795359
10.490368 0.86185090
11.724529 0.87131450
12.958690 0.87295073
14.192851 0.86746715
15.427011 0.86335446
16.661172 0.87131450
17.895333 0.87295073
19.129494 0.86636159
20.363655 0.86578670
21.597816 0.87303917
22.831977 0.87202206
24.066138 0.86605203
25.300299 0.86751137
26.534460 0.87648852
27.768621 0.86702492
29.002782 0.86291224
30.236942 0.86698070
31.471103 0.86556558
32.705264 0.85344864
33.939425 0.84884951
35.173586 0.84402926
36.407747 0.83633456
37.641908 0.83381388
38.876069 0.84389659
40.110230 0.84526749
41.344391 0.85645576
42.578552 0.86857271
43.812713 0.87356984
45.046873 0.86379669
46.281034 0.86733448
47.515195 0.87578096
48.749356 0.86746715
49.983517 0.86720181
51.217678 0.87003205
52.451839 0.86941293
53.686000 0.86605203
54.920161 0.87140294
56.154322 0.87184517
57.388483 0.87051849
58.622644 0.86640581
59.856805 0.86901493
61.090965 0.87471963
62.325126 0.86675959
63.559287 0.86388513
64.793448 0.87396784
66.027609 0.87038583
67.261770 0.86158556
68.495931 0.86530025
69.730092 0.85835733
70.964253 0.83310632
72.198414 0.82417339
73.432575 0.83040875
