# Density profile (accumulated) at T = 0.280000
# columns : x rho
0.615499 0.84815014
1.846497 0.85984048
3.077495 0.86428548
4.308492 0.87073073
5.539490 0.87517573
6.770488 0.87264208
8.001486 0.86873048
9.232484 0.87602028
10.463481 0.87553133
11.694479 0.86970838
12.925477 0.87064183
14.156475 0.87504238
15.387473 0.87477568
16.618470 0.87046403
17.849468 0.87246428
19.080466 0.87562023
20.311464 0.87522018
21.542462 0.86828598
22.773459 0.87419783
24.004457 0.87770938
25.235455 0.87148638
26.466453 0.86819708
27.697451 0.87602028
28.928448 0.87677593
30.159446 0.87015288
31.390444 0.86877493
32.621442 0.86926388
33.852440 0.86441883
35.083437 0.84494974
36.314435 0.82636965
37.545433 0.81867980
38.776431 0.84277169
40.007429 0.86037388
41.238426 0.87153083
42.469424 0.86833043
43.700422 0.87241983
44.931420 0.87508683
46.162418 0.87224203
47.393415 0.87188643
48.624413 0.87033068
49.855411 0.87824278
51.086409 0.87028623
52.317407 0.87286433
53.548404 0.87499793
54.779402 0.87264208
56.010400 0.87482013
57.241398 0.87037513
58.472396 0.87708708
59.703393 0.87170863
60.934391 0.87330883
62.165389 0.87393113
63.396387 0.87219758
64.627385 0.86788593
65.858382 0.87019733
67.089380 0.86739698
68.320378 0.86184073
69.551376 0.84637214
70.782374 0.84326064
72.013372 0.84926139
73.244369 0.84250499
