# Density profile (accumulated) at T = 0.360000
# columns : x rho
0.623291 0.84922575
1.869873 0.84311403
3.116455 0.83960304
4.363037 0.83600536
5.609619 0.84116348
6.856202 0.83999315
8.102784 0.84632160
9.349366 0.83960304
10.595948 0.84493454
11.842530 0.84229047
13.089112 0.84159694
14.335694 0.84658167
15.582276 0.84151025
16.828858 0.83596202
18.075441 0.83006702
19.322023 0.83223430
20.568605 0.82915677
21.815187 0.82802978
23.061769 0.83895286
24.308351 0.83652551
25.554933 0.83565860
26.801515 0.83262441
28.048097 0.83903955
29.294680 0.83691562
30.541262 0.83509511
31.787844 0.83782588
33.034426 0.84003650
34.281008 0.84194370
35.527590 0.83795591
36.774172 0.84562807
38.020754 0.85039608
39.267336 0.84740524
40.513919 0.84671171
41.760501 0.85564089
43.007083 0.85082954
44.253665 0.85061281
45.500247 0.85442722
46.746829 0.85147972
47.993411 0.85538082
49.239993 0.85182648
50.486575 0.85265005
51.733158 0.85421049
52.979740 0.85204321
54.226322 0.85199987
55.472904 0.85607435
56.719486 0.85265005
57.966068 0.84987593
59.212650 0.85360365
60.459232 0.85629107
61.705814 0.85009266
62.952397 0.85204321
64.198979 0.85975872
65.445561 0.84835884
66.692143 0.85438387
67.938725 0.85429718
69.185307 0.84866226
70.431889 0.84965921
71.678471 0.84671171
72.925053 0.84623491
74.171635 0.84437105
