# Density profile (accumulated) at T = 0.380000
# columns : x rho
0.625677 0.84375183
1.877030 0.84474119
3.128383 0.84220327
4.379736 0.83983741
5.631089 0.84474119
6.882442 0.84874165
8.133795 0.84061169
9.385148 0.84297755
10.636501 0.84663388
11.887854 0.83949329
13.139208 0.84289152
14.390561 0.84327866
15.641914 0.84314961
16.893267 0.84444008
18.144620 0.84151502
19.395973 0.84259041
20.647326 0.84297755
21.898679 0.84392390
23.150032 0.84362279
24.401385 0.84405294
25.652738 0.84284851
26.904092 0.84228930
28.155445 0.84400993
29.406798 0.84065471
30.658151 0.84250438
31.909504 0.84276247
33.160857 0.84607468
34.412210 0.84022455
35.663563 0.84306358
36.914916 0.84310660
38.166269 0.84366580
39.417623 0.84521437
40.668976 0.83996646
41.920329 0.84465516
43.171682 0.84263343
44.423035 0.84250438
45.674388 0.84607468
46.925741 0.84198819
48.177094 0.84065471
49.428447 0.84263343
50.679800 0.84314961
51.931153 0.84388088
53.182507 0.84211724
54.433860 0.84297755
55.685213 0.84254740
56.936566 0.84530040
58.187919 0.84078375
59.439272 0.84173010
60.690625 0.84547246
61.941978 0.84276247
63.193331 0.84198819
64.444684 0.84289152
65.696038 0.84314961
66.947391 0.84413897
68.198744 0.84271946
69.450097 0.84117090
70.701450 0.84357977
71.952803 0.84530040
73.204156 0.84362279
74.455509 0.84340771
