# Density profile (accumulated) at T = 0.420000
# columns : x rho
0.692259 0.66795596
2.076778 0.66085790
3.461297 0.65527081
4.845815 0.64581843
6.230334 0.64757538
7.614852 0.64884038
8.999371 0.66901013
10.383890 0.69427502
11.768408 0.70523837
13.152927 0.70583573
14.537446 0.70365712
15.921964 0.70397337
17.306483 0.70759268
18.691001 0.70337600
20.075520 0.70903337
21.460039 0.70681962
22.844557 0.70502753
24.229076 0.70558976
25.613595 0.70168934
26.998113 0.70172447
28.382632 0.70207586
29.767150 0.69395877
31.151669 0.68932043
32.536188 0.67881389
33.920706 0.67772458
35.305225 0.67547569
36.689743 0.67688125
38.074262 0.68064112
39.458781 0.68485779
40.843299 0.69149905
42.227818 0.69761322
43.612337 0.69620766
44.996855 0.68577140
46.381374 0.68415501
47.765892 0.68742293
49.150411 0.69265863
50.534930 0.69568058
51.919448 0.69248294
53.303967 0.69747266
54.688486 0.69796461
56.073004 0.69884308
57.457523 0.68795001
58.842041 0.69431016
60.226560 0.69898364
61.611079 0.70337600
62.995597 0.69965128
64.380116 0.69782405
65.764635 0.69462641
67.149153 0.69311544
68.533672 0.69002321
69.918190 0.68664987
71.302709 0.69381821
72.687228 0.69996753
74.071746 0.69912419
75.456265 0.69546974
76.840784 0.68686071
78.225302 0.67505403
79.609821 0.66669096
80.994339 0.66602332
82.378858 0.66718290
