# Density profile (accumulated) at T = 0.280000
# columns : x rho
0.614704 0.87891239
1.844111 0.86572113
3.073518 0.86741460
4.302925 0.88024934
5.532333 0.87806565
6.761740 0.86643417
7.991147 0.86982112
9.220554 0.87980369
10.449961 0.87485697
11.679369 0.86616678
12.908776 0.87280698
14.138183 0.88073956
15.367590 0.86982112
16.596998 0.86656787
17.826405 0.88029391
19.055812 0.87597110
20.285219 0.86741460
21.514627 0.86964286
22.744034 0.87712979
23.973441 0.87802109
25.202848 0.86835047
26.432256 0.87008851
27.661663 0.87926891
28.891070 0.87472327
30.120477 0.86794938
31.349884 0.87316350
32.579292 0.87989282
33.808699 0.87142546
35.038106 0.86933090
36.267513 0.87632762
37.496921 0.87539175
38.726328 0.87298524
39.955735 0.87084611
41.185142 0.87494610
42.414550 0.87712979
43.643957 0.86937547
44.873364 0.87334176
46.102771 0.87775370
47.332179 0.87352002
48.561586 0.87182654
49.790993 0.87343089
51.020400 0.87926891
52.249807 0.87053416
53.479215 0.86915264
54.708622 0.87570371
55.938029 0.87882326
57.167436 0.86999938
58.396844 0.87111350
59.626251 0.87499066
60.855658 0.87864500
62.085065 0.86866242
63.314473 0.87356458
64.543880 0.87828848
65.773287 0.87253959
67.002694 0.86794938
68.232102 0.87748631
69.461509 0.87641675
70.690916 0.87008851
71.920323 0.86999938
73.149730 0.87837761
