# Density profile (accumulated) at T = 0.440000
# columns : x rho
0.764437 0.57483402
2.293310 0.58615895
3.822184 0.58601487
5.351057 0.57336437
6.879930 0.55278930
8.408804 0.54088804
9.937677 0.53800637
11.466551 0.52846807
12.995424 0.49668334
14.524297 0.48861468
16.053171 0.49570357
17.582044 0.50864223
19.110918 0.53158027
20.639791 0.56546862
22.168665 0.57915651
23.697538 0.58425706
25.226411 0.57999220
26.755285 0.57296094
28.284158 0.56045452
29.813032 0.55258759
31.341905 0.54316455
32.870778 0.55140610
34.399652 0.55569978
35.928525 0.56440240
37.457399 0.56198181
38.986272 0.56189536
40.515146 0.58206699
42.044019 0.58376717
43.572892 0.58808967
45.101766 0.59376654
46.630639 0.58471812
48.159513 0.57725462
49.688386 0.56166482
51.217259 0.53910141
52.746133 0.51705669
54.275006 0.49930565
55.803880 0.50155334
57.332753 0.53019707
58.861627 0.55051279
60.390500 0.55374025
61.919373 0.57077088
63.448247 0.59768560
64.977120 0.58955931
66.505994 0.57898361
68.034867 0.56471938
69.563740 0.56454649
71.092614 0.56258695
72.621487 0.56587205
74.150361 0.57417124
75.679234 0.57696645
77.208108 0.58437232
78.736981 0.58823375
80.265854 0.58123131
81.794728 0.57811912
83.323601 0.59019328
84.852475 0.59575489
86.381348 0.59921288
87.910221 0.59494802
89.439095 0.58347901
90.967968 0.57607313
