# Density profile (accumulated) at T = 0.420000
# columns : x rho
0.680654 0.69696105
2.041963 0.70870126
3.403271 0.70368532
4.764579 0.70917377
6.125888 0.70957359
7.487196 0.72065955
8.848504 0.72305847
10.209813 0.71248139
11.571121 0.71128192
12.932429 0.72051416
14.293738 0.72244057
15.655046 0.72607531
17.016355 0.73239975
18.377663 0.72534836
19.738971 0.72760190
21.100280 0.72894675
22.461588 0.72851058
23.822896 0.72858328
25.184205 0.72036877
26.545513 0.72313117
27.906821 0.72338560
29.268130 0.72338560
30.629438 0.73025525
31.990747 0.72371273
33.352055 0.72378542
34.713363 0.72433063
36.074672 0.72545740
37.435980 0.71549822
38.797288 0.70946455
40.158597 0.70521191
41.519905 0.70201334
42.881213 0.69230859
44.242522 0.68707456
45.603830 0.67398951
46.965139 0.65894169
48.326447 0.65530695
49.687755 0.64691071
51.049064 0.64774670
52.410372 0.66272182
53.771680 0.68224036
55.132989 0.70550269
56.494297 0.71804253
57.855605 0.71884218
59.216914 0.70793796
60.578222 0.71884218
61.939531 0.71967817
63.300839 0.71193617
64.662147 0.71248139
66.023456 0.71989625
67.384764 0.71782445
68.746072 0.70775623
70.107381 0.70826509
71.468689 0.71833331
72.829997 0.71030054
74.191306 0.71171809
75.552614 0.70477574
76.913923 0.70150448
78.275231 0.70673850
79.636539 0.71066402
80.997848 0.70215873
