# Density profile (accumulated) at T = 0.320000
# columns : x rho
0.618983 0.85229813
1.856949 0.85317715
3.094914 0.86609875
4.332880 0.86042907
5.570846 0.86390120
6.808811 0.86719753
8.046777 0.86798865
9.284743 0.85722065
10.522708 0.86306613
11.760674 0.87049385
12.998640 0.86324194
14.236606 0.85972585
15.474571 0.86535159
16.712537 0.86825235
17.950503 0.86170365
19.188468 0.86139599
20.426434 0.87115312
21.664400 0.86086858
22.902366 0.86025327
24.140331 0.86223106
25.378297 0.86574714
26.616263 0.84996873
27.854228 0.85194652
29.092194 0.85612187
30.330160 0.84746352
31.568125 0.82843273
32.806091 0.84557363
34.044057 0.85396827
35.282023 0.84421115
36.519988 0.84561758
37.757954 0.85436383
38.995920 0.84882600
40.233885 0.84451880
41.471851 0.85647348
42.709817 0.85871498
43.947783 0.86100043
45.185748 0.86469232
46.423714 0.86904347
47.661680 0.86139599
48.899645 0.86139599
50.137611 0.86943903
51.375577 0.86596690
52.613542 0.86148390
53.851508 0.86460442
55.089474 0.86926323
56.327440 0.86631851
57.565405 0.85906659
58.803371 0.86746123
60.041337 0.86543949
61.279302 0.85550656
62.517268 0.85366061
63.755234 0.85686904
64.993200 0.84623289
66.231165 0.84421115
67.469131 0.83801405
68.707097 0.84530992
69.945062 0.83142140
71.183028 0.83810195
72.420994 0.84469461
73.658959 0.85410012
