# Density profile (accumulated) at T = 0.300000
# columns : x rho
0.615852 0.87212960
1.847557 0.86911047
3.079261 0.87075323
4.310965 0.86853328
5.542670 0.87101963
6.774374 0.86951006
8.006078 0.87301758
9.237783 0.86946566
10.469487 0.86875528
11.701191 0.87128602
12.932896 0.87141922
14.164600 0.86848888
15.396304 0.87057564
16.628009 0.86973205
17.859713 0.87297318
19.091417 0.86808929
20.323122 0.86902167
21.554826 0.87283998
22.786531 0.87008725
24.018235 0.86848888
25.249939 0.87146362
26.481644 0.86986525
27.713348 0.87115282
28.945052 0.86893287
30.176757 0.87004285
31.408461 0.87079763
32.640165 0.87155241
33.871870 0.86942126
35.103574 0.86977645
36.335278 0.86964326
37.566983 0.87133042
38.798687 0.87119722
40.030391 0.86955446
41.262096 0.86862208
42.493800 0.87119722
43.725505 0.86835568
44.957209 0.86955446
46.188913 0.87377236
47.420618 0.86911047
48.652322 0.87066443
49.884026 0.86893287
51.115731 0.87070883
52.347435 0.87062003
53.579139 0.86826689
54.810844 0.87133042
56.042548 0.86999845
57.274252 0.87159681
58.505957 0.87159681
59.737661 0.86533655
60.969365 0.87115282
62.201070 0.87173001
63.432774 0.86795609
64.664479 0.87137482
65.896183 0.87164121
67.127887 0.87084203
68.359592 0.86937686
69.591296 0.86999845
70.823000 0.87017604
72.054705 0.87039804
73.286409 0.86888847
