# Density profile (accumulated) at T = 0.400000
# columns : x rho
0.665446 0.75321498
1.996339 0.74374608
3.327231 0.74017148
4.658124 0.73811798
5.989016 0.74876574
7.319908 0.74614183
8.650801 0.74382214
9.981693 0.74192075
11.312586 0.74089400
12.643478 0.74290947
13.974371 0.74245314
15.305263 0.74370806
16.636155 0.74131231
17.967048 0.73857431
19.297940 0.74462072
20.628833 0.74496297
21.959725 0.74656013
23.290618 0.74690238
24.621510 0.75074318
25.952402 0.74656013
27.283295 0.73853629
28.614187 0.74359397
29.945080 0.74188272
31.275972 0.74058978
32.606865 0.74462072
33.937757 0.74614183
35.268650 0.73701518
36.599542 0.73347860
37.930434 0.73705320
39.261327 0.72845894
40.592219 0.72796458
41.923112 0.73199552
43.254004 0.72918147
44.584897 0.72849697
45.915789 0.72518856
47.246681 0.72769839
48.577574 0.72887725
49.908466 0.73534196
51.239359 0.73393493
52.570251 0.73785179
53.901144 0.73705320
55.232036 0.74020951
56.562928 0.73397296
57.893821 0.74496297
59.224713 0.74503903
60.555606 0.74283342
61.886498 0.74735872
63.217391 0.74705449
64.548283 0.74640802
65.879176 0.75078121
67.210068 0.75272062
68.540960 0.74990657
69.871853 0.74773899
71.202745 0.75028685
72.533638 0.74610380
73.864530 0.74789110
75.195423 0.74192075
76.526315 0.74895588
77.857207 0.74336581
79.188100 0.74386017
