# Layer profile at T = 0.420000
# input   = bicrystal_Sigma147_theta16.4264deg.dat
# seed    = 7000815
# n_samples = 1000
# Lx = 94.467142  Ly = 54.540630
# columns : x rho coord psi6 psi4
0.787226 0.64714044 5.595167 0.590442 0.194612
2.361679 0.65020315 5.597879 0.593713 0.193693
3.936131 0.65599086 5.607126 0.594909 0.192677
5.510583 0.66020645 5.613109 0.596598 0.192373
7.085036 0.67018647 5.625421 0.592980 0.191419
8.659488 0.67763945 5.633580 0.593399 0.190711
10.233940 0.67886221 5.649284 0.593419 0.189531
11.808393 0.68962246 5.660244 0.593821 0.187620
13.382845 0.68637342 5.673974 0.592033 0.187111
14.957297 0.68823667 5.665567 0.594425 0.187535
16.531750 0.68488282 5.650139 0.596071 0.187991
18.106202 0.68226263 5.645211 0.595033 0.189423
19.680655 0.68071381 5.647894 0.590558 0.189869
21.255107 0.68483624 5.649793 0.592375 0.188931
22.829559 0.68873741 5.681078 0.591319 0.186967
24.404012 0.69274339 5.688840 0.593221 0.187008
25.978464 0.69568965 5.699197 0.593912 0.185142
27.552916 0.69472309 5.702415 0.593481 0.184818
29.127369 0.69447854 5.704558 0.594769 0.184038
30.701821 0.69433880 5.699953 0.596132 0.184225
32.276273 0.69214948 5.686234 0.595075 0.185877
33.850726 0.68747972 5.681867 0.592802 0.186024
35.425178 0.68792224 5.676113 0.593704 0.187103
36.999631 0.68703720 5.668000 0.594544 0.187880
38.574083 0.68789895 5.661898 0.594188 0.187712
40.148535 0.68416082 5.672681 0.591852 0.187861
41.722988 0.68339223 5.672023 0.590959 0.187532
43.297440 0.68919158 5.664425 0.591827 0.188222
44.871892 0.68572128 5.666836 0.592810 0.188721
46.446345 0.68720024 5.672417 0.591096 0.188837
48.020797 0.69351198 5.687287 0.589448 0.186945
49.595249 0.69149735 5.690906 0.590962 0.186410
51.169702 0.69246391 5.687722 0.590599 0.186905
52.744154 0.68993688 5.689971 0.592798 0.186266
54.318607 0.69226594 5.683494 0.595022 0.186212
55.893059 0.69534029 5.700770 0.592823 0.185066
57.467511 0.69483955 5.706387 0.593689 0.184224
59.041964 0.69370995 5.698355 0.595865 0.183840
60.616416 0.69258036 5.692600 0.593052 0.185491
62.190868 0.69202139 5.688414 0.594138 0.185799
63.765321 0.69110141 5.679978 0.592347 0.187076
65.339773 0.68812021 5.669572 0.592352 0.187410
66.914226 0.68388133 5.650870 0.590913 0.190060
68.488678 0.68250718 5.650679 0.589977 0.190175
70.063130 0.68322919 5.651423 0.589837 0.189973
71.637583 0.68546509 5.659169 0.589893 0.189497
73.212035 0.68631519 5.666310 0.593341 0.186826
74.786487 0.68482460 5.665550 0.592310 0.187751
76.360940 0.68754959 5.663065 0.594223 0.188718
77.935392 0.68159885 5.659918 0.592942 0.189097
79.509844 0.68101659 5.645229 0.594331 0.188830
81.084297 0.67770932 5.634133 0.593598 0.190293
82.658749 0.67871082 5.637864 0.591023 0.190284
84.233202 0.67486787 5.629245 0.590914 0.191520
85.807654 0.67931637 5.632581 0.591122 0.191064
87.382106 0.67816349 5.618752 0.590751 0.192218
88.956559 0.67269020 5.589682 0.591736 0.195680
90.531011 0.65273018 5.578616 0.591315 0.196165
92.105463 0.64764118 5.577696 0.591241 0.195614
93.679916 0.64921330 5.590073 0.592413 0.194323
