# Layer profile at T = 0.360000
# input   = perfect_Sigma147_theta16.4264deg.dat
# seed    = 4000029
# n_samples = 1000
# Lx = 84.723466  Ly = 48.915116
# columns : x rho coord psi6 psi4
0.706029 0.85057441 5.994451 0.873172 0.089741
2.118087 0.85054546 5.993855 0.873026 0.089642
3.530144 0.85278953 5.993566 0.873475 0.089352
4.942202 0.84979261 5.993628 0.873058 0.089612
6.354260 0.85102323 5.993910 0.873842 0.089199
7.766318 0.85226832 5.994037 0.873102 0.089638
9.178376 0.85102323 5.994012 0.872943 0.089695
10.590433 0.84893842 5.993502 0.873098 0.089695
12.002491 0.85248549 5.993343 0.873312 0.089769
13.414549 0.85050203 5.994195 0.872642 0.089535
14.826607 0.85121144 5.993894 0.873727 0.089603
16.238664 0.85031381 5.994960 0.873725 0.089688
17.650722 0.85199325 5.993577 0.873379 0.089714
19.062780 0.85092188 5.994743 0.873783 0.089324
20.474838 0.85108114 5.994012 0.872483 0.089529
21.886896 0.85134174 5.993997 0.872444 0.089422
23.298953 0.85041516 5.993650 0.873129 0.090545
24.711011 0.85139965 5.993470 0.872910 0.090177
26.123069 0.85115353 5.994081 0.873444 0.089216
27.535127 0.85058889 5.994298 0.873862 0.089629
28.947184 0.85011112 5.993886 0.873570 0.089525
30.359242 0.85197877 5.993373 0.873324 0.089238
31.771300 0.85122592 5.994370 0.873798 0.089118
33.183358 0.85284744 5.994636 0.874269 0.089444
34.595415 0.84989396 5.993646 0.873921 0.089137
36.007473 0.85105218 5.994709 0.874099 0.089248
37.419531 0.85082054 5.994385 0.873302 0.089462
38.831589 0.85213802 5.993867 0.873055 0.089290
40.243647 0.85206563 5.994019 0.872441 0.089532
41.655704 0.85122592 5.994047 0.873412 0.089392
43.067762 0.84928589 5.994409 0.874216 0.089324
44.479820 0.85277505 5.993973 0.873135 0.089659
45.891878 0.85252893 5.994022 0.872938 0.089285
47.303935 0.85076263 5.993550 0.873721 0.089377
48.715993 0.85108114 5.994318 0.873673 0.089100
50.128051 0.85209459 5.993968 0.873861 0.089412
51.540109 0.85129831 5.994048 0.873436 0.089074
52.952167 0.85137070 5.993742 0.873583 0.089490
54.364224 0.85209459 5.993645 0.874210 0.089143
55.776282 0.85112457 5.994948 0.874567 0.089004
57.188340 0.85206563 5.994036 0.874722 0.089031
58.600398 0.85257236 5.994294 0.874116 0.089334
60.012455 0.85034277 5.994058 0.874080 0.089591
61.424513 0.85167473 5.993948 0.874816 0.089424
62.836571 0.85116801 5.993877 0.874118 0.089099
64.248629 0.85181951 5.994085 0.875047 0.089170
65.660687 0.85113905 5.993060 0.875243 0.089259
67.072744 0.85333969 5.993536 0.873551 0.089338
68.484802 0.85067576 5.994469 0.873790 0.088776
69.896860 0.85064680 5.994060 0.873458 0.089318
71.308918 0.85071919 5.994248 0.873230 0.089601
72.720975 0.85113905 5.994081 0.873024 0.089644
74.133033 0.85264475 5.993531 0.873501 0.089597
75.545091 0.85063233 5.993686 0.874651 0.089318
76.957149 0.85196429 5.994851 0.874324 0.088602
78.369207 0.85271714 5.994176 0.874974 0.089015
79.781264 0.84948858 5.994512 0.874195 0.088993
81.193322 0.85183399 5.994221 0.874815 0.089120
82.605380 0.85108114 5.995067 0.874961 0.089080
84.017438 0.85209459 5.993849 0.873618 0.089390
