# Layer profile at T = 0.320000
# input   = bicrystal_Sigma147_theta16.4264deg.dat
# seed    = 2000800
# n_samples = 1000
# Lx = 84.268645  Ly = 48.652525
# columns : x rho coord psi6 psi4
0.702239 0.83035065 5.818502 0.803801 0.128815
2.106716 0.84194123 5.899011 0.844742 0.109063
3.511194 0.85405865 5.951764 0.871365 0.094347
4.915671 0.86182960 5.980438 0.888942 0.085558
6.320148 0.86068811 5.995035 0.895936 0.081385
7.724626 0.86377600 5.994544 0.898278 0.080801
9.129103 0.86301500 5.991436 0.898660 0.081162
10.533581 0.86083445 5.991925 0.898278 0.081059
11.938058 0.86456627 5.992654 0.898059 0.080984
13.342536 0.86159545 5.993495 0.898416 0.080561
14.747013 0.86415650 5.989585 0.898292 0.081232
16.151490 0.86118568 5.985997 0.898726 0.081660
17.555968 0.86188814 5.985618 0.898492 0.081736
18.960445 0.86314671 5.990353 0.899121 0.080743
20.364923 0.86240035 5.993042 0.898852 0.080641
21.769400 0.86414186 5.994106 0.898022 0.080675
23.173877 0.86286866 5.997473 0.898978 0.079942
24.578355 0.86417113 5.998628 0.899081 0.079924
25.982832 0.86355648 5.998526 0.898417 0.080047
27.387310 0.86509311 5.998291 0.898685 0.079882
28.791787 0.86289793 5.998338 0.897648 0.080014
30.196265 0.86360039 5.998475 0.899383 0.079618
31.600742 0.86405406 5.998425 0.899128 0.079867
33.005219 0.86488823 5.998274 0.898820 0.080193
34.409697 0.86314671 5.998525 0.899064 0.079911
35.814174 0.86336623 5.998610 0.898693 0.080113
37.218652 0.86304427 5.997083 0.896359 0.081249
38.623129 0.86158082 5.987465 0.891386 0.084342
40.027607 0.85471720 5.950380 0.871496 0.095331
41.432084 0.83620448 5.869896 0.827191 0.117196
42.836561 0.82594565 5.791736 0.784583 0.137889
44.241039 0.81947717 5.793378 0.788252 0.136993
45.645516 0.83847284 5.852934 0.816755 0.121778
47.049994 0.84756090 5.921109 0.856215 0.102856
48.454471 0.85803925 5.964353 0.880148 0.089882
49.858948 0.86158082 5.983184 0.891212 0.084666
51.263426 0.86109787 5.992080 0.896462 0.081758
52.667903 0.86358575 5.993306 0.897829 0.081067
54.072381 0.86406869 5.994174 0.898743 0.080221
55.476858 0.86335160 5.997830 0.899817 0.079721
56.881336 0.86355648 5.998576 0.900127 0.079453
58.285813 0.86515165 5.998748 0.899435 0.079440
59.690290 0.86169789 5.998641 0.899502 0.079982
61.094768 0.86519555 5.998833 0.899413 0.079716
62.499245 0.86370283 5.998458 0.898890 0.079934
63.903723 0.86289793 5.998491 0.899560 0.079787
65.308200 0.86518092 5.998528 0.899363 0.079707
66.712678 0.86434675 5.998154 0.899592 0.080213
68.117155 0.86336623 5.998559 0.899296 0.079545
69.521632 0.86428821 5.998239 0.899449 0.079884
70.926110 0.86452236 5.998358 0.899256 0.080046
72.330587 0.86201985 5.998625 0.899002 0.079868
73.735065 0.86582484 5.998141 0.898197 0.080474
75.139542 0.86172716 5.998166 0.897833 0.080610
76.544019 0.86304427 5.994489 0.895997 0.082212
77.948497 0.86060030 5.981856 0.888022 0.085817
79.352974 0.85259519 5.949656 0.870258 0.095158
80.757452 0.84300955 5.885130 0.837449 0.111989
82.161929 0.82647249 5.814800 0.801775 0.130899
83.566407 0.81998938 5.779229 0.782807 0.139298
