# Layer profile at T = 0.440000
# input   = bicrystal_Sigma147_theta16.4264deg.dat
# seed    = 8000818
# n_samples = 1000
# Lx = 110.278867  Ly = 63.669533
# columns : x rho coord psi6 psi4
0.918991 0.48689408 5.898540 0.495582 0.189687
2.756972 0.46563337 5.870013 0.495966 0.192067
4.594953 0.45408867 5.817573 0.498945 0.196106
6.432934 0.45665226 5.838826 0.497166 0.194803
8.270915 0.45956621 5.852566 0.496687 0.194531
10.108896 0.45930985 5.877712 0.494270 0.193316
11.946877 0.46189053 5.890827 0.492466 0.194049
13.784858 0.48154472 5.941085 0.488624 0.190975
15.622839 0.50033583 6.003296 0.484189 0.188048
17.460821 0.51645227 6.086023 0.479196 0.183279
19.298802 0.53541429 6.145317 0.478666 0.179105
21.136783 0.54530120 6.167051 0.478805 0.177442
22.974764 0.55152218 6.182194 0.477628 0.175429
24.812745 0.55562392 6.189862 0.478704 0.174556
26.650726 0.55501720 6.182525 0.477844 0.175275
28.488707 0.54530120 6.116465 0.482421 0.177355
30.326688 0.52696298 6.073475 0.484633 0.180430
32.164669 0.50955621 6.005182 0.485557 0.184617
34.002651 0.49462757 5.947169 0.492257 0.188366
35.840632 0.47513574 5.896497 0.497176 0.190370
37.678613 0.45848950 5.881780 0.501720 0.191810
39.516594 0.45008093 5.898462 0.500253 0.189955
41.354575 0.45580628 5.893251 0.501564 0.190965
43.192556 0.46748770 5.904126 0.499920 0.189041
45.030537 0.48437321 5.956371 0.494302 0.186587
46.868518 0.49736207 5.993110 0.490363 0.185565
48.706499 0.51699917 6.055652 0.484488 0.182174
50.544481 0.53832823 6.127530 0.478267 0.179134
52.382462 0.54550628 6.169024 0.476488 0.176351
54.220443 0.54472866 6.183462 0.475767 0.176362
56.058424 0.55353887 6.212035 0.475585 0.174716
57.896405 0.55510266 6.220520 0.474906 0.173154
59.734386 0.55839260 6.212044 0.477275 0.173469
61.572367 0.56110146 6.232478 0.476660 0.172537
63.410348 0.55546156 6.224701 0.475302 0.174177
65.248329 0.55047110 6.199975 0.478897 0.175458
67.086311 0.54201980 6.158886 0.481510 0.176434
68.924292 0.53035547 6.126063 0.480504 0.178991
70.762273 0.51925512 6.080013 0.484910 0.180847
72.600254 0.51249579 6.046320 0.487440 0.182597
74.438235 0.50497593 6.016431 0.489211 0.184967
76.276216 0.49814823 5.985385 0.489864 0.186902
78.114197 0.48827841 5.993910 0.492570 0.185933
79.952178 0.48174126 5.954377 0.493950 0.187623
81.790159 0.47486229 5.917204 0.494179 0.189178
83.628141 0.46029256 5.881946 0.496750 0.191212
85.466122 0.44504774 5.825695 0.500609 0.195058
87.304103 0.43963002 5.770852 0.504809 0.196967
89.142084 0.44188598 5.741950 0.507098 0.198849
90.980065 0.44680808 5.755369 0.504321 0.197591
92.818046 0.45884840 5.784900 0.502544 0.195709
94.656027 0.46844477 5.830661 0.499847 0.193244
96.494008 0.47805824 5.839196 0.499246 0.193452
98.331989 0.48674026 5.870049 0.494818 0.191534
100.169971 0.49505484 5.925535 0.490403 0.189154
102.007952 0.50113054 5.952681 0.488461 0.188076
103.845933 0.50812914 5.996855 0.485679 0.184613
105.683914 0.51563192 6.013142 0.489149 0.184144
107.521895 0.51325632 6.019313 0.484834 0.184115
109.359876 0.50412140 5.977947 0.487948 0.186006
