# Layer profile at T = 0.320000
# input   = perfect_Sigma147_theta16.4264deg.dat
# seed    = 2000023
# n_samples = 1000
# Lx = 84.093845  Ly = 48.551604
# columns : x rho coord psi6 psi4
0.700782 0.86296204 5.998297 0.900356 0.079397
2.102346 0.86557784 5.998404 0.899845 0.079536
3.503910 0.86290326 5.998518 0.900418 0.079257
4.905474 0.86404951 5.998656 0.900578 0.079307
6.307038 0.86396134 5.998588 0.900305 0.079400
7.708602 0.86263874 5.998279 0.900216 0.079289
9.110167 0.86449037 5.998606 0.900456 0.079362
10.511731 0.86413768 5.998401 0.900623 0.078900
11.913295 0.86457855 5.998589 0.901227 0.079000
13.314859 0.86374090 5.998520 0.901141 0.078959
14.716423 0.86485776 5.998777 0.900246 0.079108
16.117987 0.86309430 5.998604 0.900400 0.079426
17.519551 0.86451976 5.998351 0.899805 0.079339
18.921115 0.86637139 5.998507 0.900405 0.079260
20.322679 0.86330004 5.998706 0.901283 0.079010
21.724243 0.86328534 5.998655 0.900619 0.079154
23.125807 0.86463733 5.998453 0.900722 0.079190
24.527371 0.86429933 5.998487 0.901047 0.079279
25.928935 0.86343230 5.998792 0.899617 0.079533
27.330500 0.86382908 5.998622 0.899763 0.079393
28.732064 0.86313839 5.998502 0.900226 0.079084
30.133628 0.86469611 5.998351 0.900602 0.079194
31.535192 0.86500471 5.998335 0.900413 0.079148
32.936756 0.86390255 5.998775 0.900622 0.078892
34.338320 0.86491654 5.998369 0.900839 0.079277
35.739884 0.86418177 5.998061 0.900236 0.079286
37.141448 0.86402012 5.998333 0.900675 0.078981
38.543012 0.86400542 5.998418 0.900550 0.079369
39.944576 0.86347639 5.998485 0.900312 0.079148
41.346140 0.86257996 5.998807 0.899617 0.079493
42.747704 0.86482837 5.998658 0.900141 0.079458
44.149269 0.86501941 5.998267 0.900998 0.079163
45.550833 0.86385847 5.998554 0.899805 0.079355
46.952397 0.86202153 5.998585 0.900179 0.079415
48.353961 0.86554845 5.998506 0.899502 0.079509
49.755525 0.86393195 5.998639 0.900290 0.079574
51.157089 0.86474020 5.998691 0.900192 0.079359
52.558653 0.86443159 5.998555 0.901198 0.078970
53.960217 0.86353517 5.998622 0.900251 0.079275
55.361781 0.86443159 5.998538 0.901153 0.078968
56.763345 0.86440220 5.998640 0.902221 0.078681
58.164909 0.86501941 5.998760 0.901482 0.078736
59.566473 0.86379969 5.998537 0.900795 0.079270
60.968037 0.86363804 5.998520 0.899716 0.079403
62.369602 0.86518106 5.998403 0.900003 0.079274
63.771166 0.86419646 5.998232 0.899711 0.079116
65.172730 0.86337352 5.998383 0.900053 0.079638
66.574294 0.86357925 5.998383 0.899722 0.079667
67.975858 0.86454915 5.998606 0.900335 0.079368
69.377422 0.86443159 5.998623 0.900865 0.079186
70.778986 0.86500471 5.998641 0.900084 0.079376
72.180550 0.86451976 5.998487 0.900168 0.079423
73.582114 0.86268283 5.998586 0.900766 0.079110
74.983678 0.86372621 5.998418 0.900727 0.079222
76.385242 0.86516636 5.998539 0.900879 0.079001
77.786806 0.86375560 5.997941 0.899774 0.079446
79.188370 0.86384377 5.998367 0.899482 0.079419
80.589935 0.86432872 5.998453 0.899941 0.079340
81.991499 0.86384377 5.998724 0.899907 0.079419
83.393063 0.86363804 5.998911 0.900029 0.079500
