# Layer profile at T = 0.340000
# input   = perfect_Sigma147_theta16.4264deg.dat
# seed    = 3000026
# n_samples = 1000
# Lx = 84.417862  Ly = 48.738676
# columns : x rho coord psi6 psi4
0.703482 0.85777933 5.996770 0.887912 0.083918
2.110447 0.85696269 5.997175 0.888599 0.084170
3.517411 0.85814391 5.997247 0.887723 0.084128
4.924375 0.85824599 5.996891 0.888207 0.084103
6.331340 0.85740018 5.997092 0.887790 0.083997
7.738304 0.85649604 5.996765 0.887487 0.084386
9.145268 0.85770642 5.996668 0.887767 0.084069
10.552233 0.85831890 5.996602 0.888588 0.083999
11.959197 0.85611689 5.996610 0.887076 0.084137
13.366162 0.85770642 5.997110 0.886943 0.084322
14.773126 0.85688978 5.996954 0.887348 0.084172
16.180090 0.85751684 5.996616 0.887128 0.084029
17.587055 0.85773559 5.997008 0.886821 0.084358
18.994019 0.85796891 5.996839 0.887475 0.084184
20.400983 0.85745851 5.997126 0.886894 0.084276
21.807948 0.85652521 5.996884 0.887753 0.083974
23.214912 0.85843556 5.996857 0.887606 0.083923
24.621877 0.85686061 5.996869 0.887805 0.083694
26.028841 0.85757517 5.996888 0.888538 0.083991
27.435805 0.85764809 5.996599 0.887617 0.084536
28.842770 0.85845015 5.996857 0.887538 0.084148
30.249734 0.85750226 5.997092 0.887944 0.084040
31.656698 0.85721060 5.996751 0.888427 0.084420
33.063663 0.85728352 5.997023 0.887442 0.083982
34.470627 0.85588356 5.997103 0.887896 0.084126
35.877592 0.85938345 5.997047 0.887813 0.084011
37.284556 0.85614605 5.997411 0.888235 0.084134
38.691520 0.85858139 5.997096 0.887390 0.084399
40.098485 0.85740018 5.996990 0.886671 0.084382
41.505449 0.85772100 5.996889 0.888343 0.083991
42.912413 0.85684603 5.996749 0.888190 0.084033
44.319378 0.85840640 5.997265 0.889040 0.083995
45.726342 0.85767725 5.997195 0.889029 0.083713
47.133307 0.85668562 5.996766 0.887247 0.083900
48.540271 0.85675853 5.996902 0.887099 0.084169
49.947235 0.85601481 5.996678 0.888068 0.084325
51.354200 0.85842098 5.996348 0.887190 0.084669
52.761164 0.85766267 5.996803 0.887211 0.084111
54.168128 0.85667104 5.997055 0.888244 0.084147
55.575093 0.85830432 5.996415 0.887192 0.084379
56.982057 0.85681686 5.996647 0.887349 0.084631
58.389022 0.85782308 5.996838 0.888184 0.084178
59.795986 0.85672937 5.996630 0.887361 0.084234
61.202950 0.85807099 5.996754 0.887183 0.084534
62.609915 0.85741476 5.996530 0.887293 0.084063
64.016879 0.85719602 5.996785 0.888072 0.084201
65.423843 0.85840640 5.996993 0.887775 0.084081
66.830808 0.85729810 5.997023 0.887333 0.083856
68.237772 0.85649604 5.996850 0.887873 0.084220
69.644737 0.85925220 5.996962 0.887470 0.084306
71.051701 0.85560649 5.997085 0.887635 0.084108
72.458665 0.85791058 5.996787 0.887798 0.084242
73.865630 0.85649604 5.996595 0.887971 0.084258
75.272594 0.85782308 5.997008 0.887554 0.084459
76.679558 0.85875639 5.997113 0.888270 0.083999
78.086523 0.85683145 5.997090 0.887828 0.083980
79.493487 0.85674395 5.996987 0.887039 0.084212
80.900452 0.85919387 5.997454 0.888211 0.083957
82.307416 0.85747309 5.997517 0.888301 0.083822
83.714380 0.85754601 5.996905 0.888217 0.084078
