# Layer profile at T = 0.360000
# input   = bicrystal_Sigma147_theta16.4264deg.dat
# seed    = 4000806
# n_samples = 1000
# Lx = 85.230823  Ly = 49.208038
# columns : x rho coord psi6 psi4
0.710257 0.82301044 5.854769 0.803260 0.124535
2.130771 0.82023507 5.846917 0.800558 0.126075
3.551284 0.82149400 5.851906 0.803767 0.124882
4.971798 0.82495605 5.861927 0.806871 0.123147
6.392312 0.82083592 5.863482 0.808484 0.122619
7.812825 0.82793170 5.869456 0.810361 0.121069
9.233339 0.82612915 5.887128 0.820165 0.116662
10.653853 0.83391161 5.908905 0.831537 0.110869
12.074367 0.83585723 5.929399 0.842906 0.105872
13.494880 0.83966263 5.949738 0.851854 0.100871
14.915394 0.84428347 5.968246 0.858409 0.097400
16.335908 0.84366831 5.978719 0.863802 0.094435
17.756421 0.84568546 5.981392 0.866920 0.092761
19.176935 0.84637215 5.982455 0.867275 0.092639
20.597449 0.84644368 5.988220 0.868545 0.091807
22.017963 0.84768830 5.985857 0.868929 0.092099
23.438476 0.84638646 5.980021 0.868900 0.092595
24.858990 0.84562824 5.981763 0.868152 0.092606
26.279504 0.84667258 5.988747 0.869406 0.091543
27.700017 0.84837499 5.991181 0.869250 0.091344
29.120531 0.84713037 5.988888 0.868156 0.091686
30.541045 0.84542795 5.982351 0.867793 0.092653
31.961559 0.84687286 5.979627 0.867522 0.093073
33.382072 0.84541365 5.979524 0.866556 0.093488
34.802586 0.84482710 5.977411 0.863822 0.094652
36.223100 0.84338219 5.969688 0.858352 0.097231
37.643613 0.83993444 5.947081 0.846296 0.102771
39.064127 0.83169418 5.906925 0.828429 0.112471
40.484641 0.82431228 5.864943 0.808159 0.122254
41.905154 0.81640106 5.828290 0.791456 0.130129
43.325668 0.81896183 5.822678 0.788196 0.131978
44.746182 0.82019215 5.850276 0.798728 0.126327
46.166696 0.82559982 5.877231 0.810130 0.120880
47.587209 0.83115055 5.894747 0.819168 0.116262
49.007723 0.82813199 5.900254 0.823845 0.113795
50.428237 0.83355396 5.911767 0.831249 0.110766
51.848750 0.83783146 5.933219 0.842250 0.105632
53.269264 0.84000597 5.947903 0.852928 0.101245
54.689778 0.84401166 5.962524 0.859825 0.097121
56.110292 0.84411180 5.975154 0.865293 0.094515
57.530805 0.84537073 5.980065 0.867314 0.093059
58.951319 0.84618617 5.978782 0.867115 0.093301
60.371833 0.84474126 5.977120 0.866961 0.093100
61.792346 0.84768830 5.978229 0.866821 0.093327
63.212860 0.84445514 5.981466 0.867906 0.092996
64.633374 0.84532781 5.982213 0.867866 0.092647
66.053888 0.84598589 5.981212 0.867629 0.093186
67.474401 0.84598589 5.979961 0.868540 0.093093
68.894915 0.84534212 5.978863 0.869392 0.092970
70.315429 0.84610033 5.980691 0.868199 0.092871
71.735942 0.84604311 5.985272 0.868872 0.092042
73.156456 0.84631492 5.982809 0.867610 0.092537
74.576970 0.84517044 5.978858 0.866221 0.093341
75.997484 0.84542795 5.970963 0.863867 0.095198
77.417997 0.84109323 5.956900 0.860723 0.097577
78.838511 0.84020626 5.948426 0.856380 0.099681
80.259025 0.83834648 5.940615 0.851957 0.101950
81.679538 0.83667267 5.928630 0.842808 0.105269
83.100052 0.83404037 5.910772 0.830759 0.111256
84.520566 0.82525648 5.881011 0.814242 0.118347
