# Layer profile at T = 0.280000
# input   = perfect_Sigma147_theta16.4264deg.dat
# seed    = 17
# n_samples = 1000
# Lx = 83.514302  Ly = 48.217005
# columns : x rho coord psi6 psi4
0.695953 0.87504015 5.999813 0.920936 0.070739
2.087858 0.87520405 5.999796 0.920903 0.070655
3.479763 0.87764767 5.999643 0.921043 0.070713
4.871668 0.87571065 5.999609 0.921226 0.070615
6.263573 0.87681326 5.999558 0.920498 0.070772
7.655478 0.87581495 5.999643 0.920734 0.071189
9.047383 0.87611296 5.999626 0.921029 0.070713
10.439288 0.87574045 5.999694 0.921238 0.070670
11.831193 0.87617256 5.999694 0.921495 0.070532
13.223098 0.87770727 5.999660 0.921237 0.070472
14.615003 0.87568085 5.999711 0.921378 0.070438
16.006908 0.87650036 5.999728 0.921130 0.070663
17.398813 0.87593415 5.999660 0.921012 0.070781
18.790718 0.87666426 5.999694 0.921310 0.070601
20.182623 0.87442924 5.999898 0.921510 0.070704
21.574528 0.87694736 5.999762 0.921111 0.070788
22.966433 0.87641096 5.999660 0.921483 0.070423
24.358338 0.87575535 5.999728 0.921816 0.070789
25.750243 0.87693246 5.999626 0.921361 0.070400
27.142148 0.87442924 5.999676 0.920529 0.070813
28.534053 0.87812447 5.999695 0.921062 0.070806
29.925958 0.87481664 5.999881 0.921957 0.070614
31.317863 0.87726027 5.999660 0.921778 0.070446
32.709768 0.87681326 5.999898 0.920925 0.070835
34.101673 0.87685796 5.999711 0.921563 0.070723
35.493579 0.87526365 5.999745 0.921035 0.070695
36.885484 0.87727517 5.999592 0.921147 0.070605
38.277389 0.87618746 5.999660 0.921446 0.070535
39.669294 0.87568085 5.999626 0.920873 0.070955
41.061199 0.87496565 5.999728 0.921202 0.070743
42.453104 0.87687286 5.999728 0.921237 0.070530
43.845009 0.87578515 5.999694 0.921797 0.070517
45.236914 0.87633646 5.999694 0.920742 0.070843
46.628819 0.87636626 5.999728 0.921402 0.070734
48.020724 0.87617256 5.999660 0.921307 0.070551
49.412629 0.87565105 5.999677 0.920792 0.070794
50.804534 0.87687286 5.999745 0.921061 0.070599
52.196439 0.87526365 5.999540 0.921106 0.070890
53.588344 0.87484644 5.999472 0.920150 0.070746
54.980249 0.87559145 5.999711 0.919804 0.071183
56.372154 0.87673876 5.999694 0.920116 0.071184
57.764059 0.87511465 5.999762 0.920377 0.070980
59.155964 0.87666426 5.999830 0.920818 0.071009
60.547869 0.87459314 5.999830 0.921448 0.070501
61.939774 0.87775197 5.999610 0.920987 0.070546
63.331679 0.87484644 5.999625 0.921254 0.071015
64.723584 0.87700696 5.999575 0.920871 0.070902
66.115489 0.87542755 5.999796 0.920941 0.070778
67.507394 0.87547225 5.999728 0.920843 0.070913
68.899299 0.87566595 5.999660 0.921492 0.070595
70.291204 0.87708146 5.999762 0.921053 0.070731
71.683110 0.87486134 5.999847 0.921837 0.070375
73.075015 0.87658976 5.999779 0.921458 0.070611
74.466920 0.87697716 5.999813 0.921296 0.070642
75.858825 0.87517425 5.999745 0.920809 0.070694
77.250730 0.87793077 5.999728 0.921233 0.070508
78.642635 0.87647056 5.999694 0.921422 0.070862
80.034540 0.87495075 5.999659 0.921277 0.070578
81.426445 0.87697716 5.999507 0.921005 0.070521
82.818350 0.87672386 5.999847 0.920792 0.070757
