# Layer profile at T = 0.400000
# input   = perfect_Sigma147_theta16.4264deg.dat
# seed    = 6000035
# n_samples = 1000
# Lx = 85.525508  Ly = 49.378175
# columns : x rho coord psi6 psi4
0.712713 0.83560545 5.979869 0.835891 0.102546
2.138138 0.83685572 5.981342 0.835972 0.102625
3.563563 0.83561966 5.980022 0.835398 0.103020
4.988988 0.83581857 5.979279 0.835724 0.102420
6.414413 0.83601747 5.977516 0.835516 0.102996
7.839838 0.83554862 5.978864 0.836324 0.102922
9.265263 0.83564808 5.979904 0.834546 0.102940
10.690689 0.83684151 5.980815 0.834412 0.103122
12.116114 0.83549179 5.979458 0.835308 0.103045
13.541539 0.83571911 5.979463 0.835103 0.102819
14.966964 0.83624480 5.980683 0.836747 0.102589
16.392389 0.83613113 5.980765 0.837114 0.102710
17.817814 0.83620217 5.979866 0.834915 0.102921
19.243239 0.83499453 5.980058 0.834317 0.103182
20.668665 0.83576174 5.979635 0.835219 0.103229
22.094090 0.83498032 5.979786 0.835793 0.102393
23.519515 0.83658578 5.979434 0.836254 0.102871
24.944940 0.83587540 5.982289 0.836098 0.102319
26.370365 0.83655736 5.981165 0.837662 0.102795
27.795790 0.83560545 5.981144 0.835787 0.102972
29.221215 0.83500873 5.979582 0.835003 0.103113
30.646641 0.83486666 5.979664 0.833840 0.103213
32.072066 0.83569070 5.980262 0.834395 0.103346
33.497491 0.83593223 5.978687 0.834201 0.103794
34.922916 0.83428415 5.976908 0.834026 0.103611
36.348341 0.83360218 5.974707 0.832329 0.104007
37.773766 0.83500873 5.974971 0.834195 0.103934
39.199191 0.83402841 5.977258 0.833090 0.103787
40.624616 0.83767976 5.977544 0.833072 0.104198
42.050042 0.83371584 5.976483 0.833508 0.103784
43.475467 0.83490928 5.976142 0.831476 0.104400
44.900892 0.83346011 5.974123 0.831346 0.105024
46.326317 0.83525026 5.973822 0.830233 0.104944
47.751742 0.83407103 5.974977 0.830185 0.104638
49.177167 0.83431256 5.976772 0.833695 0.103865
50.602592 0.83608851 5.978521 0.833363 0.103194
52.028018 0.83488087 5.978847 0.833771 0.103120
53.453443 0.83439781 5.978256 0.833558 0.103559
54.878868 0.83559125 5.978525 0.832984 0.103959
56.304293 0.83367322 5.977436 0.833434 0.103688
57.729718 0.83544917 5.978556 0.835147 0.103044
59.155143 0.83556283 5.979035 0.833950 0.103435
60.580568 0.83476721 5.977976 0.834374 0.103351
62.005994 0.83603168 5.978978 0.833720 0.103196
63.431419 0.83512240 5.979143 0.832653 0.103710
64.856844 0.83483824 5.980123 0.833845 0.103595
66.282269 0.83601747 5.979641 0.834507 0.103061
67.707694 0.83496611 5.979564 0.833904 0.103668
69.133119 0.83530709 5.979930 0.834951 0.103169
70.558544 0.83623059 5.980343 0.835827 0.102704
71.983970 0.83441202 5.978818 0.834565 0.103470
73.409395 0.83561966 5.979393 0.833933 0.102941
74.834820 0.83542076 5.978164 0.834880 0.103687
76.260245 0.83586119 5.977784 0.834087 0.103686
77.685670 0.83357377 5.978473 0.833693 0.103448
79.111095 0.83831910 5.980290 0.835755 0.102804
80.536520 0.83544917 5.980698 0.835863 0.102614
81.961946 0.83617376 5.981683 0.836846 0.102425
83.387371 0.83618797 5.980409 0.835827 0.102746
84.812796 0.83452568 5.979758 0.834749 0.103255
