# Layer profile at T = 0.340000
# input   = bicrystal_Sigma147_theta16.4264deg.dat
# seed    = 3000803
# n_samples = 1000
# Lx = 84.689465  Ly = 48.895485
# columns : x rho coord psi6 psi4
0.705746 0.82861046 5.838425 0.801637 0.127599
2.117237 0.82885678 5.878313 0.823600 0.116716
3.528728 0.84260731 5.918199 0.844606 0.106366
4.940219 0.84870738 5.950695 0.860844 0.097564
6.351710 0.84960573 5.972918 0.873405 0.092025
7.763201 0.85431482 5.986991 0.880218 0.087999
9.174692 0.85593764 5.992585 0.884604 0.086350
10.586183 0.85547398 5.994902 0.886090 0.085077
11.997674 0.85464807 5.996660 0.886535 0.084804
13.409165 0.85792270 5.996757 0.885621 0.084981
14.820656 0.85587968 5.996597 0.885935 0.084742
16.232147 0.85585070 5.996800 0.886320 0.084867
17.643639 0.85751699 5.996604 0.886300 0.084369
19.055130 0.85679252 5.996871 0.886556 0.084646
20.466621 0.85461910 5.997169 0.886283 0.084796
21.878112 0.85728516 5.996873 0.886547 0.084589
23.289603 0.85679252 5.996026 0.886255 0.085104
24.701094 0.85593764 5.994295 0.884484 0.085774
26.112585 0.85424237 5.992418 0.883179 0.086417
27.524076 0.85485093 5.983305 0.878457 0.089209
28.935567 0.84867841 5.968586 0.871444 0.092910
30.347058 0.84744680 5.948194 0.861377 0.097675
31.758549 0.84152060 5.917146 0.849379 0.104905
33.170041 0.83566684 5.889794 0.833195 0.112245
34.581532 0.83034920 5.881864 0.826423 0.115272
35.993023 0.83792720 5.884731 0.827097 0.114812
37.404514 0.83391361 5.884315 0.828784 0.115013
38.816005 0.83174019 5.884013 0.828839 0.114645
40.227496 0.83713028 5.885695 0.831647 0.113416
41.638987 0.83668111 5.904891 0.839571 0.108783
43.050478 0.84408524 5.921174 0.849152 0.104431
44.461969 0.84428809 5.942989 0.860559 0.098702
45.873460 0.84953329 5.966195 0.872615 0.092778
47.284951 0.85448869 5.980500 0.879770 0.089114
48.696442 0.85437277 5.989960 0.883381 0.086835
50.107934 0.85503929 5.991832 0.885322 0.085949
51.519425 0.85531459 5.992275 0.884936 0.085429
52.930916 0.85498133 5.993577 0.885885 0.085032
54.342407 0.85760393 5.996114 0.886062 0.085121
55.753898 0.85566234 5.996800 0.886458 0.084573
57.165389 0.85725618 5.997228 0.887303 0.084274
58.576880 0.85702435 5.997244 0.887255 0.084688
59.988371 0.85558989 5.997375 0.887152 0.084386
61.399862 0.85773434 5.996909 0.887265 0.084533
62.811353 0.85596662 5.996665 0.886515 0.084712
64.222844 0.85544500 5.997307 0.885775 0.084906
65.634335 0.85693741 5.997582 0.886114 0.084766
67.045827 0.85676354 5.997548 0.886269 0.085014
68.457318 0.85619845 5.997258 0.885156 0.085037
69.868809 0.85698088 5.997143 0.885958 0.084994
71.280300 0.85543051 5.995393 0.886220 0.085144
72.691791 0.85501031 5.990222 0.885007 0.086055
74.103282 0.85492338 5.987221 0.883426 0.086891
75.514773 0.85330055 5.985142 0.879928 0.088381
76.926264 0.85212690 5.974273 0.873835 0.091393
78.337755 0.84749027 5.952710 0.863312 0.096852
79.749246 0.84223058 5.920674 0.845906 0.105669
81.160737 0.83065348 5.875262 0.823009 0.117287
82.572228 0.82475626 5.828692 0.798388 0.129036
83.983720 0.82035145 5.815056 0.791502 0.132843
