# Layer profile at T = 0.300000
# input   = perfect_Sigma147_theta16.4264deg.dat
# seed    = 1000020
# n_samples = 1000
# Lx = 83.767876  Ly = 48.363406
# columns : x rho coord psi6 psi4
0.698066 0.87052062 5.999677 0.911710 0.074701
2.094197 0.87081682 5.999507 0.911703 0.074699
3.490328 0.87213491 5.999525 0.911191 0.074697
4.886459 0.87084644 5.999456 0.911456 0.075154
6.282591 0.87044657 5.999115 0.910783 0.074887
7.678722 0.87105378 5.999320 0.911092 0.074971
9.074853 0.87012075 5.999421 0.911636 0.074737
10.470985 0.87068353 5.999473 0.911031 0.075121
11.867116 0.87154251 5.999405 0.910865 0.074997
13.263247 0.87044657 5.999439 0.911006 0.075110
14.659378 0.86970606 5.999302 0.911261 0.075097
16.055510 0.87290504 5.999457 0.910604 0.075118
17.451641 0.87029847 5.999387 0.910862 0.075135
18.847772 0.86938024 5.999455 0.911725 0.074810
20.243903 0.87210529 5.999287 0.911746 0.074535
21.640035 0.87038733 5.999490 0.911168 0.074799
23.036166 0.86915809 5.999352 0.911520 0.074985
24.432297 0.87167580 5.999473 0.911908 0.074699
25.828428 0.87238669 5.999338 0.911712 0.074724
27.224560 0.87015037 5.999387 0.911395 0.075119
28.620691 0.87013556 5.999421 0.911290 0.074956
30.016822 0.87189795 5.999185 0.911351 0.074945
31.412954 0.87065391 5.999252 0.911564 0.074559
32.809085 0.86969125 5.999217 0.911172 0.074870
34.205216 0.87111302 5.999303 0.911213 0.074730
35.601347 0.87096492 5.999286 0.911108 0.075020
36.997479 0.86982454 5.999370 0.911621 0.074925
38.393610 0.87124631 5.999456 0.911806 0.074713
39.789741 0.87148327 5.999473 0.911611 0.074696
41.185872 0.86935062 5.999319 0.911288 0.074902
42.582004 0.87217934 5.999321 0.911272 0.075063
43.978135 0.87031328 5.999524 0.911835 0.074878
45.374266 0.87183871 5.999185 0.911174 0.074765
46.770398 0.86924695 5.999182 0.910807 0.074892
48.166529 0.87173504 5.999185 0.911156 0.075171
49.562660 0.86997265 5.999200 0.911253 0.075183
50.958791 0.86995784 5.999285 0.911268 0.075074
52.354923 0.87151289 5.999354 0.911088 0.074933
53.751054 0.86936543 5.999370 0.911420 0.074800
55.147185 0.87257922 5.999236 0.910239 0.075217
56.543316 0.87059467 5.999456 0.910742 0.074879
57.939448 0.87114264 5.999082 0.911034 0.074829
59.335579 0.87053543 5.999217 0.911087 0.074841
60.731710 0.87078720 5.999371 0.911463 0.074818
62.127842 0.87044657 5.999285 0.911804 0.074905
63.523973 0.87212010 5.999389 0.911845 0.074542
64.920104 0.87006151 5.999166 0.911110 0.075328
66.316235 0.87121669 5.999371 0.911300 0.074717
67.712367 0.87026885 5.999353 0.911970 0.074656
69.108498 0.87278656 5.999372 0.911783 0.074469
70.504629 0.87047619 5.999405 0.911796 0.074651
71.900760 0.87020961 5.999098 0.912101 0.074679
73.296892 0.87206086 5.999253 0.911377 0.074820
74.693023 0.87029847 5.999404 0.911417 0.074816
76.089154 0.87188314 5.999321 0.911442 0.074524
77.485285 0.87062429 5.999354 0.911354 0.074991
78.881417 0.87124631 5.999388 0.911790 0.075109
80.277548 0.87083163 5.999439 0.911321 0.074845
81.673679 0.87038733 5.999456 0.910969 0.075003
83.069811 0.87009113 5.999591 0.911054 0.074962
