# Layer profile at T = 0.420000
# input   = perfect_Sigma147_theta16.4264deg.dat
# seed    = 7000038
# n_samples = 1000
# Lx = 93.598613  Ly = 54.039184
# columns : x rho coord psi6 psi4
0.779988 0.67033312 5.627847 0.606680 0.187310
2.339965 0.66514924 5.626195 0.604474 0.188152
3.899942 0.67468662 5.612016 0.603883 0.190371
5.459919 0.68100929 5.622132 0.605975 0.188290
7.019896 0.69259887 5.645531 0.604708 0.186087
8.579873 0.69621690 5.666917 0.600744 0.185874
10.139850 0.69855380 5.662868 0.604467 0.185174
11.699827 0.69146008 5.659822 0.604862 0.185081
13.259803 0.69055853 5.654757 0.601840 0.186244
14.819780 0.69025011 5.638396 0.602894 0.187366
16.379757 0.68538652 5.634324 0.602159 0.187839
17.939734 0.68830467 5.638667 0.600140 0.188302
19.499711 0.69856566 5.642123 0.599040 0.187605
21.059688 0.69399863 5.662809 0.601542 0.186033
22.619665 0.69741501 5.670840 0.602843 0.184834
24.179642 0.69333434 5.660998 0.602629 0.186268
25.739619 0.69231417 5.653387 0.603535 0.187093
27.299595 0.69512556 5.658305 0.600386 0.185664
28.859572 0.69596779 5.672661 0.599771 0.185060
30.419549 0.70406982 5.693899 0.600716 0.183523
31.979526 0.70871989 5.705381 0.602980 0.182062
33.539503 0.71000103 5.711994 0.602300 0.180572
35.099480 0.70602712 5.700948 0.603492 0.182370
36.659457 0.70403423 5.691053 0.599449 0.183817
38.219434 0.70398678 5.685404 0.597924 0.184751
39.779410 0.70595594 5.689155 0.600645 0.183161
41.339387 0.70633554 5.692009 0.599663 0.185188
42.899364 0.70301407 5.681290 0.600577 0.184499
44.459341 0.70558821 5.676250 0.599599 0.185377
46.019318 0.70055855 5.671741 0.597011 0.186593
47.579295 0.69843517 5.674106 0.597370 0.185785
49.139272 0.70376140 5.678275 0.599862 0.185098
50.699249 0.70384443 5.679307 0.599622 0.184221
52.259225 0.70194645 5.671984 0.602808 0.186157
53.819202 0.70584918 5.682705 0.601937 0.185283
55.379179 0.70327504 5.685339 0.601752 0.184583
56.939156 0.70218370 5.670828 0.601681 0.185584
58.499133 0.69697610 5.654259 0.602771 0.186695
60.059110 0.69123469 5.655369 0.602626 0.186369
61.619087 0.68631179 5.647573 0.602513 0.187227
63.179064 0.68569494 5.634870 0.602604 0.188268
64.739040 0.68919435 5.656345 0.606589 0.184882
66.299017 0.69544585 5.683639 0.605427 0.183264
67.858994 0.69854194 5.692054 0.604937 0.182720
69.418971 0.70284799 5.699443 0.606049 0.182346
70.978948 0.70497136 5.704959 0.607917 0.181252
72.538925 0.70688121 5.708726 0.605950 0.181462
74.098902 0.70854195 5.703298 0.603444 0.182315
75.658879 0.70855381 5.704760 0.603115 0.182033
77.218856 0.70756923 5.712966 0.602764 0.181033
78.778832 0.70780648 5.705588 0.602901 0.181665
80.338809 0.71223116 5.717793 0.604329 0.180326
81.898786 0.71210067 5.719657 0.604706 0.180520
83.458763 0.71004848 5.718696 0.603605 0.180869
85.018740 0.70817422 5.702742 0.602850 0.182673
86.578717 0.70371395 5.688805 0.601272 0.183442
88.138694 0.69634739 5.660472 0.601334 0.186437
89.698671 0.68759293 5.647937 0.603257 0.186612
91.258647 0.68558818 5.616662 0.605944 0.188893
92.818624 0.67541023 5.620387 0.605708 0.187527
