# Layer profile at T = 0.280000
# input   = bicrystal_Sigma147_theta16.4264deg.dat
# seed    = 794
# n_samples = 1000
# Lx = 83.630732  Ly = 48.284226
# columns : x rho coord psi6 psi4
0.696923 0.85009451 5.885933 0.855929 0.107323
2.090768 0.83580046 5.809369 0.816214 0.127751
3.484614 0.83960428 5.816781 0.820167 0.125922
4.878459 0.85476013 5.893335 0.860251 0.105036
6.272305 0.86536923 5.946377 0.889308 0.088907
7.666150 0.87007943 5.975784 0.907029 0.079283
9.059996 0.87403183 5.992894 0.914907 0.074038
10.453842 0.87511652 5.997929 0.918945 0.072089
11.847687 0.87600804 5.999813 0.919548 0.071733
13.241533 0.87645380 5.999814 0.919767 0.071411
14.635378 0.87584459 5.999610 0.919830 0.071336
16.029224 0.87626064 5.999729 0.920212 0.071197
17.423069 0.87743447 5.999594 0.920112 0.071072
18.816915 0.87578516 5.999593 0.920756 0.071036
20.210760 0.87535426 5.999796 0.920456 0.070894
21.604606 0.87627549 5.999797 0.920437 0.071020
22.998451 0.87678069 5.999695 0.920354 0.071253
24.392297 0.87505708 5.999745 0.920591 0.070805
25.786142 0.87715216 5.999593 0.920014 0.071218
27.179988 0.87715216 5.999695 0.919784 0.071093
28.573833 0.87499765 5.999847 0.920375 0.071136
29.967679 0.87502737 5.999762 0.920078 0.071018
31.361525 0.87666182 5.999525 0.920251 0.070915
32.755370 0.87731560 5.999204 0.919502 0.071779
34.149216 0.87409127 5.998402 0.918737 0.071721
35.543061 0.87640922 5.995795 0.917456 0.072986
36.936907 0.87184761 5.988445 0.913134 0.075391
38.330752 0.87132756 5.967736 0.901604 0.082066
39.724598 0.85877198 5.927088 0.879298 0.094131
41.118443 0.85834107 5.881853 0.850945 0.108297
42.512289 0.83642453 5.853105 0.838612 0.116601
43.906134 0.84807373 5.834589 0.826893 0.121350
45.299980 0.84398759 5.876411 0.851517 0.108888
46.693825 0.87204077 5.951456 0.891496 0.087603
48.087671 0.87174360 5.989160 0.912191 0.075914
49.481516 0.87526510 5.997352 0.917959 0.072623
50.875362 0.87553256 5.999355 0.920162 0.071413
52.269208 0.87617148 5.999644 0.920019 0.071253
53.663053 0.87620120 5.999508 0.920038 0.071391
55.056899 0.87642408 5.999678 0.920671 0.071097
56.450744 0.87738989 5.999797 0.921343 0.070724
57.844590 0.87514623 5.999660 0.921003 0.070716
59.238435 0.87669154 5.999797 0.920699 0.070828
60.632281 0.87599318 5.999661 0.920180 0.071232
62.026126 0.87749391 5.999661 0.920884 0.071144
63.419972 0.87661724 5.999746 0.920622 0.071044
64.813817 0.87495307 5.999745 0.919921 0.071367
66.207663 0.87578516 5.999644 0.920288 0.071331
67.601508 0.87605261 5.999813 0.920357 0.071145
68.995354 0.87541369 5.999779 0.920219 0.070889
70.389199 0.87727103 5.999746 0.920129 0.070913
71.783045 0.87410613 5.999677 0.920165 0.070952
73.176891 0.87661724 5.999610 0.920683 0.070965
74.570736 0.87698871 5.997526 0.920262 0.071490
75.964582 0.87355636 5.983960 0.919306 0.073335
77.358427 0.87122354 5.967698 0.917814 0.075646
78.752273 0.87000513 5.972486 0.917927 0.075142
80.146118 0.87489364 5.987500 0.916860 0.074237
81.539964 0.87159501 5.984845 0.910953 0.077310
82.933809 0.86823695 5.949361 0.889159 0.088438
