# Layer profile at T = 0.400000
# input   = bicrystal_Sigma147_theta16.4264deg.dat
# seed    = 6000812
# n_samples = 1000
# Lx = 90.501904  Ly = 52.251299
# columns : x rho coord psi6 psi4
0.754183 0.74141619 5.686929 0.634974 0.179542
2.262548 0.74345897 5.691851 0.637783 0.178342
3.770913 0.74616153 5.699786 0.643332 0.175886
5.279278 0.74683400 5.707514 0.645976 0.174912
6.787643 0.74756991 5.709364 0.643271 0.174599
8.296008 0.74363660 5.697299 0.642189 0.175233
9.804373 0.74232973 5.699005 0.646948 0.174376
11.312738 0.74532412 5.702240 0.647657 0.175001
12.821103 0.74430907 5.708227 0.647165 0.174244
14.329468 0.74773486 5.711396 0.648937 0.172689
15.837833 0.74501961 5.704673 0.647626 0.174070
17.346198 0.74688476 5.702268 0.647893 0.173781
18.854563 0.74252005 5.698331 0.649824 0.173664
20.362928 0.74189833 5.698488 0.648069 0.173916
21.871293 0.74644067 5.706493 0.646902 0.174167
23.379659 0.74482928 5.713745 0.647108 0.173456
24.888024 0.74928281 5.722813 0.650219 0.172511
26.396389 0.74835657 5.720893 0.647343 0.172769
27.904754 0.74586971 5.717530 0.649194 0.172296
29.413119 0.74967614 5.714191 0.647405 0.173716
30.921484 0.74538756 5.710028 0.649570 0.173226
32.429849 0.74578089 5.716561 0.649906 0.172991
33.938214 0.74756991 5.713233 0.650367 0.172669
35.446579 0.74600928 5.712004 0.649328 0.173285
36.954944 0.74480391 5.703054 0.647195 0.174120
38.463309 0.74316714 5.697227 0.644900 0.175503
39.971674 0.74222822 5.683767 0.639872 0.177946
41.480039 0.74031232 5.682160 0.637112 0.179451
42.988404 0.73611256 5.677417 0.631677 0.180895
44.496769 0.74085791 5.670766 0.631671 0.181052
46.005134 0.73792696 5.671194 0.634313 0.181160
47.513500 0.74317983 5.690881 0.640654 0.177239
49.021865 0.74642798 5.702885 0.644832 0.175842
50.530230 0.75013291 5.708767 0.644970 0.174747
52.038595 0.74453746 5.707805 0.642343 0.175359
53.546960 0.74670712 5.705205 0.642766 0.175708
55.055325 0.74325596 5.708257 0.645959 0.174585
56.563690 0.74760798 5.706799 0.647992 0.174153
58.072055 0.74390305 5.706225 0.650679 0.173538
59.580420 0.74461359 5.705006 0.651557 0.173256
61.088785 0.74685938 5.711602 0.648016 0.172757
62.597150 0.74114974 5.705579 0.645006 0.173715
64.105515 0.74812819 5.699880 0.644557 0.175486
65.613880 0.74016006 5.688403 0.645390 0.176032
67.122245 0.74172070 5.676776 0.644301 0.178101
68.630610 0.73768589 5.672893 0.640785 0.178815
70.138976 0.73852330 5.666907 0.640032 0.179426
71.647341 0.73465343 5.665550 0.638382 0.179704
73.155706 0.73971598 5.669108 0.639878 0.179364
74.664071 0.74135275 5.677951 0.640434 0.177883
76.172436 0.73889125 5.686494 0.639769 0.177367
77.680801 0.74075640 5.686085 0.641933 0.176706
79.189166 0.73996974 5.683813 0.644176 0.177925
80.697531 0.74236779 5.687826 0.640270 0.177885
82.205896 0.74050264 5.684212 0.635762 0.179496
83.714261 0.74208865 5.679570 0.633426 0.179806
85.222626 0.73853599 5.678269 0.634244 0.179714
86.730991 0.74210134 5.680567 0.634146 0.180006
88.239356 0.74238048 5.685968 0.635729 0.179520
89.747721 0.74372542 5.688106 0.633920 0.179299
