# Layer profile at T = 0.380000
# input   = perfect_Sigma147_theta16.4264deg.dat
# seed    = 5000032
# n_samples = 1000
# Lx = 85.078704  Ly = 49.120213
# columns : x rho coord psi6 psi4
0.708989 0.84411798 5.987924 0.855627 0.096080
2.126968 0.84325655 5.987605 0.856092 0.095676
3.544946 0.84436205 5.988370 0.857082 0.095692
4.962924 0.84451998 5.987471 0.856821 0.096044
6.380903 0.84195004 5.987859 0.854719 0.095918
7.798881 0.84548192 5.988181 0.854843 0.096051
9.216860 0.84375905 5.987902 0.855065 0.095714
10.634838 0.84378776 5.988089 0.856704 0.095680
12.052816 0.84416105 5.988146 0.857558 0.095076
13.470795 0.84400312 5.988620 0.856358 0.095656
14.888773 0.84410362 5.989795 0.856087 0.095719
16.306752 0.84269662 5.988602 0.855016 0.096091
17.724730 0.84597006 5.988884 0.856041 0.096018
19.142708 0.84367291 5.989449 0.855954 0.095580
20.560687 0.84417541 5.989251 0.855255 0.095663
21.978665 0.84306990 5.988556 0.855165 0.095987
23.396644 0.84536706 5.987534 0.854537 0.096386
24.814622 0.84123218 5.987507 0.854271 0.096351
26.232600 0.84599878 5.989088 0.856161 0.095607
27.650579 0.84407491 5.989318 0.857018 0.095747
29.068557 0.84322783 5.988490 0.855935 0.095584
30.486536 0.84456305 5.987930 0.855505 0.095866
31.904514 0.84408927 5.988383 0.856094 0.095780
33.322493 0.84485020 5.990008 0.856759 0.095438
34.740471 0.84296940 5.989440 0.856240 0.095355
36.158449 0.84518041 5.988907 0.854653 0.095655
37.576428 0.84317040 5.988660 0.854668 0.096132
38.994406 0.84520913 5.988177 0.855935 0.095543
40.412385 0.84408927 5.988213 0.856477 0.095702
41.830363 0.84337141 5.987777 0.857381 0.095352
43.248341 0.84493634 5.988224 0.857096 0.095645
44.666320 0.84426155 5.988572 0.855784 0.095995
46.084298 0.84373034 5.988378 0.856300 0.095921
47.502277 0.84592699 5.988697 0.856741 0.095320
48.920255 0.84294069 5.987805 0.856328 0.095498
50.338233 0.84398877 5.988160 0.855445 0.095733
51.756212 0.84480713 5.988393 0.856299 0.095527
53.174190 0.84466355 5.990311 0.856851 0.095498
54.592169 0.84381648 5.990046 0.856742 0.095168
56.010147 0.84532399 5.989351 0.855329 0.095904
57.428125 0.84314169 5.989187 0.856895 0.095290
58.846104 0.84385955 5.989111 0.857732 0.095497
60.264082 0.84408927 5.989301 0.856049 0.095539
61.682061 0.84476405 5.988783 0.856589 0.095664
63.100039 0.84505120 5.989432 0.857087 0.095331
64.518017 0.84464920 5.988985 0.857136 0.095304
65.935996 0.84553934 5.988437 0.856488 0.095597
67.353974 0.84282583 5.988451 0.856979 0.095593
68.771953 0.84470663 5.989224 0.856967 0.095288
70.189931 0.84499377 5.989670 0.857749 0.095122
71.607909 0.84266790 5.990084 0.857346 0.095161
73.025888 0.84525220 5.989843 0.858220 0.095098
74.443866 0.84486456 5.989311 0.857819 0.095330
75.861845 0.84575470 5.989034 0.856738 0.095590
77.279823 0.84298376 5.989066 0.856942 0.095429
78.697801 0.84556806 5.989184 0.856861 0.095006
80.115780 0.84327090 5.989427 0.857275 0.095142
81.533758 0.84578342 5.989153 0.857729 0.095262
82.951737 0.84327090 5.988899 0.856320 0.095370
84.369715 0.84433334 5.988539 0.856397 0.095532
