# Layer profile at T = 0.380000
# input   = bicrystal_Sigma147_theta16.4264deg.dat
# seed    = 5000809
# n_samples = 1000
# Lx = 85.829689  Ly = 49.553794
# columns : x rho coord psi6 psi4
0.715247 0.80974577 5.805296 0.771947 0.137566
2.145742 0.81743412 5.831996 0.784646 0.132235
3.576237 0.82302052 5.859653 0.796433 0.126139
5.006732 0.82783103 5.886183 0.807526 0.120246
6.437227 0.83090637 5.904177 0.814819 0.116575
7.867722 0.83015870 5.911754 0.820255 0.114047
9.298216 0.83417921 5.914446 0.821704 0.113420
10.728711 0.83106155 5.909049 0.822817 0.113482
12.159206 0.82678711 5.899962 0.821383 0.114307
13.589701 0.82822603 5.894584 0.820823 0.115466
15.020196 0.82560211 5.892318 0.820009 0.115222
16.450690 0.82663193 5.894773 0.819627 0.115407
17.881185 0.82711157 5.899234 0.821679 0.114200
19.311680 0.83173869 5.909819 0.823607 0.112839
20.742175 0.83235940 5.923885 0.827555 0.110400
22.172670 0.83623884 5.934191 0.832431 0.108176
23.603165 0.83773419 5.943907 0.836821 0.106348
25.033659 0.84027347 5.953109 0.838850 0.104438
26.464154 0.84135971 5.954394 0.840835 0.103737
27.894649 0.83738152 5.945922 0.839871 0.105036
29.325144 0.83866526 5.940807 0.840028 0.105442
30.755639 0.83986436 5.943193 0.841400 0.104552
32.186134 0.83893329 5.940742 0.840341 0.105445
33.616628 0.83772009 5.935672 0.837888 0.105986
35.047123 0.83927186 5.935875 0.836077 0.107006
36.477618 0.83887687 5.934163 0.833628 0.108032
37.908113 0.83666206 5.925221 0.830668 0.109811
39.338608 0.83491278 5.914487 0.824940 0.112486
40.769103 0.83457421 5.908654 0.819816 0.114371
42.199597 0.83285315 5.897151 0.814724 0.117253
43.630092 0.82743603 5.883162 0.809203 0.119646
45.060587 0.82774639 5.879593 0.804968 0.121322
46.491082 0.82857871 5.875049 0.802030 0.122671
47.921577 0.82634979 5.874234 0.801058 0.122587
49.352071 0.82627925 5.876545 0.803032 0.122335
50.782566 0.82732318 5.872591 0.803120 0.122902
52.213061 0.82550337 5.876702 0.803884 0.121905
53.643556 0.82247035 5.873246 0.805715 0.121191
55.074051 0.82596890 5.874159 0.803597 0.121753
56.504546 0.82623693 5.878007 0.804680 0.120889
57.935040 0.82070696 5.868488 0.804504 0.122216
59.365535 0.82388105 5.865809 0.804086 0.122170
60.796030 0.81949375 5.866778 0.805669 0.122662
62.226525 0.82230106 5.866341 0.806130 0.121901
63.657020 0.82152517 5.870387 0.804450 0.121617
65.087515 0.82214588 5.873299 0.804701 0.121764
66.518009 0.82124303 5.867148 0.804974 0.122414
67.948504 0.82406444 5.868030 0.803825 0.122789
69.378999 0.82026964 5.864376 0.803307 0.122854
70.809494 0.82172267 5.862453 0.803556 0.123535
72.239989 0.82378230 5.870999 0.802136 0.122645
73.670483 0.82364123 5.871559 0.801564 0.123022
75.100978 0.81839340 5.864651 0.798768 0.124268
76.531473 0.81914108 5.849740 0.793707 0.127413
77.961968 0.81397789 5.839844 0.786941 0.129861
79.392463 0.81451396 5.826232 0.779725 0.132922
80.822958 0.81277879 5.812080 0.772285 0.137088
82.253452 0.80813756 5.792131 0.765442 0.140672
83.683947 0.80832095 5.787605 0.762521 0.141700
85.114442 0.80840560 5.789024 0.765160 0.141425
