# Layer profile at T = 0.440000
# input   = perfect_Sigma147_theta16.4264deg.dat
# seed    = 8000041
# n_samples = 1000
# Lx = 112.830716  Ly = 65.142844
# columns : x rho coord psi6 psi4
0.940256 0.49840861 6.173742 0.475139 0.180397
2.820768 0.49119240 6.171010 0.476228 0.180859
4.701280 0.48717613 6.129725 0.477399 0.182718
6.581792 0.48279253 6.134775 0.475645 0.182635
8.462304 0.48371496 6.101188 0.475088 0.184274
10.342816 0.49488213 6.098888 0.474934 0.183256
12.223328 0.49855555 6.072027 0.479877 0.183565
14.103840 0.49045771 6.024001 0.482831 0.185753
15.984351 0.48286599 5.999882 0.485310 0.185451
17.864863 0.47225391 5.997736 0.487435 0.186711
19.745375 0.47802525 6.013832 0.486949 0.185806
21.625887 0.49426174 6.067137 0.481929 0.182907
23.506399 0.50952681 6.139447 0.477284 0.179574
25.386911 0.52324088 6.211645 0.472923 0.177004
27.267423 0.52521636 6.250342 0.467719 0.176489
29.147935 0.52480004 6.249281 0.469886 0.175908
31.028447 0.52612247 6.243068 0.471671 0.175904
32.908959 0.52845712 6.234317 0.473352 0.174832
34.789471 0.52085724 6.213726 0.475833 0.174700
36.669983 0.50815540 6.165639 0.478353 0.177938
38.550495 0.49514335 6.121950 0.479407 0.180069
40.431007 0.47783750 6.055590 0.482833 0.184477
42.311519 0.46728256 6.023147 0.485742 0.186252
44.192031 0.45843372 6.004202 0.487267 0.186866
46.072542 0.45407460 5.979110 0.488303 0.188905
47.953054 0.45676844 5.998481 0.487217 0.187350
49.833566 0.46215611 6.044988 0.485451 0.185028
51.714078 0.47375593 6.052743 0.485934 0.184266
53.594590 0.48393536 6.061097 0.482303 0.183279
55.475102 0.49990246 6.084864 0.482324 0.182267
57.355614 0.50702072 6.165140 0.478613 0.178557
59.236126 0.51422877 6.210528 0.475335 0.175894
61.116638 0.51911849 6.231802 0.474378 0.173714
62.997150 0.52887344 6.236278 0.475121 0.173873
64.877662 0.53108566 6.281944 0.470665 0.172185
66.758174 0.53256318 6.327836 0.466472 0.170494
68.638686 0.53186115 6.330586 0.463734 0.172065
70.519198 0.52984486 6.320320 0.465350 0.173066
72.399710 0.53207340 6.274778 0.469200 0.175065
74.280222 0.52084908 6.220672 0.472292 0.177344
76.160733 0.49372297 6.124764 0.476694 0.182056
78.041245 0.46175612 5.924478 0.490002 0.191225
79.921757 0.41765884 5.754554 0.500820 0.201142
81.802269 0.38981437 5.632065 0.508946 0.207477
83.682781 0.37867169 5.618910 0.511887 0.207362
85.563293 0.38743074 5.716019 0.505320 0.202138
87.443805 0.39207556 5.824068 0.501126 0.195353
89.324317 0.39931627 5.898604 0.494033 0.191728
91.204829 0.40836919 5.934814 0.490577 0.190968
93.085341 0.41383849 5.969564 0.490279 0.190189
94.965853 0.41729150 5.976936 0.486951 0.188924
96.846365 0.42713624 5.942341 0.491424 0.191856
98.726877 0.43880953 5.921217 0.493386 0.191949
100.607389 0.45340523 5.935924 0.491941 0.190089
102.487901 0.46789480 5.987526 0.489914 0.187724
104.368413 0.48198437 6.041444 0.484987 0.185695
106.248924 0.48898018 6.085558 0.480245 0.183463
108.129436 0.49180463 6.106130 0.477440 0.182561
110.009948 0.49453928 6.138341 0.477537 0.180943
111.890460 0.49728210 6.152221 0.476861 0.180610
