# Layer profile at T = 0.300000
# input   = bicrystal_Sigma147_theta16.4264deg.dat
# seed    = 1000797
# n_samples = 1000
# Lx = 83.999256  Ly = 48.496993
# columns : x rho coord psi6 psi4
0.699994 0.85159200 5.906328 0.857594 0.103518
2.099981 0.84303470 5.882595 0.843762 0.111007
3.499969 0.83877814 5.868883 0.835628 0.115208
4.899957 0.84711451 5.855516 0.829970 0.117784
6.299944 0.83671613 5.863420 0.839031 0.113908
7.699932 0.85148890 5.911022 0.864533 0.100325
9.099919 0.86138651 5.968145 0.892613 0.085714
10.499907 0.86944305 5.994359 0.905703 0.078316
11.899895 0.86596710 5.998877 0.908818 0.076080
13.299882 0.86910429 5.999305 0.909553 0.075891
14.699870 0.86855933 5.999373 0.910322 0.075687
16.099857 0.86882445 5.999152 0.909986 0.075637
17.499845 0.86822057 5.999203 0.910020 0.075534
18.899833 0.86901592 5.999458 0.910074 0.075493
20.299820 0.86886863 5.999475 0.910311 0.075423
21.699808 0.86917793 5.999373 0.910101 0.075579
23.099795 0.86795546 5.999508 0.910607 0.075179
24.499783 0.86935468 5.999543 0.910743 0.075334
25.899771 0.86732213 5.999372 0.911133 0.074949
27.299758 0.86939886 5.999407 0.910512 0.074910
28.699746 0.86903065 5.999373 0.910510 0.075293
30.099733 0.86743996 5.999100 0.910489 0.075031
31.499721 0.86997328 5.999306 0.911903 0.074922
32.899709 0.86956088 5.999170 0.911110 0.074715
34.299696 0.86967870 5.999204 0.910432 0.075267
35.699684 0.86724849 5.999507 0.910674 0.075496
37.099671 0.86919266 5.999102 0.910426 0.075472
38.499659 0.86833840 5.998982 0.909676 0.076113
39.899647 0.86783763 5.996046 0.906946 0.077405
41.299634 0.86502447 5.984897 0.899788 0.081087
42.699622 0.85913304 5.954587 0.884882 0.090304
44.099609 0.84550910 5.891353 0.851913 0.107572
45.499597 0.83243012 5.817704 0.809978 0.128143
46.899585 0.83357895 5.809350 0.806285 0.129908
48.299572 0.83920526 5.865632 0.837132 0.115150
49.699560 0.85253463 5.920858 0.864919 0.099735
51.099547 0.85768964 5.956537 0.883309 0.089764
52.499535 0.86711593 5.981231 0.898701 0.081985
53.899523 0.86732213 5.994838 0.906863 0.077537
55.299510 0.86847096 5.998694 0.909373 0.075879
56.699498 0.86721903 5.999389 0.910101 0.075395
58.099485 0.86954615 5.999306 0.910495 0.075151
59.499473 0.86948723 5.999441 0.910489 0.075676
60.899461 0.86777872 5.999440 0.910823 0.075145
62.299448 0.86975235 5.999323 0.911320 0.075038
63.699436 0.86823530 5.999491 0.910851 0.075273
65.099423 0.86897173 5.999475 0.911004 0.074831
66.499411 0.86944305 5.999289 0.911052 0.075054
67.899399 0.87037095 5.999289 0.911035 0.075258
69.299386 0.86788182 5.999457 0.911127 0.074730
70.699374 0.86763143 5.999253 0.910856 0.075112
72.099361 0.86848569 5.999203 0.911204 0.075219
73.499349 0.87042986 5.999239 0.910584 0.075112
74.899337 0.86919266 5.999390 0.910895 0.075301
76.299324 0.86711593 5.999439 0.910203 0.075400
77.699312 0.86923685 5.999322 0.910240 0.075416
79.099299 0.86948723 5.999085 0.910243 0.075586
80.499287 0.86636477 5.996821 0.907531 0.077016
81.899275 0.86676244 5.983262 0.898960 0.081312
83.299262 0.85467028 5.948783 0.880515 0.091484
