# Density profile (accumulated) at T = 0.420000
# columns : x rho
0.779988 0.67033312
2.339965 0.66514924
3.899942 0.67468662
5.459919 0.68100929
7.019896 0.69259887
8.579873 0.69621690
10.139850 0.69855380
11.699827 0.69146008
13.259803 0.69055853
14.819780 0.69025011
16.379757 0.68538652
17.939734 0.68830467
19.499711 0.69856566
21.059688 0.69399863
22.619665 0.69741501
24.179642 0.69333434
25.739619 0.69231417
27.299595 0.69512556
28.859572 0.69596779
30.419549 0.70406982
31.979526 0.70871989
33.539503 0.71000103
35.099480 0.70602712
36.659457 0.70403423
38.219434 0.70398678
39.779410 0.70595594
41.339387 0.70633554
42.899364 0.70301407
44.459341 0.70558821
46.019318 0.70055855
47.579295 0.69843517
49.139272 0.70376140
50.699249 0.70384443
52.259225 0.70194645
53.819202 0.70584918
55.379179 0.70327504
56.939156 0.70218370
58.499133 0.69697610
60.059110 0.69123469
61.619087 0.68631179
63.179064 0.68569494
64.739040 0.68919435
66.299017 0.69544585
67.858994 0.69854194
69.418971 0.70284799
70.978948 0.70497136
72.538925 0.70688121
74.098902 0.70854195
75.658879 0.70855381
77.218856 0.70756923
78.778832 0.70780648
80.338809 0.71223116
81.898786 0.71210067
83.458763 0.71004848
85.018740 0.70817422
86.578717 0.70371395
88.138694 0.69634739
89.698671 0.68759293
91.258647 0.68558818
92.818624 0.67541023
