# Density profile (accumulated) at T = 0.340000
# columns : x rho
0.705746 0.82861046
2.117237 0.82885678
3.528728 0.84260731
4.940219 0.84870738
6.351710 0.84960573
7.763201 0.85431482
9.174692 0.85593764
10.586183 0.85547398
11.997674 0.85464807
13.409165 0.85792270
14.820656 0.85587968
16.232147 0.85585070
17.643639 0.85751699
19.055130 0.85679252
20.466621 0.85461910
21.878112 0.85728516
23.289603 0.85679252
24.701094 0.85593764
26.112585 0.85424237
27.524076 0.85485093
28.935567 0.84867841
30.347058 0.84744680
31.758549 0.84152060
33.170041 0.83566684
34.581532 0.83034920
35.993023 0.83792720
37.404514 0.83391361
38.816005 0.83174019
40.227496 0.83713028
41.638987 0.83668111
43.050478 0.84408524
44.461969 0.84428809
45.873460 0.84953329
47.284951 0.85448869
48.696442 0.85437277
50.107934 0.85503929
51.519425 0.85531459
52.930916 0.85498133
54.342407 0.85760393
55.753898 0.85566234
57.165389 0.85725618
58.576880 0.85702435
59.988371 0.85558989
61.399862 0.85773434
62.811353 0.85596662
64.222844 0.85544500
65.634335 0.85693741
67.045827 0.85676354
68.457318 0.85619845
69.868809 0.85698088
71.280300 0.85543051
72.691791 0.85501031
74.103282 0.85492338
75.514773 0.85330055
76.926264 0.85212690
78.337755 0.84749027
79.749246 0.84223058
81.160737 0.83065348
82.572228 0.82475626
83.983720 0.82035145
