# Density profile (accumulated) at T = 0.420000
# columns : x rho
0.787226 0.64714044
2.361679 0.65020315
3.936131 0.65599086
5.510583 0.66020645
7.085036 0.67018647
8.659488 0.67763945
10.233940 0.67886221
11.808393 0.68962246
13.382845 0.68637342
14.957297 0.68823667
16.531750 0.68488282
18.106202 0.68226263
19.680655 0.68071381
21.255107 0.68483624
22.829559 0.68873741
24.404012 0.69274339
25.978464 0.69568965
27.552916 0.69472309
29.127369 0.69447854
30.701821 0.69433880
32.276273 0.69214948
33.850726 0.68747972
35.425178 0.68792224
36.999631 0.68703720
38.574083 0.68789895
40.148535 0.68416082
41.722988 0.68339223
43.297440 0.68919158
44.871892 0.68572128
46.446345 0.68720024
48.020797 0.69351198
49.595249 0.69149735
51.169702 0.69246391
52.744154 0.68993688
54.318607 0.69226594
55.893059 0.69534029
57.467511 0.69483955
59.041964 0.69370995
60.616416 0.69258036
62.190868 0.69202139
63.765321 0.69110141
65.339773 0.68812021
66.914226 0.68388133
68.488678 0.68250718
70.063130 0.68322919
71.637583 0.68546509
73.212035 0.68631519
74.786487 0.68482460
76.360940 0.68754959
77.935392 0.68159885
79.509844 0.68101659
81.084297 0.67770932
82.658749 0.67871082
84.233202 0.67486787
85.807654 0.67931637
87.382106 0.67816349
88.956559 0.67269020
90.531011 0.65273018
92.105463 0.64764118
93.679916 0.64921330
