# Density profile (accumulated) at T = 0.380000
# columns : x rho
0.708989 0.84411798
2.126968 0.84325655
3.544946 0.84436205
4.962924 0.84451998
6.380903 0.84195004
7.798881 0.84548192
9.216860 0.84375905
10.634838 0.84378776
12.052816 0.84416105
13.470795 0.84400312
14.888773 0.84410362
16.306752 0.84269662
17.724730 0.84597006
19.142708 0.84367291
20.560687 0.84417541
21.978665 0.84306990
23.396644 0.84536706
24.814622 0.84123218
26.232600 0.84599878
27.650579 0.84407491
29.068557 0.84322783
30.486536 0.84456305
31.904514 0.84408927
33.322493 0.84485020
34.740471 0.84296940
36.158449 0.84518041
37.576428 0.84317040
38.994406 0.84520913
40.412385 0.84408927
41.830363 0.84337141
43.248341 0.84493634
44.666320 0.84426155
46.084298 0.84373034
47.502277 0.84592699
48.920255 0.84294069
50.338233 0.84398877
51.756212 0.84480713
53.174190 0.84466355
54.592169 0.84381648
56.010147 0.84532399
57.428125 0.84314169
58.846104 0.84385955
60.264082 0.84408927
61.682061 0.84476405
63.100039 0.84505120
64.518017 0.84464920
65.935996 0.84553934
67.353974 0.84282583
68.771953 0.84470663
70.189931 0.84499377
71.607909 0.84266790
73.025888 0.84525220
74.443866 0.84486456
75.861845 0.84575470
77.279823 0.84298376
78.697801 0.84556806
80.115780 0.84327090
81.533758 0.84578342
82.951737 0.84327090
84.369715 0.84433334
