# Density profile (accumulated) at T = 0.300000
# columns : x rho
0.698066 0.87052062
2.094197 0.87081682
3.490328 0.87213491
4.886459 0.87084644
6.282591 0.87044657
7.678722 0.87105378
9.074853 0.87012075
10.470985 0.87068353
11.867116 0.87154251
13.263247 0.87044657
14.659378 0.86970606
16.055510 0.87290504
17.451641 0.87029847
18.847772 0.86938024
20.243903 0.87210529
21.640035 0.87038733
23.036166 0.86915809
24.432297 0.87167580
25.828428 0.87238669
27.224560 0.87015037
28.620691 0.87013556
30.016822 0.87189795
31.412954 0.87065391
32.809085 0.86969125
34.205216 0.87111302
35.601347 0.87096492
36.997479 0.86982454
38.393610 0.87124631
39.789741 0.87148327
41.185872 0.86935062
42.582004 0.87217934
43.978135 0.87031328
45.374266 0.87183871
46.770398 0.86924695
48.166529 0.87173504
49.562660 0.86997265
50.958791 0.86995784
52.354923 0.87151289
53.751054 0.86936543
55.147185 0.87257922
56.543316 0.87059467
57.939448 0.87114264
59.335579 0.87053543
60.731710 0.87078720
62.127842 0.87044657
63.523973 0.87212010
64.920104 0.87006151
66.316235 0.87121669
67.712367 0.87026885
69.108498 0.87278656
70.504629 0.87047619
71.900760 0.87020961
73.296892 0.87206086
74.693023 0.87029847
76.089154 0.87188314
77.485285 0.87062429
78.881417 0.87124631
80.277548 0.87083163
81.673679 0.87038733
83.069811 0.87009113
