# Density profile (accumulated) at T = 0.340000
# columns : x rho
0.703482 0.85777933
2.110447 0.85696269
3.517411 0.85814391
4.924375 0.85824599
6.331340 0.85740018
7.738304 0.85649604
9.145268 0.85770642
10.552233 0.85831890
11.959197 0.85611689
13.366162 0.85770642
14.773126 0.85688978
16.180090 0.85751684
17.587055 0.85773559
18.994019 0.85796891
20.400983 0.85745851
21.807948 0.85652521
23.214912 0.85843556
24.621877 0.85686061
26.028841 0.85757517
27.435805 0.85764809
28.842770 0.85845015
30.249734 0.85750226
31.656698 0.85721060
33.063663 0.85728352
34.470627 0.85588356
35.877592 0.85938345
37.284556 0.85614605
38.691520 0.85858139
40.098485 0.85740018
41.505449 0.85772100
42.912413 0.85684603
44.319378 0.85840640
45.726342 0.85767725
47.133307 0.85668562
48.540271 0.85675853
49.947235 0.85601481
51.354200 0.85842098
52.761164 0.85766267
54.168128 0.85667104
55.575093 0.85830432
56.982057 0.85681686
58.389022 0.85782308
59.795986 0.85672937
61.202950 0.85807099
62.609915 0.85741476
64.016879 0.85719602
65.423843 0.85840640
66.830808 0.85729810
68.237772 0.85649604
69.644737 0.85925220
71.051701 0.85560649
72.458665 0.85791058
73.865630 0.85649604
75.272594 0.85782308
76.679558 0.85875639
78.086523 0.85683145
79.493487 0.85674395
80.900452 0.85919387
82.307416 0.85747309
83.714380 0.85754601
