# Density profile (accumulated) at T = 0.400000
# columns : x rho
0.754183 0.74141619
2.262548 0.74345897
3.770913 0.74616153
5.279278 0.74683400
6.787643 0.74756991
8.296008 0.74363660
9.804373 0.74232973
11.312738 0.74532412
12.821103 0.74430907
14.329468 0.74773486
15.837833 0.74501961
17.346198 0.74688476
18.854563 0.74252005
20.362928 0.74189833
21.871293 0.74644067
23.379659 0.74482928
24.888024 0.74928281
26.396389 0.74835657
27.904754 0.74586971
29.413119 0.74967614
30.921484 0.74538756
32.429849 0.74578089
33.938214 0.74756991
35.446579 0.74600928
36.954944 0.74480391
38.463309 0.74316714
39.971674 0.74222822
41.480039 0.74031232
42.988404 0.73611256
44.496769 0.74085791
46.005134 0.73792696
47.513500 0.74317983
49.021865 0.74642798
50.530230 0.75013291
52.038595 0.74453746
53.546960 0.74670712
55.055325 0.74325596
56.563690 0.74760798
58.072055 0.74390305
59.580420 0.74461359
61.088785 0.74685938
62.597150 0.74114974
64.105515 0.74812819
65.613880 0.74016006
67.122245 0.74172070
68.630610 0.73768589
70.138976 0.73852330
71.647341 0.73465343
73.155706 0.73971598
74.664071 0.74135275
76.172436 0.73889125
77.680801 0.74075640
79.189166 0.73996974
80.697531 0.74236779
82.205896 0.74050264
83.714261 0.74208865
85.222626 0.73853599
86.730991 0.74210134
88.239356 0.74238048
89.747721 0.74372542
