# Density profile (accumulated) at T = 0.280000
# columns : x rho
0.696923 0.85009451
2.090768 0.83580046
3.484614 0.83960428
4.878459 0.85476013
6.272305 0.86536923
7.666150 0.87007943
9.059996 0.87403183
10.453842 0.87511652
11.847687 0.87600804
13.241533 0.87645380
14.635378 0.87584459
16.029224 0.87626064
17.423069 0.87743447
18.816915 0.87578516
20.210760 0.87535426
21.604606 0.87627549
22.998451 0.87678069
24.392297 0.87505708
25.786142 0.87715216
27.179988 0.87715216
28.573833 0.87499765
29.967679 0.87502737
31.361525 0.87666182
32.755370 0.87731560
34.149216 0.87409127
35.543061 0.87640922
36.936907 0.87184761
38.330752 0.87132756
39.724598 0.85877198
41.118443 0.85834107
42.512289 0.83642453
43.906134 0.84807373
45.299980 0.84398759
46.693825 0.87204077
48.087671 0.87174360
49.481516 0.87526510
50.875362 0.87553256
52.269208 0.87617148
53.663053 0.87620120
55.056899 0.87642408
56.450744 0.87738989
57.844590 0.87514623
59.238435 0.87669154
60.632281 0.87599318
62.026126 0.87749391
63.419972 0.87661724
64.813817 0.87495307
66.207663 0.87578516
67.601508 0.87605261
68.995354 0.87541369
70.389199 0.87727103
71.783045 0.87410613
73.176891 0.87661724
74.570736 0.87698871
75.964582 0.87355636
77.358427 0.87122354
78.752273 0.87000513
80.146118 0.87489364
81.539964 0.87159501
82.933809 0.86823695
