# Density profile (accumulated) at T = 0.320000
# columns : x rho
0.700782 0.86296204
2.102346 0.86557784
3.503910 0.86290326
4.905474 0.86404951
6.307038 0.86396134
7.708602 0.86263874
9.110167 0.86449037
10.511731 0.86413768
11.913295 0.86457855
13.314859 0.86374090
14.716423 0.86485776
16.117987 0.86309430
17.519551 0.86451976
18.921115 0.86637139
20.322679 0.86330004
21.724243 0.86328534
23.125807 0.86463733
24.527371 0.86429933
25.928935 0.86343230
27.330500 0.86382908
28.732064 0.86313839
30.133628 0.86469611
31.535192 0.86500471
32.936756 0.86390255
34.338320 0.86491654
35.739884 0.86418177
37.141448 0.86402012
38.543012 0.86400542
39.944576 0.86347639
41.346140 0.86257996
42.747704 0.86482837
44.149269 0.86501941
45.550833 0.86385847
46.952397 0.86202153
48.353961 0.86554845
49.755525 0.86393195
51.157089 0.86474020
52.558653 0.86443159
53.960217 0.86353517
55.361781 0.86443159
56.763345 0.86440220
58.164909 0.86501941
59.566473 0.86379969
60.968037 0.86363804
62.369602 0.86518106
63.771166 0.86419646
65.172730 0.86337352
66.574294 0.86357925
67.975858 0.86454915
69.377422 0.86443159
70.778986 0.86500471
72.180550 0.86451976
73.582114 0.86268283
74.983678 0.86372621
76.385242 0.86516636
77.786806 0.86375560
79.188370 0.86384377
80.589935 0.86432872
81.991499 0.86384377
83.393063 0.86363804
