# Density profile (accumulated) at T = 0.380000
# columns : x rho
0.715247 0.80974577
2.145742 0.81743412
3.576237 0.82302052
5.006732 0.82783103
6.437227 0.83090637
7.867722 0.83015870
9.298216 0.83417921
10.728711 0.83106155
12.159206 0.82678711
13.589701 0.82822603
15.020196 0.82560211
16.450690 0.82663193
17.881185 0.82711157
19.311680 0.83173869
20.742175 0.83235940
22.172670 0.83623884
23.603165 0.83773419
25.033659 0.84027347
26.464154 0.84135971
27.894649 0.83738152
29.325144 0.83866526
30.755639 0.83986436
32.186134 0.83893329
33.616628 0.83772009
35.047123 0.83927186
36.477618 0.83887687
37.908113 0.83666206
39.338608 0.83491278
40.769103 0.83457421
42.199597 0.83285315
43.630092 0.82743603
45.060587 0.82774639
46.491082 0.82857871
47.921577 0.82634979
49.352071 0.82627925
50.782566 0.82732318
52.213061 0.82550337
53.643556 0.82247035
55.074051 0.82596890
56.504546 0.82623693
57.935040 0.82070696
59.365535 0.82388105
60.796030 0.81949375
62.226525 0.82230106
63.657020 0.82152517
65.087515 0.82214588
66.518009 0.82124303
67.948504 0.82406444
69.378999 0.82026964
70.809494 0.82172267
72.239989 0.82378230
73.670483 0.82364123
75.100978 0.81839340
76.531473 0.81914108
77.961968 0.81397789
79.392463 0.81451396
80.822958 0.81277879
82.253452 0.80813756
83.683947 0.80832095
85.114442 0.80840560
