# Density profile (accumulated) at T = 0.360000
# columns : x rho
0.710257 0.82301044
2.130771 0.82023507
3.551284 0.82149400
4.971798 0.82495605
6.392312 0.82083592
7.812825 0.82793170
9.233339 0.82612915
10.653853 0.83391161
12.074367 0.83585723
13.494880 0.83966263
14.915394 0.84428347
16.335908 0.84366831
17.756421 0.84568546
19.176935 0.84637215
20.597449 0.84644368
22.017963 0.84768830
23.438476 0.84638646
24.858990 0.84562824
26.279504 0.84667258
27.700017 0.84837499
29.120531 0.84713037
30.541045 0.84542795
31.961559 0.84687286
33.382072 0.84541365
34.802586 0.84482710
36.223100 0.84338219
37.643613 0.83993444
39.064127 0.83169418
40.484641 0.82431228
41.905154 0.81640106
43.325668 0.81896183
44.746182 0.82019215
46.166696 0.82559982
47.587209 0.83115055
49.007723 0.82813199
50.428237 0.83355396
51.848750 0.83783146
53.269264 0.84000597
54.689778 0.84401166
56.110292 0.84411180
57.530805 0.84537073
58.951319 0.84618617
60.371833 0.84474126
61.792346 0.84768830
63.212860 0.84445514
64.633374 0.84532781
66.053888 0.84598589
67.474401 0.84598589
68.894915 0.84534212
70.315429 0.84610033
71.735942 0.84604311
73.156456 0.84631492
74.576970 0.84517044
75.997484 0.84542795
77.417997 0.84109323
78.838511 0.84020626
80.259025 0.83834648
81.679538 0.83667267
83.100052 0.83404037
84.520566 0.82525648
