# Density profile (accumulated) at T = 0.280000
# columns : x rho
0.695953 0.87504015
2.087858 0.87520405
3.479763 0.87764767
4.871668 0.87571065
6.263573 0.87681326
7.655478 0.87581495
9.047383 0.87611296
10.439288 0.87574045
11.831193 0.87617256
13.223098 0.87770727
14.615003 0.87568085
16.006908 0.87650036
17.398813 0.87593415
18.790718 0.87666426
20.182623 0.87442924
21.574528 0.87694736
22.966433 0.87641096
24.358338 0.87575535
25.750243 0.87693246
27.142148 0.87442924
28.534053 0.87812447
29.925958 0.87481664
31.317863 0.87726027
32.709768 0.87681326
34.101673 0.87685796
35.493579 0.87526365
36.885484 0.87727517
38.277389 0.87618746
39.669294 0.87568085
41.061199 0.87496565
42.453104 0.87687286
43.845009 0.87578515
45.236914 0.87633646
46.628819 0.87636626
48.020724 0.87617256
49.412629 0.87565105
50.804534 0.87687286
52.196439 0.87526365
53.588344 0.87484644
54.980249 0.87559145
56.372154 0.87673876
57.764059 0.87511465
59.155964 0.87666426
60.547869 0.87459314
61.939774 0.87775197
63.331679 0.87484644
64.723584 0.87700696
66.115489 0.87542755
67.507394 0.87547225
68.899299 0.87566595
70.291204 0.87708146
71.683110 0.87486134
73.075015 0.87658976
74.466920 0.87697716
75.858825 0.87517425
77.250730 0.87793077
78.642635 0.87647056
80.034540 0.87495075
81.426445 0.87697716
82.818350 0.87672386
