# Density profile (accumulated) at T = 0.360000
# columns : x rho
0.706029 0.85057441
2.118087 0.85054546
3.530144 0.85278953
4.942202 0.84979261
6.354260 0.85102323
7.766318 0.85226832
9.178376 0.85102323
10.590433 0.84893842
12.002491 0.85248549
13.414549 0.85050203
14.826607 0.85121144
16.238664 0.85031381
17.650722 0.85199325
19.062780 0.85092188
20.474838 0.85108114
21.886896 0.85134174
23.298953 0.85041516
24.711011 0.85139965
26.123069 0.85115353
27.535127 0.85058889
28.947184 0.85011112
30.359242 0.85197877
31.771300 0.85122592
33.183358 0.85284744
34.595415 0.84989396
36.007473 0.85105218
37.419531 0.85082054
38.831589 0.85213802
40.243647 0.85206563
41.655704 0.85122592
43.067762 0.84928589
44.479820 0.85277505
45.891878 0.85252893
47.303935 0.85076263
48.715993 0.85108114
50.128051 0.85209459
51.540109 0.85129831
52.952167 0.85137070
54.364224 0.85209459
55.776282 0.85112457
57.188340 0.85206563
58.600398 0.85257236
60.012455 0.85034277
61.424513 0.85167473
62.836571 0.85116801
64.248629 0.85181951
65.660687 0.85113905
67.072744 0.85333969
68.484802 0.85067576
69.896860 0.85064680
71.308918 0.85071919
72.720975 0.85113905
74.133033 0.85264475
75.545091 0.85063233
76.957149 0.85196429
78.369207 0.85271714
79.781264 0.84948858
81.193322 0.85183399
82.605380 0.85108114
84.017438 0.85209459
