# Density profile (accumulated) at T = 0.320000
# columns : x rho
0.702239 0.83035065
2.106716 0.84194123
3.511194 0.85405865
4.915671 0.86182960
6.320148 0.86068811
7.724626 0.86377600
9.129103 0.86301500
10.533581 0.86083445
11.938058 0.86456627
13.342536 0.86159545
14.747013 0.86415650
16.151490 0.86118568
17.555968 0.86188814
18.960445 0.86314671
20.364923 0.86240035
21.769400 0.86414186
23.173877 0.86286866
24.578355 0.86417113
25.982832 0.86355648
27.387310 0.86509311
28.791787 0.86289793
30.196265 0.86360039
31.600742 0.86405406
33.005219 0.86488823
34.409697 0.86314671
35.814174 0.86336623
37.218652 0.86304427
38.623129 0.86158082
40.027607 0.85471720
41.432084 0.83620448
42.836561 0.82594565
44.241039 0.81947717
45.645516 0.83847284
47.049994 0.84756090
48.454471 0.85803925
49.858948 0.86158082
51.263426 0.86109787
52.667903 0.86358575
54.072381 0.86406869
55.476858 0.86335160
56.881336 0.86355648
58.285813 0.86515165
59.690290 0.86169789
61.094768 0.86519555
62.499245 0.86370283
63.903723 0.86289793
65.308200 0.86518092
66.712678 0.86434675
68.117155 0.86336623
69.521632 0.86428821
70.926110 0.86452236
72.330587 0.86201985
73.735065 0.86582484
75.139542 0.86172716
76.544019 0.86304427
77.948497 0.86060030
79.352974 0.85259519
80.757452 0.84300955
82.161929 0.82647249
83.566407 0.81998938
