# Density profile (accumulated) at T = 0.440000
# columns : x rho
0.940256 0.49840861
2.820768 0.49119240
4.701280 0.48717613
6.581792 0.48279253
8.462304 0.48371496
10.342816 0.49488213
12.223328 0.49855555
14.103840 0.49045771
15.984351 0.48286599
17.864863 0.47225391
19.745375 0.47802525
21.625887 0.49426174
23.506399 0.50952681
25.386911 0.52324088
27.267423 0.52521636
29.147935 0.52480004
31.028447 0.52612247
32.908959 0.52845712
34.789471 0.52085724
36.669983 0.50815540
38.550495 0.49514335
40.431007 0.47783750
42.311519 0.46728256
44.192031 0.45843372
46.072542 0.45407460
47.953054 0.45676844
49.833566 0.46215611
51.714078 0.47375593
53.594590 0.48393536
55.475102 0.49990246
57.355614 0.50702072
59.236126 0.51422877
61.116638 0.51911849
62.997150 0.52887344
64.877662 0.53108566
66.758174 0.53256318
68.638686 0.53186115
70.519198 0.52984486
72.399710 0.53207340
74.280222 0.52084908
76.160733 0.49372297
78.041245 0.46175612
79.921757 0.41765884
81.802269 0.38981437
83.682781 0.37867169
85.563293 0.38743074
87.443805 0.39207556
89.324317 0.39931627
91.204829 0.40836919
93.085341 0.41383849
94.965853 0.41729150
96.846365 0.42713624
98.726877 0.43880953
100.607389 0.45340523
102.487901 0.46789480
104.368413 0.48198437
106.248924 0.48898018
108.129436 0.49180463
110.009948 0.49453928
111.890460 0.49728210
