# Density profile (accumulated) at T = 0.400000
# columns : x rho
0.712713 0.83560545
2.138138 0.83685572
3.563563 0.83561966
4.988988 0.83581857
6.414413 0.83601747
7.839838 0.83554862
9.265263 0.83564808
10.690689 0.83684151
12.116114 0.83549179
13.541539 0.83571911
14.966964 0.83624480
16.392389 0.83613113
17.817814 0.83620217
19.243239 0.83499453
20.668665 0.83576174
22.094090 0.83498032
23.519515 0.83658578
24.944940 0.83587540
26.370365 0.83655736
27.795790 0.83560545
29.221215 0.83500873
30.646641 0.83486666
32.072066 0.83569070
33.497491 0.83593223
34.922916 0.83428415
36.348341 0.83360218
37.773766 0.83500873
39.199191 0.83402841
40.624616 0.83767976
42.050042 0.83371584
43.475467 0.83490928
44.900892 0.83346011
46.326317 0.83525026
47.751742 0.83407103
49.177167 0.83431256
50.602592 0.83608851
52.028018 0.83488087
53.453443 0.83439781
54.878868 0.83559125
56.304293 0.83367322
57.729718 0.83544917
59.155143 0.83556283
60.580568 0.83476721
62.005994 0.83603168
63.431419 0.83512240
64.856844 0.83483824
66.282269 0.83601747
67.707694 0.83496611
69.133119 0.83530709
70.558544 0.83623059
71.983970 0.83441202
73.409395 0.83561966
74.834820 0.83542076
76.260245 0.83586119
77.685670 0.83357377
79.111095 0.83831910
80.536520 0.83544917
81.961946 0.83617376
83.387371 0.83618797
84.812796 0.83452568
