# Density profile (accumulated) at T = 0.440000
# columns : x rho
0.918991 0.48689408
2.756972 0.46563337
4.594953 0.45408867
6.432934 0.45665226
8.270915 0.45956621
10.108896 0.45930985
11.946877 0.46189053
13.784858 0.48154472
15.622839 0.50033583
17.460821 0.51645227
19.298802 0.53541429
21.136783 0.54530120
22.974764 0.55152218
24.812745 0.55562392
26.650726 0.55501720
28.488707 0.54530120
30.326688 0.52696298
32.164669 0.50955621
34.002651 0.49462757
35.840632 0.47513574
37.678613 0.45848950
39.516594 0.45008093
41.354575 0.45580628
43.192556 0.46748770
45.030537 0.48437321
46.868518 0.49736207
48.706499 0.51699917
50.544481 0.53832823
52.382462 0.54550628
54.220443 0.54472866
56.058424 0.55353887
57.896405 0.55510266
59.734386 0.55839260
61.572367 0.56110146
63.410348 0.55546156
65.248329 0.55047110
67.086311 0.54201980
68.924292 0.53035547
70.762273 0.51925512
72.600254 0.51249579
74.438235 0.50497593
76.276216 0.49814823
78.114197 0.48827841
79.952178 0.48174126
81.790159 0.47486229
83.628141 0.46029256
85.466122 0.44504774
87.304103 0.43963002
89.142084 0.44188598
90.980065 0.44680808
92.818046 0.45884840
94.656027 0.46844477
96.494008 0.47805824
98.331989 0.48674026
100.169971 0.49505484
102.007952 0.50113054
103.845933 0.50812914
105.683914 0.51563192
107.521895 0.51325632
109.359876 0.50412140
