# Density profile (accumulated) at T = 0.300000
# columns : x rho
0.699994 0.85159200
2.099981 0.84303470
3.499969 0.83877814
4.899957 0.84711451
6.299944 0.83671613
7.699932 0.85148890
9.099919 0.86138651
10.499907 0.86944305
11.899895 0.86596710
13.299882 0.86910429
14.699870 0.86855933
16.099857 0.86882445
17.499845 0.86822057
18.899833 0.86901592
20.299820 0.86886863
21.699808 0.86917793
23.099795 0.86795546
24.499783 0.86935468
25.899771 0.86732213
27.299758 0.86939886
28.699746 0.86903065
30.099733 0.86743996
31.499721 0.86997328
32.899709 0.86956088
34.299696 0.86967870
35.699684 0.86724849
37.099671 0.86919266
38.499659 0.86833840
39.899647 0.86783763
41.299634 0.86502447
42.699622 0.85913304
44.099609 0.84550910
45.499597 0.83243012
46.899585 0.83357895
48.299572 0.83920526
49.699560 0.85253463
51.099547 0.85768964
52.499535 0.86711593
53.899523 0.86732213
55.299510 0.86847096
56.699498 0.86721903
58.099485 0.86954615
59.499473 0.86948723
60.899461 0.86777872
62.299448 0.86975235
63.699436 0.86823530
65.099423 0.86897173
66.499411 0.86944305
67.899399 0.87037095
69.299386 0.86788182
70.699374 0.86763143
72.099361 0.86848569
73.499349 0.87042986
74.899337 0.86919266
76.299324 0.86711593
77.699312 0.86923685
79.099299 0.86948723
80.499287 0.86636477
81.899275 0.86676244
83.299262 0.85467028
