# Layer profile at T = 0.340000
# input   = bicrystal_Sigma139_theta25.4611deg.dat
# seed    = 3000803
# n_samples = 1000
# Lx = 82.227425  Ly = 47.474026
# columns : x rho coord psi6 psi4
0.685229 0.83303215 5.871693 0.817244 0.115267
2.055686 0.83845782 5.892193 0.831542 0.110296
3.426143 0.84231573 5.925933 0.850520 0.101826
4.796600 0.84966267 5.954287 0.865768 0.095336
6.167057 0.85558018 5.977131 0.878433 0.089851
7.537514 0.85558018 5.990569 0.882900 0.087194
8.907971 0.85708646 5.995355 0.884576 0.085448
10.278428 0.85751682 5.996594 0.885839 0.085167
11.648885 0.85667146 5.996501 0.886312 0.085023
13.019342 0.85811626 5.992638 0.885681 0.085288
14.389799 0.85608739 5.988294 0.886366 0.085475
15.760256 0.85605665 5.989335 0.885998 0.085850
17.130713 0.85799330 5.990810 0.885960 0.085457
18.501171 0.85574925 5.989062 0.887032 0.085124
19.871628 0.85633332 5.986108 0.885732 0.085984
21.242085 0.85637943 5.988136 0.885588 0.085801
22.612542 0.85727090 5.993940 0.885875 0.085274
23.982999 0.85670220 5.997255 0.885681 0.085004
25.353456 0.85707109 5.997238 0.885630 0.084723
26.723913 0.85911532 5.996780 0.886715 0.084469
28.094370 0.85630258 5.997164 0.887066 0.084179
29.464827 0.85899236 5.997459 0.886371 0.084612
30.835284 0.85839292 5.997511 0.886677 0.084650
32.205741 0.85542648 5.997449 0.886579 0.084501
33.576198 0.85908458 5.997209 0.886785 0.084844
34.946655 0.85654850 5.996824 0.886002 0.084968
36.317113 0.85776274 5.996828 0.885729 0.085239
37.687570 0.85808552 5.996543 0.885221 0.085361
39.058027 0.85591832 5.993643 0.883919 0.086014
40.428484 0.85390483 5.985222 0.877939 0.089028
41.798941 0.85295188 5.970339 0.869130 0.092756
43.169398 0.84691141 5.942088 0.857365 0.099229
44.539855 0.84039446 5.904018 0.837546 0.108266
45.910312 0.83060366 5.855681 0.812435 0.119478
47.280769 0.82182730 5.815463 0.792803 0.128008
48.651226 0.82259581 5.799996 0.783266 0.132773
50.021683 0.82201174 5.802023 0.780626 0.133032
51.392140 0.82127397 5.824659 0.793499 0.127498
52.762597 0.83645970 5.869297 0.816295 0.116866
54.133055 0.84102463 5.923261 0.846576 0.103603
55.503512 0.85213726 5.965188 0.869309 0.093258
56.873969 0.85614888 5.986733 0.880674 0.088319
58.244426 0.85648702 5.993450 0.884605 0.085763
59.614883 0.85674831 5.994546 0.884688 0.085821
60.985340 0.85677905 5.993309 0.884275 0.085914
62.355797 0.85825459 5.989416 0.881454 0.087241
63.726254 0.85304410 5.981063 0.878060 0.089103
65.096711 0.85388946 5.970408 0.871482 0.091639
66.467168 0.85161468 5.964264 0.869404 0.092534
67.837625 0.85136875 5.966421 0.870363 0.092701
69.208082 0.85123042 5.963671 0.869693 0.093211
70.578539 0.84824861 5.952508 0.863005 0.096326
71.948997 0.84509773 5.934071 0.853574 0.100386
73.319454 0.84059427 5.908978 0.841370 0.106130
74.689911 0.83756635 5.895987 0.837012 0.108610
76.060368 0.83990261 5.896258 0.839294 0.108861
77.430825 0.83890355 5.897746 0.839330 0.108064
78.801282 0.83870374 5.891784 0.834111 0.110090
80.171739 0.83489194 5.889265 0.827976 0.111683
81.542196 0.83586026 5.875547 0.818736 0.115244
