# Layer profile at T = 0.340000
# input   = perfect_Sigma139_theta25.4611deg.dat
# seed    = 3000026
# n_samples = 1000
# Lx = 82.001369  Ly = 47.343512
# columns : x rho coord psi6 psi4
0.683345 0.86056662 5.997198 0.887482 0.084149
2.050034 0.85810927 5.997010 0.887599 0.084273
3.416724 0.85988660 5.996909 0.888261 0.083826
4.783413 0.85909839 5.997068 0.887496 0.083945
6.150103 0.85934568 5.997176 0.888318 0.083884
7.516792 0.85895930 5.996815 0.888069 0.084051
8.883482 0.85993297 5.996909 0.888258 0.084252
10.250171 0.86027298 5.996910 0.889210 0.083690
11.616861 0.85968569 5.996710 0.888512 0.084008
12.983550 0.85971660 5.997070 0.889186 0.083680
14.350240 0.85945386 5.996871 0.888695 0.083907
15.716929 0.86048935 5.997432 0.888087 0.083863
17.083619 0.85956205 5.997465 0.888110 0.084001
18.450308 0.85906748 5.997283 0.887897 0.083975
19.816998 0.85985569 5.996855 0.888136 0.084114
21.183687 0.86082936 5.996858 0.888792 0.083851
22.550376 0.85945386 5.997177 0.888033 0.084162
23.917066 0.85780017 5.997135 0.888894 0.083800
25.283755 0.86007206 5.997610 0.889862 0.083507
26.650445 0.85993297 5.997520 0.888935 0.083569
28.017134 0.85838746 5.996939 0.888374 0.083909
29.383824 0.85929931 5.996691 0.888024 0.083788
30.750513 0.86039662 5.996874 0.888053 0.084093
32.117203 0.85846474 5.997372 0.887883 0.084057
33.483892 0.86113846 5.997326 0.888662 0.083917
34.850582 0.85848019 5.996723 0.887726 0.083781
36.217271 0.86055117 5.996965 0.888516 0.084283
37.583961 0.85919112 5.996564 0.887178 0.084321
38.950650 0.85798563 5.996740 0.888070 0.084454
40.317340 0.85977842 5.996836 0.887355 0.084301
41.684029 0.85892839 5.996869 0.888247 0.084108
43.050719 0.85940750 5.997320 0.888660 0.083722
44.417408 0.85821746 5.996560 0.887985 0.084139
45.784098 0.86016479 5.995993 0.887447 0.084353
47.150787 0.85780017 5.996667 0.888229 0.084134
48.517477 0.85980933 5.996585 0.887012 0.084285
49.884166 0.85936113 5.996367 0.887722 0.084099
51.250856 0.85937659 5.997087 0.887892 0.084330
52.617545 0.85984024 5.996854 0.888141 0.084166
53.984235 0.85801654 5.997118 0.887749 0.084076
55.350924 0.85897475 5.997139 0.887971 0.084257
56.717614 0.86001024 5.996837 0.888465 0.084032
58.084303 0.85888202 5.996545 0.887375 0.084356
59.450993 0.85954659 5.996512 0.888157 0.083947
60.817682 0.85863474 5.996832 0.887610 0.084126
62.184372 0.85962387 5.996584 0.888265 0.083933
63.551061 0.85937659 5.996943 0.887424 0.084122
64.917750 0.85959296 5.996746 0.887641 0.084145
66.284440 0.85957750 5.997123 0.888832 0.083883
67.651129 0.85792381 5.997262 0.888828 0.083798
69.017819 0.86160211 5.996897 0.888267 0.083902
70.384508 0.85817109 5.996866 0.887612 0.084072
71.751198 0.85871202 5.997066 0.886233 0.084173
73.117887 0.85776926 5.996595 0.887623 0.084224
74.484577 0.85936113 5.996565 0.887098 0.084258
75.851266 0.85917567 5.996097 0.887605 0.084259
77.217956 0.85943841 5.996188 0.887364 0.084396
78.584645 0.85877384 5.996059 0.887484 0.084245
79.951335 0.85865020 5.996508 0.887254 0.084345
81.318024 0.85747562 5.996612 0.887461 0.084465
