# Layer profile at T = 0.320000
# input   = bicrystal_Sigma139_theta25.4611deg.dat
# seed    = 2000800
# n_samples = 1000
# Lx = 81.929328  Ly = 47.301919
# columns : x rho coord psi6 psi4
0.682744 0.81633075 5.757316 0.768443 0.139667
2.048233 0.82284876 5.788327 0.782336 0.132601
3.413722 0.83732463 5.856628 0.824387 0.116060
4.779211 0.84901371 5.923903 0.855511 0.100005
6.144700 0.85478857 5.961711 0.878477 0.090139
7.510188 0.85951065 5.974007 0.889078 0.085857
8.875677 0.85766826 5.972165 0.892607 0.084856
10.241166 0.86040862 5.974017 0.894477 0.084016
11.606655 0.86034669 5.984578 0.897252 0.081876
12.972144 0.86336572 5.992074 0.898874 0.080887
14.337632 0.86234389 5.998384 0.900433 0.080058
15.703121 0.86169364 5.998599 0.899442 0.079899
17.068610 0.86364440 5.998512 0.898723 0.080096
18.434099 0.86204973 5.994953 0.898248 0.080363
19.799588 0.86133755 5.993134 0.898798 0.080756
21.165076 0.86328831 5.993633 0.899643 0.080215
22.530565 0.86287029 5.995443 0.899552 0.080102
23.896054 0.86296318 5.995282 0.899219 0.079990
25.261543 0.86169364 5.990998 0.899418 0.081139
26.627032 0.86068730 5.983127 0.897542 0.081898
27.992520 0.85955709 5.982547 0.897037 0.082417
29.358009 0.86153882 5.987169 0.897462 0.081798
30.723498 0.86163171 5.990692 0.896884 0.081682
32.088987 0.85966547 5.989717 0.894473 0.083042
33.454476 0.85862816 5.970411 0.883357 0.088769
34.819964 0.84503478 5.920797 0.856626 0.100893
36.185453 0.83525002 5.840071 0.811704 0.119779
37.550942 0.82030968 5.779688 0.779602 0.133159
38.916431 0.82221399 5.777769 0.778848 0.134366
40.281920 0.82969190 5.822765 0.803705 0.124605
41.647408 0.83823808 5.870027 0.829792 0.112993
43.012897 0.84797640 5.917548 0.852950 0.101161
44.378386 0.85336421 5.951940 0.872269 0.092994
45.743875 0.85587233 5.975778 0.885980 0.086414
47.109363 0.86361344 5.988222 0.892731 0.083242
48.474852 0.86122917 5.995865 0.896563 0.080899
49.840341 0.86263806 5.997954 0.898558 0.080448
51.205830 0.86307156 5.998565 0.899043 0.079817
52.571319 0.86167816 5.998922 0.898825 0.079882
53.936807 0.86407790 5.998961 0.898583 0.080008
55.302296 0.86296318 5.999013 0.898931 0.079647
56.667785 0.86198780 5.998671 0.899291 0.079416
58.033274 0.86477460 5.998604 0.898973 0.079906
59.398763 0.86251420 5.998492 0.899136 0.079810
60.764251 0.86231293 5.998653 0.898572 0.079737
62.129740 0.86325734 5.998511 0.899014 0.079839
63.495229 0.86277740 5.998475 0.899628 0.079858
64.860718 0.86316445 5.998655 0.899326 0.079725
66.226207 0.86451140 5.998782 0.898993 0.079695
67.591695 0.86226648 5.998653 0.899375 0.079979
68.957184 0.86328831 5.998870 0.898878 0.079949
70.322673 0.86256064 5.998744 0.898342 0.079815
71.688162 0.86293222 5.998565 0.898714 0.080124
73.053651 0.86364440 5.998243 0.899313 0.080054
74.419139 0.86231293 5.997738 0.898682 0.080767
75.784628 0.86235938 5.994452 0.895497 0.082042
77.150117 0.85848882 5.978052 0.887129 0.086575
78.515606 0.85073223 5.935194 0.864307 0.097170
79.881095 0.83636474 5.863127 0.825621 0.114166
81.246583 0.82538785 5.787309 0.782108 0.132232
