# Layer profile at T = 0.440000
# input   = bicrystal_Sigma139_theta25.4611deg.dat
# seed    = 8000818
# n_samples = 1000
# Lx = 107.290747  Ly = 61.944342
# columns : x rho coord psi6 psi4
0.894090 0.51487087 6.041363 0.477600 0.184373
2.682269 0.50248458 6.038844 0.478226 0.185471
4.470448 0.49755534 6.053581 0.478647 0.184533
6.258627 0.49696852 6.038385 0.479687 0.185420
8.046806 0.49100107 6.021531 0.480180 0.185639
9.834985 0.48235233 5.994441 0.480354 0.188268
11.623164 0.47318900 5.961575 0.481546 0.189680
13.411343 0.47624947 5.955206 0.484070 0.190234
15.199523 0.47924673 5.982971 0.485773 0.187668
16.987702 0.48354402 5.981516 0.490029 0.185965
18.775881 0.47394735 5.923445 0.489938 0.189084
20.564060 0.45630681 5.876603 0.492753 0.192729
22.352239 0.44002948 5.901213 0.491620 0.192169
24.140418 0.43684263 5.876436 0.489358 0.195407
25.928597 0.43412523 5.847090 0.490899 0.196139
27.716776 0.43275298 5.804652 0.496684 0.196022
29.504955 0.42888001 5.831158 0.497861 0.193310
31.293135 0.43940655 5.842723 0.497183 0.193855
33.081314 0.44366773 5.822583 0.498630 0.193980
34.869493 0.43559678 5.832104 0.495812 0.195894
36.657672 0.43819681 5.869607 0.493309 0.192913
38.445851 0.45076367 5.919768 0.489693 0.192027
40.234030 0.46283399 5.971249 0.484951 0.189527
42.022209 0.48321901 6.006632 0.481260 0.186506
43.810388 0.50343251 6.062926 0.474824 0.184136
45.598568 0.51332710 6.105329 0.470550 0.182837
47.386747 0.51568339 6.128972 0.469364 0.182871
49.174926 0.51678479 6.130968 0.472056 0.181183
50.963105 0.51935775 6.125504 0.474769 0.181814
52.751284 0.52082930 6.127646 0.473975 0.180841
54.539463 0.51989039 6.142150 0.470285 0.179387
56.327642 0.51891538 6.128951 0.474950 0.179632
58.115821 0.52151542 6.123254 0.478857 0.178978
59.904000 0.51981817 6.099533 0.480940 0.179848
61.692180 0.51339932 6.085127 0.481502 0.179842
63.480359 0.51461809 6.074979 0.488128 0.177749
65.268538 0.51223472 6.060276 0.486335 0.179775
67.056717 0.49896369 6.053032 0.485194 0.181406
68.844896 0.48877118 6.033173 0.485670 0.182982
70.633075 0.47982452 6.052927 0.485884 0.181544
72.421254 0.47810922 6.048377 0.483076 0.181643
74.209433 0.47959882 6.056980 0.484112 0.182959
75.997613 0.48347180 6.074226 0.484411 0.181886
77.785792 0.49061287 6.071747 0.484231 0.181156
79.573971 0.50398321 6.072333 0.483744 0.182143
81.362150 0.51351669 6.081679 0.480415 0.181109
83.150329 0.52314044 6.123182 0.476941 0.179403
84.938508 0.53557188 6.168043 0.472561 0.178742
86.726687 0.54879777 6.223346 0.469323 0.176041
88.514866 0.55273394 6.253540 0.467927 0.174120
90.303046 0.55815069 6.263211 0.468188 0.173460
92.091225 0.55769929 6.282461 0.466972 0.173019
93.879404 0.55655275 6.288266 0.466498 0.172170
95.667583 0.55485550 6.273560 0.466215 0.172498
97.455762 0.55391660 6.261816 0.466714 0.173243
99.243941 0.55415132 6.259539 0.465455 0.174333
101.032120 0.54817484 6.235260 0.468051 0.175312
102.820299 0.53769344 6.196091 0.472128 0.176019
104.608478 0.53146418 6.147973 0.471333 0.179583
106.396658 0.52490991 6.093029 0.476023 0.182550
