# Layer profile at T = 0.400000
# input   = perfect_Sigma139_theta25.4611deg.dat
# seed    = 6000035
# n_samples = 1000
# Lx = 83.151078  Ly = 48.007297
# columns : x rho coord psi6 psi4
0.692926 0.83711384 5.978077 0.832849 0.103620
2.078777 0.83364177 5.979013 0.833030 0.103771
3.464628 0.83555066 5.979439 0.833905 0.103355
4.850480 0.83550557 5.978502 0.833730 0.103353
6.236331 0.83564084 5.980053 0.834303 0.103406
7.622182 0.83625710 5.980283 0.834336 0.103175
9.008033 0.83467888 5.979471 0.832951 0.103763
10.393885 0.83598655 5.979881 0.833963 0.103293
11.779736 0.83624207 5.980157 0.834804 0.103205
13.165587 0.83645249 5.979030 0.834799 0.103416
14.551439 0.83442336 5.979285 0.835716 0.103016
15.937290 0.83702366 5.979708 0.834506 0.103542
17.323141 0.83496447 5.981152 0.836649 0.102788
18.708993 0.83485925 5.980160 0.836378 0.102315
20.094844 0.83672304 5.979827 0.834764 0.103367
21.480695 0.83550557 5.980661 0.835136 0.102705
22.866546 0.83708378 5.979674 0.836335 0.102693
24.252398 0.83512980 5.980958 0.835692 0.102800
25.638249 0.83579115 5.979625 0.834997 0.103151
27.024100 0.83634728 5.980429 0.834930 0.103231
28.409952 0.83547551 5.980894 0.835483 0.102788
29.795803 0.83532520 5.979973 0.835367 0.102895
31.181654 0.83812089 5.980291 0.835237 0.102996
32.567505 0.83532520 5.980207 0.835174 0.102952
33.953357 0.83449852 5.978890 0.835759 0.103106
35.339208 0.83580618 5.980992 0.836080 0.102504
36.725059 0.83661783 5.980148 0.836555 0.102528
38.110911 0.83517489 5.980959 0.836020 0.102797
39.496762 0.83717396 5.980089 0.836939 0.102616
40.882613 0.83550557 5.979725 0.836421 0.103012
42.268465 0.83517489 5.979789 0.835901 0.102704
43.654316 0.83687335 5.978843 0.834232 0.103504
45.040167 0.83437827 5.978743 0.833664 0.103328
46.426018 0.83804574 5.979554 0.835446 0.103098
47.811870 0.83600158 5.980475 0.836220 0.102617
49.197721 0.83445343 5.980709 0.835550 0.103132
50.583572 0.83705372 5.980966 0.834684 0.103113
51.969424 0.83455864 5.980297 0.836076 0.102830
53.355275 0.83616691 5.980101 0.836112 0.102812
54.741126 0.83535526 5.980657 0.836479 0.102387
56.126978 0.83751967 5.980223 0.835153 0.103072
57.512829 0.83588133 5.981623 0.834637 0.103377
58.898680 0.83615188 5.981557 0.834501 0.103378
60.284531 0.83509974 5.977988 0.834264 0.103631
61.670383 0.83622703 5.978251 0.835284 0.102966
63.056234 0.83449852 5.978909 0.836083 0.103149
64.442085 0.83573103 5.980217 0.835599 0.102980
65.827937 0.83723408 5.979731 0.834149 0.103099
67.213788 0.83574606 5.979066 0.834837 0.103592
68.599639 0.83358165 5.979589 0.834628 0.103050
69.985491 0.83628716 5.978307 0.832605 0.103323
71.371342 0.83424300 5.977190 0.832796 0.103989
72.757193 0.83538532 5.977815 0.832734 0.103877
74.143044 0.83461876 5.977651 0.831955 0.104089
75.528896 0.83535526 5.979074 0.833341 0.103828
76.914747 0.83437827 5.979968 0.832814 0.103711
78.300598 0.83619697 5.978107 0.834492 0.103201
79.686450 0.83544544 5.978141 0.834002 0.103461
81.072301 0.83407766 5.978682 0.834926 0.103168
82.458152 0.83639237 5.978453 0.834485 0.103054
