# Layer profile at T = 0.360000
# input   = bicrystal_Sigma139_theta25.4611deg.dat
# seed    = 4000806
# n_samples = 1000
# Lx = 82.838561  Ly = 47.826866
# columns : x rho coord psi6 psi4
0.690321 0.82396648 5.877389 0.814065 0.118177
2.070964 0.81874173 5.815567 0.782944 0.131834
3.451607 0.80362780 5.766965 0.758997 0.142923
4.832249 0.80285545 5.746897 0.747283 0.148030
6.212892 0.80440016 5.769674 0.756920 0.143350
7.593535 0.81677298 5.812397 0.780594 0.133198
8.974177 0.81930207 5.851664 0.799533 0.124399
10.354820 0.82705590 5.886399 0.819011 0.115430
11.735463 0.83503691 5.921816 0.836261 0.107516
13.116105 0.83956503 5.950467 0.850907 0.100800
14.496748 0.84017080 5.963769 0.859214 0.097558
15.877391 0.84263930 5.970435 0.863606 0.095132
17.258034 0.84462319 5.981048 0.866669 0.093050
18.638676 0.84698569 5.989898 0.868308 0.091854
20.019319 0.84710685 5.992688 0.869881 0.091047
21.399962 0.84727343 5.993816 0.869599 0.091027
22.780604 0.84701598 5.993242 0.869842 0.090663
24.161247 0.84597103 5.992875 0.870123 0.090622
25.541890 0.84733401 5.991224 0.869625 0.091111
26.922532 0.84562271 5.986998 0.869345 0.091581
28.303175 0.84710685 5.981979 0.868643 0.092652
29.683818 0.84176094 5.975136 0.867870 0.093321
31.064460 0.84568329 5.975520 0.865715 0.093812
32.445103 0.84498666 5.975805 0.862055 0.094955
33.825746 0.83973161 5.961153 0.855337 0.098551
35.206388 0.83770229 5.941571 0.845696 0.103099
36.587031 0.83255325 5.908304 0.828775 0.110927
37.967674 0.82127081 5.861977 0.805456 0.121258
39.348316 0.81724245 5.820918 0.785165 0.130908
40.728959 0.80888285 5.803902 0.778956 0.134694
42.109602 0.81416818 5.808783 0.780977 0.133110
43.490245 0.81630351 5.822623 0.787589 0.130424
44.870887 0.81915062 5.838307 0.796707 0.126856
46.251530 0.82114966 5.859098 0.803949 0.122436
47.632173 0.82492057 5.877568 0.814964 0.117440
49.012815 0.83087225 5.902267 0.826462 0.111527
50.393458 0.83530950 5.927842 0.837968 0.105752
51.774101 0.83912584 5.955801 0.850493 0.100106
53.154743 0.84518353 5.976760 0.861117 0.095471
54.535386 0.84472920 5.986321 0.865661 0.092518
55.916029 0.84800035 5.987820 0.868151 0.092009
57.296671 0.84480493 5.987505 0.870064 0.091720
58.677314 0.84627391 5.989048 0.869268 0.091323
60.057957 0.84686454 5.993294 0.870482 0.090819
61.438599 0.84680396 5.992918 0.870685 0.090452
62.819242 0.84939362 5.994170 0.870965 0.090504
64.199885 0.84538041 5.993945 0.871589 0.090450
65.580527 0.84757632 5.994300 0.871574 0.090501
66.961170 0.84668281 5.992595 0.869987 0.090658
68.341813 0.84753088 5.993174 0.870768 0.090566
69.722456 0.84659194 5.994812 0.870828 0.090154
71.103098 0.84597103 5.994486 0.870267 0.090421
72.483741 0.84747031 5.993388 0.869757 0.090458
73.864384 0.84690997 5.992275 0.869040 0.091177
75.245026 0.84650108 5.988962 0.868982 0.091500
76.625669 0.84303305 5.985575 0.869586 0.091905
78.006312 0.84683425 5.984889 0.867175 0.092588
79.386954 0.84439603 5.982764 0.863966 0.093949
80.767597 0.84145805 5.962259 0.854786 0.098923
82.148240 0.83555181 5.925181 0.837500 0.107197
