# Layer profile at T = 0.400000
# input   = bicrystal_Sigma139_theta25.4611deg.dat
# seed    = 6000812
# n_samples = 1000
# Lx = 88.023237  Ly = 50.820240
# columns : x rho coord psi6 psi4
0.733527 0.74173742 5.683640 0.630738 0.180296
2.200581 0.74116068 5.689185 0.630876 0.179264
3.667635 0.74407124 5.691483 0.634901 0.178833
5.134689 0.74346767 5.698070 0.635692 0.177895
6.601743 0.74408465 5.698428 0.635554 0.177497
8.068797 0.74554664 5.707025 0.636663 0.176145
9.535851 0.74690133 5.702367 0.638729 0.176484
11.002905 0.74205933 5.705486 0.639273 0.175384
12.469959 0.74848403 5.715952 0.642216 0.174335
13.937013 0.74733053 5.713414 0.643674 0.174293
15.404066 0.74726347 5.720388 0.641426 0.173528
16.871120 0.74852427 5.721881 0.643062 0.173450
18.338174 0.75052276 5.723729 0.645039 0.173085
19.805228 0.74999967 5.725629 0.643782 0.173451
21.272282 0.74773291 5.722340 0.643378 0.174208
22.739336 0.74892665 5.715672 0.644655 0.174004
24.206390 0.74199227 5.699657 0.642701 0.175962
25.673444 0.74514426 5.700567 0.643573 0.175329
27.140498 0.74297140 5.700666 0.643399 0.175720
28.607552 0.74277020 5.703781 0.641433 0.174971
30.074606 0.74989236 5.714626 0.639962 0.175020
31.541660 0.74715617 5.723975 0.640429 0.174255
33.008714 0.74877911 5.722190 0.639971 0.174264
34.475768 0.74703545 5.711757 0.636038 0.175438
35.942822 0.74209957 5.699320 0.637685 0.177213
37.409876 0.74494307 5.702521 0.633801 0.177307
38.876930 0.74238124 5.701584 0.633486 0.177341
40.343984 0.74499672 5.699193 0.634000 0.178540
41.811038 0.74415172 5.693715 0.635042 0.177801
43.278092 0.73932313 5.678525 0.631346 0.180177
44.745145 0.73543344 5.658332 0.629455 0.182147
46.212199 0.72835152 5.649043 0.631625 0.181975
47.679253 0.73359590 5.653618 0.634774 0.181228
49.146307 0.73645281 5.657366 0.635924 0.180920
50.613361 0.73389098 5.658327 0.636109 0.179990
52.080415 0.73441407 5.661492 0.637779 0.180391
53.547469 0.73355566 5.668885 0.638322 0.179113
55.014523 0.73635892 5.673115 0.639024 0.178170
56.481577 0.73422629 5.671636 0.641117 0.178671
57.948631 0.73446772 5.673387 0.638073 0.179430
59.415685 0.74251536 5.680449 0.638662 0.178413
60.882739 0.74050345 5.690848 0.639536 0.176983
62.349793 0.73787456 5.690055 0.640147 0.176180
63.816847 0.74044980 5.691676 0.642005 0.176673
65.283901 0.73818305 5.688440 0.642406 0.176823
66.750955 0.74000718 5.680563 0.637730 0.178358
68.218009 0.73717710 5.678026 0.638760 0.177819
69.685063 0.74160330 5.680310 0.638246 0.178368
71.152117 0.73592971 5.677316 0.636883 0.179197
72.619171 0.73677471 5.675229 0.636477 0.179558
74.086224 0.73175835 5.669630 0.636808 0.179914
75.553278 0.73461526 5.666533 0.638140 0.180404
77.020332 0.73794162 5.673143 0.634194 0.179822
78.487386 0.73681495 5.669968 0.635371 0.180816
79.954440 0.73556757 5.658595 0.631846 0.182092
81.421494 0.73517860 5.654255 0.628957 0.182789
82.888548 0.73378367 5.653725 0.629605 0.183285
84.355602 0.73739170 5.663059 0.632085 0.181141
85.822656 0.73720392 5.661045 0.631857 0.181993
87.289710 0.73631868 5.668197 0.627502 0.182960
