# Layer profile at T = 0.440000
# input   = perfect_Sigma139_theta25.4611deg.dat
# seed    = 8000041
# n_samples = 1000
# Lx = 114.222135  Ly = 65.946180
# columns : x rho coord psi6 psi4
0.951851 0.48287467 6.633064 0.423614 0.173463
2.855553 0.49025070 6.579102 0.429416 0.173964
4.759256 0.48813985 6.528246 0.433175 0.172991
6.662958 0.48054079 6.468041 0.438694 0.175213
8.566660 0.47624740 6.406413 0.443429 0.176125
10.470362 0.46617905 6.367689 0.448225 0.175311
12.374065 0.45723383 6.360144 0.450673 0.175505
14.277767 0.45873930 6.346374 0.453200 0.176114
16.181469 0.45857203 6.331006 0.454161 0.175425
18.085171 0.46265831 6.337586 0.448398 0.176492
19.988874 0.46691984 6.352451 0.446138 0.178019
21.892576 0.45703469 6.329540 0.448625 0.180269
23.796278 0.44672738 6.274843 0.453201 0.183036
25.699980 0.43501017 6.268384 0.454206 0.182546
27.603683 0.41357510 6.262938 0.455951 0.184563
29.507385 0.39809819 6.255112 0.454810 0.187787
31.411087 0.39416325 6.246989 0.452745 0.188579
33.314789 0.39832122 6.227993 0.454662 0.188324
35.218492 0.40484494 6.208283 0.454954 0.189664
37.122194 0.41163949 6.199814 0.453539 0.189426
39.025896 0.41643470 6.144510 0.456072 0.190320
40.929598 0.41684094 6.106935 0.459239 0.191779
42.833301 0.41030925 6.075945 0.460919 0.192376
44.737003 0.41168728 6.074201 0.458011 0.194741
46.640705 0.41711973 6.095386 0.452603 0.194921
48.544407 0.41239621 6.193479 0.448268 0.193022
50.448110 0.40818247 6.185797 0.450321 0.193006
52.351812 0.39918946 6.125591 0.452881 0.195342
54.255514 0.39635375 6.121104 0.458668 0.192932
56.159216 0.39879915 6.145748 0.456071 0.191095
58.062919 0.41034112 6.205882 0.452654 0.188848
59.966621 0.42059267 6.230181 0.451059 0.186998
61.870323 0.43149740 6.229071 0.452093 0.187433
63.774025 0.43749540 6.275963 0.452600 0.184369
65.677728 0.44761154 6.350340 0.445803 0.181244
67.581430 0.45810207 6.425136 0.439905 0.178845
69.485132 0.46547809 6.473792 0.435844 0.176976
71.388834 0.46942896 6.505574 0.435572 0.174042
73.292537 0.47508444 6.523565 0.437492 0.172419
75.196239 0.47390556 6.517354 0.438601 0.174400
77.099941 0.46886341 6.451055 0.439121 0.176437
79.003643 0.45192086 6.383820 0.443376 0.179460
80.907346 0.43401449 6.359884 0.445618 0.182294
82.811048 0.42148481 6.323204 0.446434 0.184323
84.714750 0.40901088 6.322388 0.446497 0.185550
86.618452 0.41246790 6.299815 0.449691 0.185320
88.522155 0.41140052 6.293816 0.453214 0.185142
90.425857 0.41163152 6.280492 0.454041 0.184865
92.329559 0.42072012 6.282896 0.451243 0.186146
94.233261 0.43471545 6.286065 0.446373 0.186925
96.136964 0.44972239 6.300200 0.444318 0.184820
98.040666 0.46084219 6.365638 0.440710 0.180883
99.944368 0.47771305 6.419355 0.440101 0.177287
101.848070 0.48701672 6.487153 0.436381 0.175001
103.751773 0.48943822 6.509285 0.434255 0.174694
105.655475 0.48542362 6.560116 0.429369 0.172799
107.559177 0.48414915 6.626380 0.426235 0.171951
109.462879 0.48161613 6.635562 0.423040 0.173636
111.366582 0.47745815 6.641798 0.423683 0.174754
113.270284 0.47857332 6.651737 0.423233 0.173345
