# Layer profile at T = 0.380000
# input   = bicrystal_Sigma139_theta25.4611deg.dat
# seed    = 5000809
# n_samples = 1000
# Lx = 82.777488  Ly = 47.791605
# columns : x rho coord psi6 psi4
0.689812 0.83522304 5.908117 0.823137 0.112539
2.069437 0.83549604 5.920963 0.826961 0.110246
3.449062 0.83931802 5.926003 0.831755 0.109149
4.828687 0.83869619 5.934917 0.834703 0.107239
6.208312 0.84004601 5.939138 0.837801 0.105463
7.587936 0.83987918 5.940192 0.838339 0.105661
8.967561 0.84154750 5.942761 0.840315 0.105215
10.347186 0.84163850 5.953904 0.842938 0.103276
11.726811 0.84500548 5.964677 0.845015 0.101302
13.106436 0.84486898 5.968783 0.848406 0.100148
14.486060 0.84562731 5.968559 0.847959 0.099867
15.865685 0.84577898 5.970036 0.848954 0.099892
17.245310 0.84681030 5.970341 0.847686 0.099922
18.624935 0.84491448 5.970041 0.848789 0.099700
20.004560 0.84530881 5.967058 0.847521 0.100549
21.384184 0.84418649 5.962290 0.846239 0.100848
22.763809 0.84253333 5.955249 0.845047 0.102077
24.143434 0.84274566 5.953101 0.844877 0.102613
25.523059 0.84330683 5.953096 0.845187 0.102559
26.902684 0.84348882 5.955444 0.844971 0.102425
28.282308 0.84370116 5.955994 0.844822 0.102462
29.661933 0.84644631 5.955384 0.845746 0.102268
31.041558 0.84183567 5.945573 0.844169 0.103786
32.421183 0.84315516 5.940298 0.841311 0.104419
33.800808 0.84153234 5.940868 0.838793 0.105732
35.180432 0.84182050 5.939213 0.836013 0.106198
36.560057 0.83840802 5.928582 0.832408 0.108472
37.939682 0.83877202 5.914256 0.823430 0.111937
39.319307 0.83149207 5.885543 0.813273 0.117539
40.698932 0.82589560 5.859664 0.804095 0.122603
42.078556 0.82261962 5.845572 0.795578 0.126421
43.458181 0.82271062 5.841018 0.795294 0.126979
44.837806 0.82393911 5.845525 0.797777 0.125694
46.217431 0.82566810 5.859791 0.802913 0.123043
47.597056 0.82964175 5.878286 0.810305 0.119290
48.976680 0.82901992 5.890379 0.815895 0.116573
50.356305 0.83508654 5.896824 0.820991 0.115105
51.735930 0.83426755 5.906194 0.823008 0.113340
53.115555 0.83423722 5.914081 0.824864 0.111671
54.495180 0.83693687 5.915880 0.827828 0.111498
55.874804 0.83451021 5.917871 0.827787 0.110822
57.254429 0.83757386 5.921521 0.827040 0.110899
58.634054 0.83595104 5.925759 0.828865 0.110303
60.013679 0.83649704 5.921221 0.828813 0.110504
61.393304 0.83438888 5.917404 0.827238 0.111288
62.772928 0.83681553 5.911536 0.824666 0.112416
64.152553 0.83294806 5.907265 0.823932 0.113282
65.532178 0.83443438 5.908103 0.823206 0.112838
66.911803 0.83690653 5.921350 0.826070 0.111065
68.291428 0.83995501 5.933733 0.828873 0.109295
69.671052 0.83670937 5.933621 0.831621 0.108332
71.050677 0.84013701 5.928657 0.831330 0.108962
72.430302 0.83737670 5.930758 0.833741 0.108243
73.809927 0.83986401 5.929536 0.831332 0.108850
75.189552 0.83769519 5.929879 0.829210 0.109285
76.569176 0.83702787 5.928790 0.826672 0.109843
77.948801 0.83734636 5.923184 0.824918 0.111418
79.328426 0.83702787 5.919132 0.824760 0.111609
80.708051 0.83520788 5.914217 0.822710 0.112962
82.087676 0.83003608 5.905496 0.821569 0.113724
