# Layer profile at T = 0.420000
# input   = bicrystal_Sigma139_theta25.4611deg.dat
# seed    = 7000815
# n_samples = 1000
# Lx = 91.063877  Ly = 52.575754
# columns : x rho coord psi6 psi4
0.758866 0.69978561 5.665473 0.587218 0.189104
2.276597 0.69499840 5.659941 0.590229 0.188762
3.794328 0.69482295 5.666456 0.589621 0.188658
5.312060 0.69997359 5.674246 0.589835 0.188364
6.829791 0.69949738 5.686816 0.591281 0.186029
8.347522 0.70454777 5.693365 0.591354 0.185345
9.865253 0.69671528 5.671985 0.590097 0.188251
11.382985 0.68918356 5.642343 0.591818 0.189598
12.900716 0.68051143 5.639866 0.593926 0.190834
14.418447 0.68598791 5.637114 0.591975 0.190353
15.936179 0.68999814 5.641003 0.591112 0.189973
17.453910 0.69365748 5.640223 0.592675 0.189280
18.971641 0.68878254 5.631946 0.594152 0.190446
20.489372 0.67774187 5.610344 0.593827 0.191370
22.007104 0.67523547 5.589094 0.595686 0.193544
23.524835 0.66642549 5.608673 0.594103 0.192559
25.042566 0.67046079 5.619925 0.594593 0.191522
26.560298 0.67519787 5.619455 0.596615 0.191662
28.078029 0.68672729 5.637852 0.593562 0.189709
29.595760 0.69899610 5.655718 0.592531 0.188862
31.113491 0.70007385 5.680092 0.591371 0.187083
32.631223 0.70486107 5.689181 0.593579 0.185281
34.148954 0.70316925 5.688576 0.593135 0.185593
35.666685 0.69478536 5.664689 0.594604 0.187921
37.184417 0.69113855 5.651333 0.590550 0.189197
38.702148 0.68933395 5.653256 0.591150 0.189535
40.219879 0.68914597 5.664145 0.590080 0.189077
41.737611 0.69760505 5.655643 0.591420 0.188916
43.255342 0.69499840 5.667190 0.591475 0.187142
44.773073 0.69952244 5.672549 0.590930 0.187255
46.290804 0.69410863 5.667124 0.586198 0.189060
47.808536 0.69087538 5.649332 0.588880 0.190450
49.326267 0.69018612 5.649199 0.591864 0.189431
50.843998 0.69454725 5.651655 0.591011 0.189498
52.361730 0.69202832 5.653936 0.588216 0.189538
53.879461 0.69893344 5.663935 0.592839 0.188454
55.397192 0.69467257 5.665843 0.593097 0.188498
56.914923 0.69771784 5.672636 0.589907 0.187865
58.432655 0.69810633 5.664794 0.590853 0.188151
59.950386 0.69811886 5.661658 0.595316 0.188134
61.468117 0.69874546 5.670714 0.592527 0.187536
62.985849 0.70140224 5.685272 0.590828 0.186069
64.503580 0.70102628 5.690019 0.593318 0.186103
66.021311 0.70031196 5.686536 0.591839 0.186618
67.539042 0.69687820 5.674076 0.592694 0.187632
69.056774 0.69310607 5.661960 0.590649 0.188666
70.574505 0.69279277 5.662187 0.592511 0.187633
72.092236 0.69158970 5.645526 0.591219 0.189599
73.609968 0.69150198 5.641929 0.594180 0.189401
75.127699 0.68905824 5.646624 0.595080 0.188907
76.645430 0.68627614 5.648680 0.596054 0.188578
78.163161 0.67960913 5.645399 0.596798 0.188850
79.680893 0.68108790 5.637540 0.597287 0.188901
81.198624 0.68118816 5.643756 0.594708 0.189142
82.716355 0.68491016 5.652919 0.593401 0.189332
84.234087 0.69591323 5.656426 0.591885 0.187956
85.751818 0.69636438 5.663649 0.591809 0.188099
87.269549 0.69267998 5.662928 0.587604 0.189300
88.787281 0.69585057 5.668858 0.589859 0.188956
90.305012 0.69750479 5.677063 0.586789 0.189099
