# Layer profile at T = 0.280000
# input   = perfect_Sigma139_theta25.4611deg.dat
# seed    = 17
# n_samples = 1000
# Lx = 81.213149  Ly = 46.888433
# columns : x rho coord psi6 psi4
0.676776 0.87607600 5.999712 0.920811 0.070695
2.030329 0.87628084 5.999694 0.920855 0.070834
3.383881 0.87601298 5.999730 0.921394 0.070490
4.737434 0.87648567 5.999694 0.920381 0.070725
6.090986 0.87511486 5.999604 0.921362 0.070837
7.444539 0.87527242 5.999766 0.921957 0.070462
8.798091 0.87695836 5.999713 0.921396 0.070741
10.151644 0.87577663 5.999766 0.921314 0.070573
11.505196 0.87503607 5.999712 0.921190 0.070452
12.858749 0.87621781 5.999640 0.921291 0.070462
14.212301 0.87669050 5.999712 0.921182 0.070577
15.565853 0.87596571 5.999694 0.921692 0.070385
16.919406 0.87525666 5.999730 0.921705 0.070534
18.272958 0.87505183 5.999802 0.921104 0.070702
19.626511 0.87791951 5.999731 0.920700 0.070963
20.980063 0.87620205 5.999766 0.921285 0.070602
22.333616 0.87561906 5.999694 0.921725 0.070226
23.687168 0.87624932 5.999658 0.921260 0.070825
25.040721 0.87398039 5.999730 0.921321 0.070432
26.394273 0.87773043 5.999641 0.921578 0.070484
27.747826 0.87431128 5.999766 0.921372 0.070263
29.101378 0.87752560 5.999838 0.922040 0.070385
30.454931 0.87558755 5.999604 0.921637 0.070524
31.808483 0.87558755 5.999730 0.920972 0.070664
33.162036 0.87675353 5.999730 0.920914 0.070629
34.515588 0.87606024 5.999712 0.921251 0.070912
35.869141 0.87563482 5.999748 0.921014 0.070932
37.222693 0.87629659 5.999550 0.921022 0.070345
38.576246 0.87667475 5.999515 0.921206 0.070862
39.929798 0.87547725 5.999712 0.920521 0.070773
41.283351 0.87580814 5.999694 0.920977 0.070896
42.636903 0.87527242 5.999694 0.920452 0.070746
43.990456 0.87606024 5.999748 0.921044 0.070613
45.344008 0.87681656 5.999712 0.920568 0.070829
46.697560 0.87528818 5.999676 0.920679 0.070787
48.051113 0.87705290 5.999802 0.920841 0.070900
49.404665 0.87506759 5.999676 0.920470 0.070735
50.758218 0.87583965 5.999694 0.921028 0.070575
52.111770 0.87650143 5.999712 0.921269 0.070827
53.465323 0.87695836 5.999802 0.921476 0.070326
54.818875 0.87574512 5.999838 0.921458 0.070612
56.172428 0.87585541 5.999730 0.921549 0.070453
57.525980 0.87651718 5.999640 0.921103 0.070572
58.879533 0.87598146 5.999604 0.921035 0.070800
60.233085 0.87500456 5.999838 0.921043 0.070647
61.586638 0.87604449 5.999694 0.921221 0.070657
62.940190 0.87724198 5.999677 0.920891 0.070690
64.293743 0.87549301 5.999712 0.920883 0.070564
65.647295 0.87659596 5.999694 0.921282 0.070585
67.000848 0.87719471 5.999695 0.921757 0.070514
68.354400 0.87596571 5.999730 0.921868 0.070313
69.707953 0.87640689 5.999730 0.921687 0.070556
71.061505 0.87580814 5.999712 0.921144 0.070380
72.415058 0.87576087 5.999676 0.921922 0.070447
73.768610 0.87667475 5.999784 0.921721 0.070466
75.122162 0.87646991 5.999640 0.920975 0.070606
76.475715 0.87632810 5.999586 0.921421 0.070639
77.829267 0.87661172 5.999766 0.921393 0.070640
79.182820 0.87568209 5.999694 0.921284 0.070579
80.536372 0.87576087 5.999694 0.921241 0.070702
