# Layer profile at T = 0.300000
# input   = bicrystal_Sigma139_theta25.4611deg.dat
# seed    = 1000797
# n_samples = 1000
# Lx = 81.518653  Ly = 47.064816
# columns : x rho coord psi6 psi4
0.679322 0.86178072 5.960494 0.887324 0.086195
2.037966 0.86661305 5.975223 0.895391 0.082522
3.396611 0.86909959 5.987314 0.903635 0.078637
4.755255 0.86972513 5.995523 0.908487 0.076324
6.113899 0.87010046 5.998814 0.909868 0.075756
7.472543 0.87052270 5.999281 0.910184 0.075375
8.831187 0.87304052 5.999481 0.909676 0.075452
10.189832 0.87006918 5.999533 0.910213 0.075351
11.548476 0.87092931 5.999282 0.910212 0.075195
12.907120 0.87072600 5.999192 0.910750 0.075278
14.265764 0.87135155 5.999354 0.910723 0.075121
15.624408 0.87003791 5.999479 0.910905 0.075113
16.983053 0.87160177 5.999480 0.911481 0.074861
18.341697 0.87060090 5.999353 0.911029 0.075017
19.700341 0.86963130 5.999425 0.911442 0.074890
21.058985 0.87346276 5.999642 0.911395 0.074739
22.417630 0.87027248 5.999425 0.911200 0.074838
23.776274 0.87175815 5.999318 0.911371 0.075212
25.134918 0.87097622 5.999443 0.911534 0.074947
26.493562 0.87135155 5.999426 0.910820 0.075167
27.852206 0.87171124 5.999336 0.911010 0.075201
29.210851 0.86967822 5.999281 0.911467 0.074617
30.569495 0.87128899 5.999264 0.911281 0.074871
31.928139 0.87230550 5.999104 0.910250 0.075231
33.286783 0.87155485 5.999390 0.911042 0.075020
34.645428 0.86981897 5.999479 0.910347 0.075343
36.004072 0.87078856 5.999425 0.910306 0.075576
37.362716 0.87146102 5.999049 0.909523 0.075918
38.721360 0.86744190 5.995709 0.907643 0.076813
40.080004 0.86931853 5.982316 0.901032 0.080470
41.438649 0.86353225 5.963418 0.888759 0.085584
42.797293 0.85937238 5.933924 0.873975 0.093106
44.155937 0.84695533 5.879593 0.841380 0.107187
45.514581 0.83349050 5.811903 0.806248 0.122992
46.873225 0.82853306 5.776784 0.785788 0.131273
48.231870 0.83506999 5.805143 0.801564 0.124275
49.590514 0.84246705 5.874385 0.839688 0.108545
50.949158 0.86062347 5.936655 0.873078 0.092943
52.307802 0.86495536 5.976188 0.896920 0.082582
53.666447 0.86941236 5.992229 0.904474 0.078373
55.025091 0.87020993 5.998203 0.908055 0.076254
56.383735 0.87039759 5.999353 0.909972 0.075628
57.742379 0.87119516 5.999372 0.910335 0.075803
59.101023 0.87105441 5.999443 0.910179 0.075636
60.459668 0.87163304 5.999211 0.909995 0.075801
61.818312 0.86881809 5.999082 0.909350 0.075982
63.176956 0.87097622 5.991417 0.909048 0.076818
64.535600 0.86634720 5.988790 0.908245 0.077676
65.894244 0.86936545 5.990196 0.905870 0.078409
67.252889 0.86753573 5.983974 0.901600 0.080271
68.611533 0.86409524 5.965107 0.891008 0.084814
69.970177 0.85701095 5.933249 0.873003 0.092443
71.328821 0.85289800 5.899538 0.854186 0.101185
72.687466 0.84224811 5.860984 0.834155 0.110957
74.046110 0.83805697 5.831775 0.815382 0.117332
75.404754 0.83827591 5.842565 0.824516 0.114966
76.763398 0.84812823 5.871775 0.842356 0.107839
78.122042 0.85439931 5.910697 0.863114 0.098398
79.480687 0.85913780 5.940769 0.877477 0.091407
80.839331 0.86110826 5.949676 0.882950 0.088699
