# Layer profile at T = 0.280000
# input   = bicrystal_Sigma139_theta25.4611deg.dat
# seed    = 794
# n_samples = 1000
# Lx = 81.303674  Ly = 46.940698
# columns : x rho coord psi6 psi4
0.677531 0.84092259 5.836265 0.827130 0.113361
2.032592 0.84817016 5.852604 0.834663 0.109486
3.387653 0.85368838 5.895987 0.866823 0.097947
4.742714 0.86412739 5.945966 0.892907 0.085258
6.097776 0.87198810 5.982097 0.910845 0.076443
7.452837 0.87330870 5.995553 0.917689 0.072799
8.807898 0.87554114 5.998402 0.919673 0.071543
10.162959 0.87381178 5.999676 0.920072 0.071214
11.518020 0.87494372 5.999784 0.920662 0.071105
12.873082 0.87613855 5.999731 0.920893 0.071124
14.228143 0.87415765 5.999802 0.920761 0.070812
15.583204 0.87653159 5.999839 0.921189 0.070990
16.938265 0.87283706 5.999766 0.921203 0.070828
18.293327 0.87675169 5.999839 0.920570 0.071184
19.648388 0.87505377 5.999748 0.920807 0.070966
21.003449 0.87367029 5.999784 0.920475 0.070723
22.358510 0.87736482 5.999928 0.921067 0.070854
23.713571 0.87445636 5.999856 0.920990 0.070676
25.068633 0.87489656 5.999766 0.921400 0.070449
26.423694 0.87392183 5.999730 0.920823 0.070959
27.778755 0.87554114 5.999731 0.919787 0.070702
29.133816 0.87461357 5.999802 0.919568 0.071417
30.488878 0.87415765 5.999514 0.919963 0.071425
31.843939 0.87616999 5.999551 0.920011 0.071450
33.199000 0.87414193 5.998813 0.919440 0.071592
34.554061 0.87313576 5.994958 0.916804 0.073439
35.909122 0.87005437 5.974920 0.904321 0.079441
37.264184 0.85865634 5.916986 0.873542 0.094972
38.619245 0.84161433 5.830292 0.818264 0.116026
39.974306 0.82770088 5.758661 0.787292 0.131906
41.329367 0.82823541 5.755362 0.779308 0.133115
42.684429 0.84604777 5.843018 0.829953 0.112705
44.039490 0.86184779 5.937012 0.884308 0.089577
45.394551 0.87239686 5.984628 0.910310 0.076775
46.749612 0.87398472 5.997698 0.918245 0.072513
48.104674 0.87499089 5.999569 0.920198 0.071470
49.459735 0.87455069 5.999461 0.920600 0.071151
50.814796 0.87516382 5.999587 0.920459 0.071266
52.169857 0.87486512 5.999659 0.921263 0.070942
53.524918 0.87445636 5.999748 0.920955 0.070846
54.879980 0.87544681 5.999767 0.921257 0.070742
56.235041 0.87467646 5.999838 0.920566 0.070903
57.590102 0.87447208 5.999892 0.920293 0.071298
58.945163 0.87528960 5.999802 0.920463 0.070919
60.300225 0.87544681 5.999713 0.921094 0.070821
61.655286 0.87422054 5.999784 0.921404 0.070709
63.010347 0.87557258 5.999695 0.920880 0.070748
64.365408 0.87492800 5.999802 0.920741 0.070947
65.720469 0.87348163 5.999604 0.921162 0.070907
67.075531 0.87560402 5.999282 0.920811 0.070921
68.430592 0.87488084 5.998814 0.919493 0.071661
69.785653 0.87480223 5.997214 0.919347 0.072008
71.140714 0.87234969 5.989872 0.915241 0.073777
72.495776 0.87142213 5.977106 0.907413 0.077067
73.850837 0.86518073 5.967146 0.901393 0.080038
75.205898 0.86856083 5.955382 0.893375 0.083601
76.560959 0.86051147 5.940970 0.884156 0.087454
77.916020 0.86090450 5.914116 0.874751 0.094259
79.271082 0.85098429 5.878402 0.847269 0.103338
80.626143 0.84741553 5.853753 0.843146 0.109257
