# Layer profile at T = 0.300000
# input   = perfect_Sigma139_theta25.4611deg.dat
# seed    = 1000020
# n_samples = 1000
# Lx = 81.451403  Ly = 47.025990
# columns : x rho coord psi6 psi4
0.678762 0.87083294 5.999245 0.911800 0.074422
2.036285 0.87119322 5.999227 0.910685 0.074686
3.393808 0.87064497 5.999226 0.911568 0.075074
4.751332 0.87092693 5.999406 0.910438 0.075019
6.108855 0.87094259 5.999299 0.910854 0.074901
7.466379 0.87067629 5.999262 0.910337 0.074996
8.823902 0.87072329 5.999262 0.912055 0.074833
10.181425 0.87163182 5.999353 0.911759 0.074676
11.538949 0.86975209 5.999424 0.911684 0.074797
12.896472 0.87319827 5.999372 0.911294 0.074796
14.253996 0.87023769 5.999370 0.911369 0.074788
15.611519 0.86984608 5.999460 0.911286 0.074775
16.969042 0.87055098 5.999460 0.911283 0.074826
18.326566 0.87131854 5.999479 0.910859 0.074938
19.684089 0.87120889 5.999425 0.911522 0.074662
21.041612 0.87050399 5.999442 0.911836 0.074668
22.399136 0.87222707 5.999461 0.911800 0.075007
23.756659 0.87058231 5.999244 0.911421 0.074970
25.114183 0.86990874 5.999190 0.911873 0.074374
26.471706 0.87194511 5.999281 0.912368 0.074787
27.829229 0.87087993 5.999209 0.911065 0.074718
29.186753 0.87083294 5.999245 0.911053 0.074741
30.544276 0.87069196 5.999244 0.911344 0.074852
31.901800 0.87078595 5.999137 0.911989 0.074847
33.259323 0.87160050 5.999245 0.911303 0.074588
34.616846 0.87014370 5.999388 0.911293 0.075333
35.974370 0.87083294 5.999406 0.910956 0.075106
37.331893 0.87078595 5.999334 0.911914 0.074707
38.689417 0.87218008 5.999228 0.911514 0.074647
40.046940 0.87003405 5.999082 0.911838 0.074675
41.404463 0.87019070 5.999298 0.911939 0.074845
42.761987 0.87268134 5.999551 0.912023 0.074690
44.119510 0.87081727 5.999334 0.911575 0.075025
45.477033 0.86981475 5.999334 0.910477 0.075009
46.834557 0.87207043 5.999299 0.911065 0.074939
48.192080 0.86953279 5.999424 0.911542 0.074932
49.549604 0.87128721 5.999407 0.912088 0.074530
50.907127 0.87180413 5.999317 0.912000 0.074517
52.264650 0.87042566 5.999442 0.911549 0.075032
53.622174 0.87097392 5.999389 0.911353 0.074725
54.979697 0.87092693 5.999442 0.911364 0.074910
56.337221 0.87199211 5.999389 0.911616 0.074609
57.694744 0.87025335 5.999316 0.911995 0.074537
59.052267 0.87197644 5.999353 0.912014 0.074925
60.409791 0.87053531 5.999262 0.911885 0.074634
61.767314 0.87202344 5.999156 0.911659 0.074651
63.124837 0.86973643 5.999262 0.911698 0.074698
64.482361 0.87045699 5.999316 0.911892 0.074666
65.839884 0.87108357 5.999371 0.912579 0.074428
67.197408 0.87207043 5.999389 0.912007 0.074603
68.554931 0.86995573 5.999442 0.911807 0.074629
69.912454 0.87094259 5.999335 0.911189 0.074818
71.269978 0.86992440 5.999334 0.911070 0.074964
72.627501 0.87172581 5.999641 0.911682 0.074900
73.985025 0.87001839 5.999442 0.912362 0.074689
75.342548 0.87078595 5.999334 0.911688 0.074767
76.700071 0.87125588 5.999461 0.911763 0.074559
78.057595 0.87119322 5.999389 0.911572 0.074413
79.415118 0.87103658 5.999496 0.911297 0.074635
80.772642 0.87144385 5.999461 0.911502 0.074969
