# Layer profile at T = 0.420000
# input   = perfect_Sigma139_theta25.4611deg.dat
# seed    = 7000038
# n_samples = 1000
# Lx = 91.594536  Ly = 52.882130
# columns : x rho coord psi6 psi4
0.763288 0.69675458 5.706834 0.605203 0.182130
2.289863 0.69420282 5.702473 0.603655 0.182765
3.816439 0.69941782 5.696987 0.602200 0.182983
5.343015 0.69575122 5.694607 0.600711 0.184003
6.869590 0.69544154 5.689413 0.600825 0.185245
8.396166 0.69721290 5.688194 0.597241 0.185051
9.922741 0.69428953 5.690467 0.602014 0.183164
11.449317 0.69887279 5.685691 0.605699 0.184211
12.975893 0.69344720 5.681499 0.607865 0.183863
14.502468 0.69326139 5.681003 0.604644 0.184402
16.029044 0.69478502 5.683075 0.603245 0.184699
17.555619 0.69323662 5.689568 0.600429 0.184274
19.082195 0.69367017 5.687994 0.604012 0.183719
20.608771 0.69563973 5.685227 0.602994 0.184983
22.135346 0.69480979 5.685244 0.604030 0.184576
23.661922 0.69370733 5.678654 0.603849 0.185693
25.188497 0.69360823 5.679894 0.603599 0.185073
26.715073 0.69274113 5.676865 0.605309 0.184345
28.241649 0.69156435 5.676888 0.601221 0.184312
29.768224 0.68985491 5.664111 0.602545 0.186372
31.294800 0.68708018 5.655795 0.601778 0.187441
32.821375 0.68478855 5.650863 0.602703 0.187967
34.347951 0.68279422 5.647285 0.603700 0.187423
35.874526 0.68332687 5.651602 0.602186 0.186976
37.401102 0.68404532 5.651009 0.603329 0.186713
38.927678 0.68507346 5.646415 0.606397 0.186283
40.454253 0.68896304 5.658049 0.607748 0.185789
41.980829 0.69173777 5.664810 0.605874 0.185655
43.507404 0.69016459 5.673523 0.603349 0.185846
45.033980 0.69007788 5.673033 0.602258 0.185528
46.560556 0.68896304 5.658750 0.602944 0.186396
48.087131 0.68350029 5.646326 0.604471 0.186782
49.613707 0.68490004 5.660306 0.607679 0.184768
51.140282 0.68735270 5.663411 0.607144 0.185518
52.666858 0.68172892 5.660634 0.606768 0.185047
54.193434 0.68589101 5.649311 0.606565 0.186818
55.720009 0.68535837 5.652762 0.605864 0.185860
57.246585 0.68394623 5.647155 0.604855 0.186995
58.773160 0.68407010 5.642366 0.605552 0.187890
60.299736 0.68319061 5.625841 0.606436 0.189539
61.826312 0.67588217 5.613181 0.605735 0.190457
63.352887 0.67442048 5.608026 0.604130 0.191526
64.879463 0.68052736 5.630747 0.603039 0.188679
66.406038 0.68564327 5.644704 0.604964 0.187525
67.932614 0.68628740 5.646553 0.602275 0.187399
69.459190 0.68498675 5.653423 0.601585 0.187061
70.985765 0.68312867 5.655636 0.603714 0.186458
72.512341 0.69010266 5.652762 0.604836 0.186970
74.038916 0.68715451 5.666126 0.602705 0.185819
75.565492 0.67798799 5.649444 0.602618 0.185927
77.092068 0.67741818 5.639494 0.605223 0.187465
78.618643 0.68058930 5.635932 0.605797 0.187871
80.145219 0.68306674 5.648042 0.601325 0.187154
81.671794 0.68394623 5.644366 0.602107 0.188259
83.198370 0.68992924 5.660682 0.604241 0.185760
84.724946 0.69280307 5.670153 0.605194 0.185426
86.251521 0.69188641 5.682625 0.602228 0.184620
87.778097 0.69476024 5.686469 0.604853 0.183904
89.304672 0.69680413 5.696526 0.604726 0.183277
90.831248 0.69711381 5.703129 0.604518 0.181863
