# Layer profile at T = 0.320000
# input   = perfect_Sigma139_theta25.4611deg.dat
# seed    = 2000023
# n_samples = 1000
# Lx = 81.680375  Ly = 47.158187
# columns : x rho coord psi6 psi4
0.680670 0.86751510 5.998348 0.900916 0.079515
2.042009 0.86471129 5.998487 0.900646 0.079421
3.403349 0.86600416 5.998363 0.900597 0.079286
4.764689 0.86595743 5.998327 0.900720 0.079360
6.126028 0.86469571 5.998541 0.900718 0.079309
7.487368 0.86573935 5.998561 0.900196 0.079224
8.848707 0.86731260 5.998851 0.900507 0.079061
10.210047 0.86460225 5.998451 0.899746 0.079649
11.571386 0.86645588 5.998472 0.900173 0.079475
12.932726 0.86598858 5.998381 0.900485 0.079333
14.294066 0.86689203 5.998580 0.900583 0.079235
15.655405 0.86527205 5.998614 0.900164 0.079418
17.016745 0.86463340 5.998685 0.899813 0.079281
18.378084 0.86715684 5.998168 0.900016 0.079447
19.739424 0.86570820 5.998417 0.901086 0.079046
21.100764 0.86580166 5.998543 0.900898 0.078998
22.462103 0.86706338 5.998347 0.900562 0.079204
23.823443 0.86654934 5.998508 0.900887 0.079010
25.184782 0.86542782 5.998380 0.899901 0.079182
26.546122 0.86748395 5.998366 0.899459 0.079651
27.907461 0.86612877 5.998274 0.899997 0.079554
29.268801 0.86522532 5.998452 0.900567 0.079416
30.630141 0.86583281 5.998255 0.900237 0.079415
31.991480 0.86648704 5.998184 0.900258 0.079585
33.352820 0.86587954 5.998561 0.900272 0.079415
34.714159 0.86673626 5.998454 0.900606 0.079350
36.075499 0.86670511 5.998580 0.901417 0.079205
37.436839 0.86471129 5.998541 0.899940 0.079045
38.798178 0.86672069 5.997933 0.900188 0.079567
40.159518 0.86598858 5.998417 0.900344 0.079317
41.520857 0.86416610 5.998900 0.899844 0.079406
42.882197 0.86802913 5.999049 0.901198 0.078867
44.243537 0.86609762 5.998669 0.900722 0.079212
45.604876 0.86539666 5.998668 0.900438 0.079308
46.966216 0.86743722 5.998438 0.900501 0.079437
48.327555 0.86634685 5.998526 0.900161 0.079332
49.688895 0.86662723 5.998598 0.900376 0.079432
51.050234 0.86563032 5.998614 0.899940 0.079350
52.411574 0.86530320 5.998668 0.899967 0.079531
53.772914 0.86545897 5.998578 0.899574 0.079554
55.134253 0.86712568 5.998329 0.900226 0.079967
56.495593 0.86577051 5.998417 0.900191 0.079130
57.856932 0.86605089 5.998651 0.900662 0.078768
59.218272 0.86642473 5.998220 0.900149 0.079446
60.579612 0.86575493 5.998111 0.900350 0.079338
61.940951 0.86740606 5.998581 0.899362 0.079592
63.302291 0.86527205 5.998182 0.899419 0.079652
64.663630 0.86586397 5.998219 0.899386 0.079666
66.024970 0.86578608 5.998363 0.900120 0.079361
67.386309 0.86668953 5.998203 0.900560 0.079125
68.747649 0.86556801 5.998524 0.900467 0.079112
70.108989 0.86491379 5.998901 0.900923 0.079246
71.470328 0.86647146 5.998400 0.899634 0.079639
72.831668 0.86678299 5.998688 0.900490 0.079367
74.193007 0.86466456 5.998289 0.900498 0.078897
75.554347 0.86810702 5.998295 0.900128 0.079116
76.915687 0.86662723 5.998095 0.900398 0.079518
78.277026 0.86396361 5.998251 0.899377 0.079767
79.638366 0.86759298 5.998510 0.900370 0.079242
80.999705 0.86527205 5.998290 0.900748 0.078905
