# Layer profile at T = 0.360000
# input   = perfect_Sigma139_theta25.4611deg.dat
# seed    = 4000029
# n_samples = 1000
# Lx = 82.388974  Ly = 47.567296
# columns : x rho coord psi6 psi4
0.686575 0.85130960 5.993688 0.873138 0.089610
2.059724 0.85173828 5.993673 0.873141 0.089316
3.432874 0.85109527 5.993416 0.873180 0.089637
4.806023 0.85126367 5.994587 0.873195 0.089764
6.179173 0.84982454 5.993731 0.873470 0.089625
7.552323 0.85201386 5.993405 0.873964 0.088969
8.925472 0.84997764 5.993462 0.873128 0.089673
10.298622 0.85305494 5.994652 0.872912 0.089793
11.671771 0.85103403 5.993973 0.872687 0.089935
13.044921 0.85227413 5.995042 0.874477 0.089425
14.418070 0.85040632 5.994671 0.874902 0.089299
15.791220 0.85160049 5.994319 0.873920 0.089592
17.164370 0.85083500 5.994350 0.873557 0.089308
18.537519 0.85091155 5.993865 0.874128 0.089438
19.910669 0.85127898 5.994479 0.874596 0.089084
21.283818 0.85089624 5.994332 0.874573 0.088941
22.656968 0.85140146 5.994156 0.873181 0.089270
24.030117 0.85043694 5.994581 0.873604 0.089925
25.403267 0.85169235 5.994517 0.873832 0.089294
26.776417 0.85083500 5.993648 0.873188 0.089536
28.149566 0.85196793 5.993459 0.873749 0.089630
29.522716 0.85085031 5.994116 0.873176 0.089659
30.895865 0.85169235 5.994032 0.873363 0.089786
32.269015 0.85097279 5.993505 0.872841 0.089994
33.642164 0.85051349 5.994564 0.873053 0.089786
35.015314 0.85219758 5.994449 0.873427 0.089588
36.388464 0.85212103 5.993927 0.872924 0.089546
37.761613 0.84985516 5.994307 0.872842 0.089502
39.134763 0.85051349 5.993376 0.872940 0.089698
40.507912 0.85153925 5.993204 0.873328 0.089800
41.881062 0.85017667 5.993679 0.872698 0.089948
43.254211 0.85239661 5.993265 0.873471 0.089325
44.627361 0.85109527 5.993380 0.872914 0.089569
46.000511 0.84904373 5.993581 0.872919 0.089680
47.373660 0.85212103 5.993981 0.873412 0.089693
48.746810 0.85098810 5.993775 0.873818 0.089438
50.119959 0.85071252 5.993575 0.874161 0.089359
51.493109 0.85095748 5.994063 0.873306 0.089898
52.866258 0.85115650 5.993866 0.873517 0.089368
54.239408 0.85124836 5.993633 0.873882 0.089364
55.612557 0.85155456 5.993851 0.872695 0.089861
56.985707 0.85045225 5.993609 0.872984 0.089780
58.358857 0.85129429 5.994155 0.873568 0.089640
59.732006 0.85196793 5.994070 0.873211 0.089429
61.105156 0.85026853 5.994616 0.874543 0.089144
62.478305 0.85236599 5.994701 0.874589 0.088589
63.851455 0.85129429 5.994659 0.873660 0.088952
65.224604 0.85013074 5.994651 0.873258 0.089608
66.597754 0.85187607 5.993656 0.872711 0.089883
67.970904 0.85048287 5.994204 0.874283 0.089190
69.344053 0.85198324 5.993387 0.873701 0.089257
70.717203 0.85241192 5.993965 0.874249 0.089334
72.090352 0.85176890 5.994086 0.874930 0.088747
73.463502 0.85150863 5.994300 0.874619 0.088926
74.836651 0.85152394 5.994354 0.875269 0.088956
76.209801 0.85356017 5.994224 0.874367 0.088928
77.582951 0.84948772 5.994467 0.873753 0.089484
78.956100 0.85221289 5.994700 0.874375 0.089086
80.329250 0.85097279 5.994351 0.874038 0.089644
81.702399 0.85086562 5.994404 0.874429 0.089261
