# Layer profile at T = 0.380000
# input   = perfect_Sigma139_theta25.4611deg.dat
# seed    = 5000032
# n_samples = 1000
# Lx = 82.766954  Ly = 47.785523
# columns : x rho coord psi6 psi4
0.689725 0.84373389 5.988816 0.857037 0.095664
2.069174 0.84452275 5.988575 0.855911 0.095810
3.448623 0.84352150 5.987609 0.855378 0.095869
4.828072 0.84115492 5.988313 0.855447 0.095780
6.207522 0.84599428 5.988506 0.856134 0.095558
7.586971 0.84224719 5.988671 0.855385 0.096074
8.966420 0.84349116 5.988148 0.855805 0.096105
10.345869 0.84042673 5.988357 0.855850 0.095810
11.725318 0.84424968 5.988320 0.855199 0.096264
13.104768 0.84297537 5.988464 0.855608 0.095912
14.484217 0.84458343 5.987804 0.855379 0.096043
15.863666 0.84223202 5.988706 0.855750 0.096053
17.243115 0.84305122 5.988771 0.854632 0.096161
18.622565 0.84380974 5.988278 0.855688 0.096147
20.002014 0.84258094 5.988549 0.855757 0.095880
21.381463 0.84484133 5.989244 0.855966 0.095987
22.760912 0.84138247 5.988605 0.856281 0.095521
24.140362 0.84405247 5.989180 0.855176 0.095811
25.519811 0.84426485 5.988464 0.855374 0.096043
26.899260 0.84145832 5.987939 0.856275 0.095560
28.278709 0.84470480 5.988147 0.856612 0.095407
29.658158 0.84478065 5.989405 0.857508 0.095284
31.037608 0.84437105 5.989058 0.857557 0.095051
32.417057 0.84121560 5.989414 0.856784 0.095154
33.796506 0.84570604 5.988215 0.856477 0.095731
35.175955 0.84415866 5.989289 0.856318 0.095515
36.555405 0.84341531 5.989981 0.857256 0.095495
37.934854 0.84308156 5.990013 0.856806 0.095389
39.314303 0.84347599 5.988831 0.855066 0.096340
40.693752 0.84380974 5.987954 0.856142 0.096005
42.073202 0.84230787 5.988329 0.855496 0.096060
43.452651 0.84511440 5.988153 0.854848 0.096016
44.832100 0.84170105 5.989024 0.855857 0.095607
46.211549 0.84412832 5.989756 0.856959 0.095192
47.590998 0.84464411 5.989996 0.857298 0.095368
48.970448 0.84361253 5.989786 0.856403 0.095833
50.349897 0.84441656 5.988017 0.854579 0.095800
51.729346 0.84133696 5.988280 0.855376 0.095892
53.108795 0.84481099 5.988525 0.855856 0.095513
54.488245 0.84362770 5.989031 0.856368 0.095382
55.867694 0.84468963 5.989727 0.858401 0.095254
57.247143 0.84174656 5.989853 0.855810 0.095442
58.626592 0.84528127 5.988298 0.855628 0.095899
60.006042 0.84309673 5.988556 0.855692 0.095508
61.385491 0.84352150 5.988202 0.856940 0.095417
62.764940 0.84297537 5.989778 0.858364 0.095097
64.144389 0.84597911 5.989384 0.857326 0.095430
65.523839 0.84159486 5.989599 0.857327 0.095299
66.903288 0.84429519 5.988950 0.856135 0.095948
68.282737 0.84279332 5.988822 0.855646 0.095660
69.662186 0.84476548 5.989063 0.856404 0.095522
71.041635 0.84235338 5.989644 0.856497 0.095659
72.421085 0.84475031 5.989045 0.856726 0.095597
73.800534 0.84236855 5.989068 0.856361 0.095725
75.179983 0.84324843 5.987874 0.854492 0.096205
76.559432 0.84311190 5.988250 0.854920 0.096148
77.938882 0.84338497 5.988416 0.855583 0.095846
79.318331 0.84356701 5.989767 0.856829 0.095654
80.697780 0.84288434 5.989147 0.855896 0.095569
82.077229 0.84315741 5.988917 0.856137 0.095391
