# Density profile (accumulated) at T = 0.280000
# columns : x rho
0.677531 0.84092259
2.032592 0.84817016
3.387653 0.85368838
4.742714 0.86412739
6.097776 0.87198810
7.452837 0.87330870
8.807898 0.87554114
10.162959 0.87381178
11.518020 0.87494372
12.873082 0.87613855
14.228143 0.87415765
15.583204 0.87653159
16.938265 0.87283706
18.293327 0.87675169
19.648388 0.87505377
21.003449 0.87367029
22.358510 0.87736482
23.713571 0.87445636
25.068633 0.87489656
26.423694 0.87392183
27.778755 0.87554114
29.133816 0.87461357
30.488878 0.87415765
31.843939 0.87616999
33.199000 0.87414193
34.554061 0.87313576
35.909122 0.87005437
37.264184 0.85865634
38.619245 0.84161433
39.974306 0.82770088
41.329367 0.82823541
42.684429 0.84604777
44.039490 0.86184779
45.394551 0.87239686
46.749612 0.87398472
48.104674 0.87499089
49.459735 0.87455069
50.814796 0.87516382
52.169857 0.87486512
53.524918 0.87445636
54.879980 0.87544681
56.235041 0.87467646
57.590102 0.87447208
58.945163 0.87528960
60.300225 0.87544681
61.655286 0.87422054
63.010347 0.87557258
64.365408 0.87492800
65.720469 0.87348163
67.075531 0.87560402
68.430592 0.87488084
69.785653 0.87480223
71.140714 0.87234969
72.495776 0.87142213
73.850837 0.86518073
75.205898 0.86856083
76.560959 0.86051147
77.916020 0.86090450
79.271082 0.85098429
80.626143 0.84741553
