# Density profile (accumulated) at T = 0.420000
# columns : x rho
0.763288 0.69675458
2.289863 0.69420282
3.816439 0.69941782
5.343015 0.69575122
6.869590 0.69544154
8.396166 0.69721290
9.922741 0.69428953
11.449317 0.69887279
12.975893 0.69344720
14.502468 0.69326139
16.029044 0.69478502
17.555619 0.69323662
19.082195 0.69367017
20.608771 0.69563973
22.135346 0.69480979
23.661922 0.69370733
25.188497 0.69360823
26.715073 0.69274113
28.241649 0.69156435
29.768224 0.68985491
31.294800 0.68708018
32.821375 0.68478855
34.347951 0.68279422
35.874526 0.68332687
37.401102 0.68404532
38.927678 0.68507346
40.454253 0.68896304
41.980829 0.69173777
43.507404 0.69016459
45.033980 0.69007788
46.560556 0.68896304
48.087131 0.68350029
49.613707 0.68490004
51.140282 0.68735270
52.666858 0.68172892
54.193434 0.68589101
55.720009 0.68535837
57.246585 0.68394623
58.773160 0.68407010
60.299736 0.68319061
61.826312 0.67588217
63.352887 0.67442048
64.879463 0.68052736
66.406038 0.68564327
67.932614 0.68628740
69.459190 0.68498675
70.985765 0.68312867
72.512341 0.69010266
74.038916 0.68715451
75.565492 0.67798799
77.092068 0.67741818
78.618643 0.68058930
80.145219 0.68306674
81.671794 0.68394623
83.198370 0.68992924
84.724946 0.69280307
86.251521 0.69188641
87.778097 0.69476024
89.304672 0.69680413
90.831248 0.69711381
