# Density profile (accumulated) at T = 0.300000
# columns : x rho
0.679322 0.86178072
2.037966 0.86661305
3.396611 0.86909959
4.755255 0.86972513
6.113899 0.87010046
7.472543 0.87052270
8.831187 0.87304052
10.189832 0.87006918
11.548476 0.87092931
12.907120 0.87072600
14.265764 0.87135155
15.624408 0.87003791
16.983053 0.87160177
18.341697 0.87060090
19.700341 0.86963130
21.058985 0.87346276
22.417630 0.87027248
23.776274 0.87175815
25.134918 0.87097622
26.493562 0.87135155
27.852206 0.87171124
29.210851 0.86967822
30.569495 0.87128899
31.928139 0.87230550
33.286783 0.87155485
34.645428 0.86981897
36.004072 0.87078856
37.362716 0.87146102
38.721360 0.86744190
40.080004 0.86931853
41.438649 0.86353225
42.797293 0.85937238
44.155937 0.84695533
45.514581 0.83349050
46.873225 0.82853306
48.231870 0.83506999
49.590514 0.84246705
50.949158 0.86062347
52.307802 0.86495536
53.666447 0.86941236
55.025091 0.87020993
56.383735 0.87039759
57.742379 0.87119516
59.101023 0.87105441
60.459668 0.87163304
61.818312 0.86881809
63.176956 0.87097622
64.535600 0.86634720
65.894244 0.86936545
67.252889 0.86753573
68.611533 0.86409524
69.970177 0.85701095
71.328821 0.85289800
72.687466 0.84224811
74.046110 0.83805697
75.404754 0.83827591
76.763398 0.84812823
78.122042 0.85439931
79.480687 0.85913780
80.839331 0.86110826
