# Density profile (accumulated) at T = 0.300000
# columns : x rho
0.678762 0.87083294
2.036285 0.87119322
3.393808 0.87064497
4.751332 0.87092693
6.108855 0.87094259
7.466379 0.87067629
8.823902 0.87072329
10.181425 0.87163182
11.538949 0.86975209
12.896472 0.87319827
14.253996 0.87023769
15.611519 0.86984608
16.969042 0.87055098
18.326566 0.87131854
19.684089 0.87120889
21.041612 0.87050399
22.399136 0.87222707
23.756659 0.87058231
25.114183 0.86990874
26.471706 0.87194511
27.829229 0.87087993
29.186753 0.87083294
30.544276 0.87069196
31.901800 0.87078595
33.259323 0.87160050
34.616846 0.87014370
35.974370 0.87083294
37.331893 0.87078595
38.689417 0.87218008
40.046940 0.87003405
41.404463 0.87019070
42.761987 0.87268134
44.119510 0.87081727
45.477033 0.86981475
46.834557 0.87207043
48.192080 0.86953279
49.549604 0.87128721
50.907127 0.87180413
52.264650 0.87042566
53.622174 0.87097392
54.979697 0.87092693
56.337221 0.87199211
57.694744 0.87025335
59.052267 0.87197644
60.409791 0.87053531
61.767314 0.87202344
63.124837 0.86973643
64.482361 0.87045699
65.839884 0.87108357
67.197408 0.87207043
68.554931 0.86995573
69.912454 0.87094259
71.269978 0.86992440
72.627501 0.87172581
73.985025 0.87001839
75.342548 0.87078595
76.700071 0.87125588
78.057595 0.87119322
79.415118 0.87103658
80.772642 0.87144385
