# Density profile (accumulated) at T = 0.360000
# columns : x rho
0.690321 0.82396648
2.070964 0.81874173
3.451607 0.80362780
4.832249 0.80285545
6.212892 0.80440016
7.593535 0.81677298
8.974177 0.81930207
10.354820 0.82705590
11.735463 0.83503691
13.116105 0.83956503
14.496748 0.84017080
15.877391 0.84263930
17.258034 0.84462319
18.638676 0.84698569
20.019319 0.84710685
21.399962 0.84727343
22.780604 0.84701598
24.161247 0.84597103
25.541890 0.84733401
26.922532 0.84562271
28.303175 0.84710685
29.683818 0.84176094
31.064460 0.84568329
32.445103 0.84498666
33.825746 0.83973161
35.206388 0.83770229
36.587031 0.83255325
37.967674 0.82127081
39.348316 0.81724245
40.728959 0.80888285
42.109602 0.81416818
43.490245 0.81630351
44.870887 0.81915062
46.251530 0.82114966
47.632173 0.82492057
49.012815 0.83087225
50.393458 0.83530950
51.774101 0.83912584
53.154743 0.84518353
54.535386 0.84472920
55.916029 0.84800035
57.296671 0.84480493
58.677314 0.84627391
60.057957 0.84686454
61.438599 0.84680396
62.819242 0.84939362
64.199885 0.84538041
65.580527 0.84757632
66.961170 0.84668281
68.341813 0.84753088
69.722456 0.84659194
71.103098 0.84597103
72.483741 0.84747031
73.864384 0.84690997
75.245026 0.84650108
76.625669 0.84303305
78.006312 0.84683425
79.386954 0.84439603
80.767597 0.84145805
82.148240 0.83555181
