# Density profile (accumulated) at T = 0.280000
# columns : x rho
0.676776 0.87607600
2.030329 0.87628084
3.383881 0.87601298
4.737434 0.87648567
6.090986 0.87511486
7.444539 0.87527242
8.798091 0.87695836
10.151644 0.87577663
11.505196 0.87503607
12.858749 0.87621781
14.212301 0.87669050
15.565853 0.87596571
16.919406 0.87525666
18.272958 0.87505183
19.626511 0.87791951
20.980063 0.87620205
22.333616 0.87561906
23.687168 0.87624932
25.040721 0.87398039
26.394273 0.87773043
27.747826 0.87431128
29.101378 0.87752560
30.454931 0.87558755
31.808483 0.87558755
33.162036 0.87675353
34.515588 0.87606024
35.869141 0.87563482
37.222693 0.87629659
38.576246 0.87667475
39.929798 0.87547725
41.283351 0.87580814
42.636903 0.87527242
43.990456 0.87606024
45.344008 0.87681656
46.697560 0.87528818
48.051113 0.87705290
49.404665 0.87506759
50.758218 0.87583965
52.111770 0.87650143
53.465323 0.87695836
54.818875 0.87574512
56.172428 0.87585541
57.525980 0.87651718
58.879533 0.87598146
60.233085 0.87500456
61.586638 0.87604449
62.940190 0.87724198
64.293743 0.87549301
65.647295 0.87659596
67.000848 0.87719471
68.354400 0.87596571
69.707953 0.87640689
71.061505 0.87580814
72.415058 0.87576087
73.768610 0.87667475
75.122162 0.87646991
76.475715 0.87632810
77.829267 0.87661172
79.182820 0.87568209
80.536372 0.87576087
