# Density profile (accumulated) at T = 0.440000
# columns : x rho
0.894090 0.51487087
2.682269 0.50248458
4.470448 0.49755534
6.258627 0.49696852
8.046806 0.49100107
9.834985 0.48235233
11.623164 0.47318900
13.411343 0.47624947
15.199523 0.47924673
16.987702 0.48354402
18.775881 0.47394735
20.564060 0.45630681
22.352239 0.44002948
24.140418 0.43684263
25.928597 0.43412523
27.716776 0.43275298
29.504955 0.42888001
31.293135 0.43940655
33.081314 0.44366773
34.869493 0.43559678
36.657672 0.43819681
38.445851 0.45076367
40.234030 0.46283399
42.022209 0.48321901
43.810388 0.50343251
45.598568 0.51332710
47.386747 0.51568339
49.174926 0.51678479
50.963105 0.51935775
52.751284 0.52082930
54.539463 0.51989039
56.327642 0.51891538
58.115821 0.52151542
59.904000 0.51981817
61.692180 0.51339932
63.480359 0.51461809
65.268538 0.51223472
67.056717 0.49896369
68.844896 0.48877118
70.633075 0.47982452
72.421254 0.47810922
74.209433 0.47959882
75.997613 0.48347180
77.785792 0.49061287
79.573971 0.50398321
81.362150 0.51351669
83.150329 0.52314044
84.938508 0.53557188
86.726687 0.54879777
88.514866 0.55273394
90.303046 0.55815069
92.091225 0.55769929
93.879404 0.55655275
95.667583 0.55485550
97.455762 0.55391660
99.243941 0.55415132
101.032120 0.54817484
102.820299 0.53769344
104.608478 0.53146418
106.396658 0.52490991
