# Density profile (accumulated) at T = 0.360000
# columns : x rho
0.686575 0.85130960
2.059724 0.85173828
3.432874 0.85109527
4.806023 0.85126367
6.179173 0.84982454
7.552323 0.85201386
8.925472 0.84997764
10.298622 0.85305494
11.671771 0.85103403
13.044921 0.85227413
14.418070 0.85040632
15.791220 0.85160049
17.164370 0.85083500
18.537519 0.85091155
19.910669 0.85127898
21.283818 0.85089624
22.656968 0.85140146
24.030117 0.85043694
25.403267 0.85169235
26.776417 0.85083500
28.149566 0.85196793
29.522716 0.85085031
30.895865 0.85169235
32.269015 0.85097279
33.642164 0.85051349
35.015314 0.85219758
36.388464 0.85212103
37.761613 0.84985516
39.134763 0.85051349
40.507912 0.85153925
41.881062 0.85017667
43.254211 0.85239661
44.627361 0.85109527
46.000511 0.84904373
47.373660 0.85212103
48.746810 0.85098810
50.119959 0.85071252
51.493109 0.85095748
52.866258 0.85115650
54.239408 0.85124836
55.612557 0.85155456
56.985707 0.85045225
58.358857 0.85129429
59.732006 0.85196793
61.105156 0.85026853
62.478305 0.85236599
63.851455 0.85129429
65.224604 0.85013074
66.597754 0.85187607
67.970904 0.85048287
69.344053 0.85198324
70.717203 0.85241192
72.090352 0.85176890
73.463502 0.85150863
74.836651 0.85152394
76.209801 0.85356017
77.582951 0.84948772
78.956100 0.85221289
80.329250 0.85097279
81.702399 0.85086562
