# Density profile (accumulated) at T = 0.380000
# columns : x rho
0.689812 0.83522304
2.069437 0.83549604
3.449062 0.83931802
4.828687 0.83869619
6.208312 0.84004601
7.587936 0.83987918
8.967561 0.84154750
10.347186 0.84163850
11.726811 0.84500548
13.106436 0.84486898
14.486060 0.84562731
15.865685 0.84577898
17.245310 0.84681030
18.624935 0.84491448
20.004560 0.84530881
21.384184 0.84418649
22.763809 0.84253333
24.143434 0.84274566
25.523059 0.84330683
26.902684 0.84348882
28.282308 0.84370116
29.661933 0.84644631
31.041558 0.84183567
32.421183 0.84315516
33.800808 0.84153234
35.180432 0.84182050
36.560057 0.83840802
37.939682 0.83877202
39.319307 0.83149207
40.698932 0.82589560
42.078556 0.82261962
43.458181 0.82271062
44.837806 0.82393911
46.217431 0.82566810
47.597056 0.82964175
48.976680 0.82901992
50.356305 0.83508654
51.735930 0.83426755
53.115555 0.83423722
54.495180 0.83693687
55.874804 0.83451021
57.254429 0.83757386
58.634054 0.83595104
60.013679 0.83649704
61.393304 0.83438888
62.772928 0.83681553
64.152553 0.83294806
65.532178 0.83443438
66.911803 0.83690653
68.291428 0.83995501
69.671052 0.83670937
71.050677 0.84013701
72.430302 0.83737670
73.809927 0.83986401
75.189552 0.83769519
76.569176 0.83702787
77.948801 0.83734636
79.328426 0.83702787
80.708051 0.83520788
82.087676 0.83003608
