# Density profile (accumulated) at T = 0.400000
# columns : x rho
0.733527 0.74173742
2.200581 0.74116068
3.667635 0.74407124
5.134689 0.74346767
6.601743 0.74408465
8.068797 0.74554664
9.535851 0.74690133
11.002905 0.74205933
12.469959 0.74848403
13.937013 0.74733053
15.404066 0.74726347
16.871120 0.74852427
18.338174 0.75052276
19.805228 0.74999967
21.272282 0.74773291
22.739336 0.74892665
24.206390 0.74199227
25.673444 0.74514426
27.140498 0.74297140
28.607552 0.74277020
30.074606 0.74989236
31.541660 0.74715617
33.008714 0.74877911
34.475768 0.74703545
35.942822 0.74209957
37.409876 0.74494307
38.876930 0.74238124
40.343984 0.74499672
41.811038 0.74415172
43.278092 0.73932313
44.745145 0.73543344
46.212199 0.72835152
47.679253 0.73359590
49.146307 0.73645281
50.613361 0.73389098
52.080415 0.73441407
53.547469 0.73355566
55.014523 0.73635892
56.481577 0.73422629
57.948631 0.73446772
59.415685 0.74251536
60.882739 0.74050345
62.349793 0.73787456
63.816847 0.74044980
65.283901 0.73818305
66.750955 0.74000718
68.218009 0.73717710
69.685063 0.74160330
71.152117 0.73592971
72.619171 0.73677471
74.086224 0.73175835
75.553278 0.73461526
77.020332 0.73794162
78.487386 0.73681495
79.954440 0.73556757
81.421494 0.73517860
82.888548 0.73378367
84.355602 0.73739170
85.822656 0.73720392
87.289710 0.73631868
