# Density profile (accumulated) at T = 0.380000
# columns : x rho
0.689725 0.84373389
2.069174 0.84452275
3.448623 0.84352150
4.828072 0.84115492
6.207522 0.84599428
7.586971 0.84224719
8.966420 0.84349116
10.345869 0.84042673
11.725318 0.84424968
13.104768 0.84297537
14.484217 0.84458343
15.863666 0.84223202
17.243115 0.84305122
18.622565 0.84380974
20.002014 0.84258094
21.381463 0.84484133
22.760912 0.84138247
24.140362 0.84405247
25.519811 0.84426485
26.899260 0.84145832
28.278709 0.84470480
29.658158 0.84478065
31.037608 0.84437105
32.417057 0.84121560
33.796506 0.84570604
35.175955 0.84415866
36.555405 0.84341531
37.934854 0.84308156
39.314303 0.84347599
40.693752 0.84380974
42.073202 0.84230787
43.452651 0.84511440
44.832100 0.84170105
46.211549 0.84412832
47.590998 0.84464411
48.970448 0.84361253
50.349897 0.84441656
51.729346 0.84133696
53.108795 0.84481099
54.488245 0.84362770
55.867694 0.84468963
57.247143 0.84174656
58.626592 0.84528127
60.006042 0.84309673
61.385491 0.84352150
62.764940 0.84297537
64.144389 0.84597911
65.523839 0.84159486
66.903288 0.84429519
68.282737 0.84279332
69.662186 0.84476548
71.041635 0.84235338
72.421085 0.84475031
73.800534 0.84236855
75.179983 0.84324843
76.559432 0.84311190
77.938882 0.84338497
79.318331 0.84356701
80.697780 0.84288434
82.077229 0.84315741
