# Density profile (accumulated) at T = 0.340000
# columns : x rho
0.683345 0.86056662
2.050034 0.85810927
3.416724 0.85988660
4.783413 0.85909839
6.150103 0.85934568
7.516792 0.85895930
8.883482 0.85993297
10.250171 0.86027298
11.616861 0.85968569
12.983550 0.85971660
14.350240 0.85945386
15.716929 0.86048935
17.083619 0.85956205
18.450308 0.85906748
19.816998 0.85985569
21.183687 0.86082936
22.550376 0.85945386
23.917066 0.85780017
25.283755 0.86007206
26.650445 0.85993297
28.017134 0.85838746
29.383824 0.85929931
30.750513 0.86039662
32.117203 0.85846474
33.483892 0.86113846
34.850582 0.85848019
36.217271 0.86055117
37.583961 0.85919112
38.950650 0.85798563
40.317340 0.85977842
41.684029 0.85892839
43.050719 0.85940750
44.417408 0.85821746
45.784098 0.86016479
47.150787 0.85780017
48.517477 0.85980933
49.884166 0.85936113
51.250856 0.85937659
52.617545 0.85984024
53.984235 0.85801654
55.350924 0.85897475
56.717614 0.86001024
58.084303 0.85888202
59.450993 0.85954659
60.817682 0.85863474
62.184372 0.85962387
63.551061 0.85937659
64.917750 0.85959296
66.284440 0.85957750
67.651129 0.85792381
69.017819 0.86160211
70.384508 0.85817109
71.751198 0.85871202
73.117887 0.85776926
74.484577 0.85936113
75.851266 0.85917567
77.217956 0.85943841
78.584645 0.85877384
79.951335 0.85865020
81.318024 0.85747562
