# Density profile (accumulated) at T = 0.320000
# columns : x rho
0.682744 0.81633075
2.048233 0.82284876
3.413722 0.83732463
4.779211 0.84901371
6.144700 0.85478857
7.510188 0.85951065
8.875677 0.85766826
10.241166 0.86040862
11.606655 0.86034669
12.972144 0.86336572
14.337632 0.86234389
15.703121 0.86169364
17.068610 0.86364440
18.434099 0.86204973
19.799588 0.86133755
21.165076 0.86328831
22.530565 0.86287029
23.896054 0.86296318
25.261543 0.86169364
26.627032 0.86068730
27.992520 0.85955709
29.358009 0.86153882
30.723498 0.86163171
32.088987 0.85966547
33.454476 0.85862816
34.819964 0.84503478
36.185453 0.83525002
37.550942 0.82030968
38.916431 0.82221399
40.281920 0.82969190
41.647408 0.83823808
43.012897 0.84797640
44.378386 0.85336421
45.743875 0.85587233
47.109363 0.86361344
48.474852 0.86122917
49.840341 0.86263806
51.205830 0.86307156
52.571319 0.86167816
53.936807 0.86407790
55.302296 0.86296318
56.667785 0.86198780
58.033274 0.86477460
59.398763 0.86251420
60.764251 0.86231293
62.129740 0.86325734
63.495229 0.86277740
64.860718 0.86316445
66.226207 0.86451140
67.591695 0.86226648
68.957184 0.86328831
70.322673 0.86256064
71.688162 0.86293222
73.053651 0.86364440
74.419139 0.86231293
75.784628 0.86235938
77.150117 0.85848882
78.515606 0.85073223
79.881095 0.83636474
81.246583 0.82538785
