# Density profile (accumulated) at T = 0.340000
# columns : x rho
0.685229 0.83303215
2.055686 0.83845782
3.426143 0.84231573
4.796600 0.84966267
6.167057 0.85558018
7.537514 0.85558018
8.907971 0.85708646
10.278428 0.85751682
11.648885 0.85667146
13.019342 0.85811626
14.389799 0.85608739
15.760256 0.85605665
17.130713 0.85799330
18.501171 0.85574925
19.871628 0.85633332
21.242085 0.85637943
22.612542 0.85727090
23.982999 0.85670220
25.353456 0.85707109
26.723913 0.85911532
28.094370 0.85630258
29.464827 0.85899236
30.835284 0.85839292
32.205741 0.85542648
33.576198 0.85908458
34.946655 0.85654850
36.317113 0.85776274
37.687570 0.85808552
39.058027 0.85591832
40.428484 0.85390483
41.798941 0.85295188
43.169398 0.84691141
44.539855 0.84039446
45.910312 0.83060366
47.280769 0.82182730
48.651226 0.82259581
50.021683 0.82201174
51.392140 0.82127397
52.762597 0.83645970
54.133055 0.84102463
55.503512 0.85213726
56.873969 0.85614888
58.244426 0.85648702
59.614883 0.85674831
60.985340 0.85677905
62.355797 0.85825459
63.726254 0.85304410
65.096711 0.85388946
66.467168 0.85161468
67.837625 0.85136875
69.208082 0.85123042
70.578539 0.84824861
71.948997 0.84509773
73.319454 0.84059427
74.689911 0.83756635
76.060368 0.83990261
77.430825 0.83890355
78.801282 0.83870374
80.171739 0.83489194
81.542196 0.83586026
