# Density profile (accumulated) at T = 0.420000
# columns : x rho
0.758866 0.69978561
2.276597 0.69499840
3.794328 0.69482295
5.312060 0.69997359
6.829791 0.69949738
8.347522 0.70454777
9.865253 0.69671528
11.382985 0.68918356
12.900716 0.68051143
14.418447 0.68598791
15.936179 0.68999814
17.453910 0.69365748
18.971641 0.68878254
20.489372 0.67774187
22.007104 0.67523547
23.524835 0.66642549
25.042566 0.67046079
26.560298 0.67519787
28.078029 0.68672729
29.595760 0.69899610
31.113491 0.70007385
32.631223 0.70486107
34.148954 0.70316925
35.666685 0.69478536
37.184417 0.69113855
38.702148 0.68933395
40.219879 0.68914597
41.737611 0.69760505
43.255342 0.69499840
44.773073 0.69952244
46.290804 0.69410863
47.808536 0.69087538
49.326267 0.69018612
50.843998 0.69454725
52.361730 0.69202832
53.879461 0.69893344
55.397192 0.69467257
56.914923 0.69771784
58.432655 0.69810633
59.950386 0.69811886
61.468117 0.69874546
62.985849 0.70140224
64.503580 0.70102628
66.021311 0.70031196
67.539042 0.69687820
69.056774 0.69310607
70.574505 0.69279277
72.092236 0.69158970
73.609968 0.69150198
75.127699 0.68905824
76.645430 0.68627614
78.163161 0.67960913
79.680893 0.68108790
81.198624 0.68118816
82.716355 0.68491016
84.234087 0.69591323
85.751818 0.69636438
87.269549 0.69267998
88.787281 0.69585057
90.305012 0.69750479
