# Density profile (accumulated) at T = 0.440000
# columns : x rho
0.951851 0.48287467
2.855553 0.49025070
4.759256 0.48813985
6.662958 0.48054079
8.566660 0.47624740
10.470362 0.46617905
12.374065 0.45723383
14.277767 0.45873930
16.181469 0.45857203
18.085171 0.46265831
19.988874 0.46691984
21.892576 0.45703469
23.796278 0.44672738
25.699980 0.43501017
27.603683 0.41357510
29.507385 0.39809819
31.411087 0.39416325
33.314789 0.39832122
35.218492 0.40484494
37.122194 0.41163949
39.025896 0.41643470
40.929598 0.41684094
42.833301 0.41030925
44.737003 0.41168728
46.640705 0.41711973
48.544407 0.41239621
50.448110 0.40818247
52.351812 0.39918946
54.255514 0.39635375
56.159216 0.39879915
58.062919 0.41034112
59.966621 0.42059267
61.870323 0.43149740
63.774025 0.43749540
65.677728 0.44761154
67.581430 0.45810207
69.485132 0.46547809
71.388834 0.46942896
73.292537 0.47508444
75.196239 0.47390556
77.099941 0.46886341
79.003643 0.45192086
80.907346 0.43401449
82.811048 0.42148481
84.714750 0.40901088
86.618452 0.41246790
88.522155 0.41140052
90.425857 0.41163152
92.329559 0.42072012
94.233261 0.43471545
96.136964 0.44972239
98.040666 0.46084219
99.944368 0.47771305
101.848070 0.48701672
103.751773 0.48943822
105.655475 0.48542362
107.559177 0.48414915
109.462879 0.48161613
111.366582 0.47745815
113.270284 0.47857332
