# Density profile (accumulated) at T = 0.320000
# columns : x rho
0.680670 0.86751510
2.042009 0.86471129
3.403349 0.86600416
4.764689 0.86595743
6.126028 0.86469571
7.487368 0.86573935
8.848707 0.86731260
10.210047 0.86460225
11.571386 0.86645588
12.932726 0.86598858
14.294066 0.86689203
15.655405 0.86527205
17.016745 0.86463340
18.378084 0.86715684
19.739424 0.86570820
21.100764 0.86580166
22.462103 0.86706338
23.823443 0.86654934
25.184782 0.86542782
26.546122 0.86748395
27.907461 0.86612877
29.268801 0.86522532
30.630141 0.86583281
31.991480 0.86648704
33.352820 0.86587954
34.714159 0.86673626
36.075499 0.86670511
37.436839 0.86471129
38.798178 0.86672069
40.159518 0.86598858
41.520857 0.86416610
42.882197 0.86802913
44.243537 0.86609762
45.604876 0.86539666
46.966216 0.86743722
48.327555 0.86634685
49.688895 0.86662723
51.050234 0.86563032
52.411574 0.86530320
53.772914 0.86545897
55.134253 0.86712568
56.495593 0.86577051
57.856932 0.86605089
59.218272 0.86642473
60.579612 0.86575493
61.940951 0.86740606
63.302291 0.86527205
64.663630 0.86586397
66.024970 0.86578608
67.386309 0.86668953
68.747649 0.86556801
70.108989 0.86491379
71.470328 0.86647146
72.831668 0.86678299
74.193007 0.86466456
75.554347 0.86810702
76.915687 0.86662723
78.277026 0.86396361
79.638366 0.86759298
80.999705 0.86527205
