# Density profile (accumulated) at T = 0.400000
# columns : x rho
0.692926 0.83711384
2.078777 0.83364177
3.464628 0.83555066
4.850480 0.83550557
6.236331 0.83564084
7.622182 0.83625710
9.008033 0.83467888
10.393885 0.83598655
11.779736 0.83624207
13.165587 0.83645249
14.551439 0.83442336
15.937290 0.83702366
17.323141 0.83496447
18.708993 0.83485925
20.094844 0.83672304
21.480695 0.83550557
22.866546 0.83708378
24.252398 0.83512980
25.638249 0.83579115
27.024100 0.83634728
28.409952 0.83547551
29.795803 0.83532520
31.181654 0.83812089
32.567505 0.83532520
33.953357 0.83449852
35.339208 0.83580618
36.725059 0.83661783
38.110911 0.83517489
39.496762 0.83717396
40.882613 0.83550557
42.268465 0.83517489
43.654316 0.83687335
45.040167 0.83437827
46.426018 0.83804574
47.811870 0.83600158
49.197721 0.83445343
50.583572 0.83705372
51.969424 0.83455864
53.355275 0.83616691
54.741126 0.83535526
56.126978 0.83751967
57.512829 0.83588133
58.898680 0.83615188
60.284531 0.83509974
61.670383 0.83622703
63.056234 0.83449852
64.442085 0.83573103
65.827937 0.83723408
67.213788 0.83574606
68.599639 0.83358165
69.985491 0.83628716
71.371342 0.83424300
72.757193 0.83538532
74.143044 0.83461876
75.528896 0.83535526
76.914747 0.83437827
78.300598 0.83619697
79.686450 0.83544544
81.072301 0.83407766
82.458152 0.83639237
